1.337470678243847289e+01 0.000000000000000000e+00 7.500000000000000000e+01
1.372888522523211030e+01 2.847982042704056901e-02 7.500000000000000000e+01
1.408185891271761214e+01 5.111681966147611778e-02 7.500000000000000000e+01
1.443360881072344348e+01 7.387855004581427021e-02 7.500000000000000000e+01
1.478411562288486181e+01 9.676687473734477130e-02 7.500000000000000000e+01
1.513335978707629437e+01 1.197836609786787909e-01 7.500000000000000000e+01
1.548132147187441277e+01 1.429307797514149381e-01 7.500000000000000000e+01
1.582798057305534023e+01 1.662101054008316425e-01 7.500000000000000000e+01
1.617331671013073091e+01 1.896235152306172955e-01 7.500000000000000000e+01
1.651730922292819415e+01 2.131728890667393406e-01 7.500000000000000000e+01
1.685993716822017774e+01 2.368601087893449919e-01 7.500000000000000000e+01
1.720117931640766429e+01 2.606870578317674325e-01 7.500000000000000000e+01
1.754101414826399363e+01 2.846556206455560512e-01 7.500000000000000000e+01
1.787941985174427018e+01 3.087676821304503050e-01 7.500000000000000000e+01
1.821637431886760794e+01 3.330251270282966747e-01 7.500000000000000000e+01
1.855185514267806823e+01 3.574298392797722879e-01 7.500000000000000000e+01
1.888583961429110758e+01 3.819837013428239447e-01 7.500000000000000000e+01
1.921830472003345491e+01 4.066885934717582307e-01 7.500000000000000000e+01
1.954922713868289108e+01 4.315463929558194800e-01 7.500000000000000000e+01
1.987858323881674139e+01 4.565589733161823927e-01 7.500000000000000000e+01
2.020634907627679411e+01 4.817282034602342611e-01 7.500000000000000000e+01
2.053250039175899389e+01 5.070559467919917296e-01 7.500000000000000000e+01
2.085701260853745254e+01 5.325440602776186916e-01 7.500000000000000000e+01
2.117986083033118305e+01 5.581943934648446737e-01 7.500000000000000000e+01
2.150101983932391292e+01 5.840087874552785108e-01 7.500000000000000000e+01
2.182046409434660106e+01 6.099890738284988734e-01 7.500000000000000000e+01
2.213816772923268061e+01 6.361370735168364599e-01 7.500000000000000000e+01
2.245410455135752414e+01 6.624545956298976135e-01 7.500000000000000000e+01
2.276824804037244476e+01 6.889434362277288004e-01 7.500000000000000000e+01
2.308057134714495362e+01 7.156053770417224458e-01 7.500000000000000000e+01
2.339104729291744889e+01 7.424421841423257673e-01 7.500000000000000000e+01
2.369964836869568359e+01 7.694556065526148014e-01 7.500000000000000000e+01
2.400634673488050908e+01 7.966473748069893279e-01 7.500000000000000000e+01
2.431111422115519360e+01 8.240191994541536946e-01 7.500000000000000000e+01
2.461392232664155699e+01 8.515727695036887646e-01 7.500000000000000000e+01
2.491474222033913222e+01 8.793097508156257902e-01 7.500000000000000000e+01
2.521354474186033912e+01 9.072317844323957159e-01 7.500000000000000000e+01
2.551030040247696817e+01 9.353404848527731019e-01 7.500000000000000000e+01
2.580497938649176248e+01 9.636374382474067746e-01 7.500000000000000000e+01
2.609755155295023243e+01 9.921242006156634208e-01 7.500000000000000000e+01
2.638798643770803309e+01 1.020802295883704192e+00 7.500000000000000000e+01
2.667625325586886831e+01 1.049673213943704608e+00 7.500000000000000000e+01
2.696232090460891229e+01 1.078738408634400070e+00 7.500000000000000000e+01
2.724615796640349785e+01 1.107999295663174344e+00 7.500000000000000000e+01
2.752773271267173527e+01 1.137457250470116588e+00 7.500000000000000000e+01
2.780701310785572389e+01 1.167113606034666962e+00 7.500000000000000000e+01
2.808396681395003824e+01 1.196969650625545389e+00 7.500000000000000000e+01
2.835856119549821486e+01 1.227026625494962220e+00 7.500000000000000000e+01
2.863076332507247201e+01 1.257285722518245219e+00 7.500000000000000000e+01
2.890053998925253609e+01 1.287748081780192289e+00 7.500000000000000000e+01
2.916785769512046400e+01 1.318414789109791929e+00 7.500000000000000000e+01
2.943268267728716125e+01 1.349286873565066491e+00 7.500000000000000000e+01
2.969498090546640867e+01 1.380365304870071252e+00 7.500000000000000000e+01
2.995471809261259821e+01 1.411650990806429196e+00 7.500000000000000000e+01
3.021185970363670137e+01 1.443144774561828436e+00 7.500000000000000000e+01
3.046637096471645023e+01 1.474847432038455475e+00 7.500000000000000000e+01
3.071821687321463301e+01 1.506759669124405399e+00 7.500000000000000000e+01
3.096736220821953012e+01 1.538882118931450327e+00 7.500000000000000000e+01
3.121377154172142809e+01 1.571215339002976386e+00 7.500000000000000000e+01
3.145740925043742919e+01 1.603759808495993866e+00 7.500000000000000000e+01
3.169823952829678859e+01 1.636515925341636590e+00 7.500000000000000000e+01
3.193622639959815146e+01 1.669484003388771454e+00 7.500000000000000000e+01
3.217133373284823961e+01 1.702664269535676178e+00 7.500000000000000000e+01
3.240352525529199568e+01 1.736056860855168749e+00 7.500000000000000000e+01
3.263276456814146798e+01 1.769661821718713002e+00 7.500000000000000000e+01
3.285901516251064436e+01 1.803479100925619916e+00 7.500000000000000000e+01
3.308224043606157494e+01 1.837508548843539202e+00 7.500000000000000000e+01
3.330240371036588698e+01 1.871749914566905204e+00 7.500000000000000000e+01
3.351946824898379163e+01 1.906202843100354150e+00 7.500000000000000000e+01
3.373339727626223095e+01 1.940866872574340762e+00 7.500000000000000000e+01
3.394415399685023971e+01 1.975741431500545930e+00 7.500000000000000000e+01
3.415170161592972420e+01 2.010825836075031070e+00 7.500000000000000000e+01
3.435600336015615852e+01 2.046119287537241593e+00 7.500000000000000000e+01
3.455702249930309478e+01 2.081620869593382217e+00 7.500000000000000000e+01
3.475472236860130693e+01 2.117329545912851163e+00 7.500000000000000000e+01
3.494906639176127783e+01 2.153244157706639239e+00 7.500000000000000000e+01
3.514001810466616860e+01 2.189363421396929077e+00 7.500000000000000000e+01
3.532754117971867203e+01 2.225685926387157121e+00 7.500000000000000000e+01
3.551159945082424230e+01 2.262210132942064522e+00 7.500000000000000000e+01
3.569215693898929942e+01 2.298934370187391885e+00 7.500000000000000000e+01
3.586917787851097472e+01 2.335856834238847046e+00 7.500000000000000000e+01
3.604262674373288178e+01 2.372975586470217557e+00 7.500000000000000000e+01
3.621246827633714815e+01 2.410288551930295675e+00 7.500000000000000000e+01
3.637866751314214753e+01 2.447793517918467110e+00 7.500000000000000000e+01
3.654118981437112268e+01 2.485488132728592703e+00 7.500000000000000000e+01
3.670000089235458063e+01 2.523369904570742950e+00 7.500000000000000000e+01
3.685506684062724503e+01 2.561436200680202724e+00 7.500000000000000000e+01
3.700635416337656380e+01 2.599684246622943284e+00 7.500000000000000000e+01
3.715382980519772360e+01 2.638111125806376300e+00 7.500000000000000000e+01
3.729746118110784181e+01 2.676713779204124677e+00 7.500000000000000000e+01
3.743721620676806339e+01 2.715489005302849979e+00 7.500000000000000000e+01
3.757306332886163602e+01 2.754433460279052781e+00 7.500000000000000000e+01
3.770497155557229974e+01 2.793543658413060626e+00 7.500000000000000000e+01
3.783291048710545112e+01 2.832815972746891564e+00 7.500000000000000000e+01
3.795685034619294385e+01 2.872246635992303787e+00 7.500000000000000000e+01
3.807676200851929593e+01 2.911831741694290709e+00 7.500000000000000000e+01
3.819261703300669097e+01 2.951567245655001059e+00 7.500000000000000000e+01
3.830438769189324688e+01 2.991448967622005295e+00 7.500000000000000000e+01
3.841204700053863519e+01 3.031472593244119107e+00 7.500000000000000000e+01
3.851556874688907328e+01 3.071633676297234494e+00 7.500000000000000000e+01
3.861492752053361954e+01 3.111927641181511994e+00 7.500000000000000000e+01
3.871009874128256456e+01 3.152349785690595763e+00 7.500000000000000000e+01
3.880105868719790152e+01 3.192895284052358562e+00 7.500000000000000000e+01
3.888778452200664049e+01 3.233559190239746250e+00 7.500000000000000000e+01
3.897025432182709892e+01 3.274336441549343668e+00 7.500000000000000000e+01
3.904844710113891182e+01 3.315221862444138523e+00 7.500000000000000000e+01
3.912234283792840728e+01 3.356210168655924697e+00 7.500000000000000000e+01
3.919192249794166827e+01 3.397295971541862691e+00 7.500000000000000000e+01
3.925716805797955544e+01 3.438473782688406200e+00 7.500000000000000000e+01
3.931806252816974734e+01 3.479738018755007545e+00 7.500000000000000000e+01
3.937458997315344078e+01 3.521083006548826777e+00 7.500000000000000000e+01
3.942673553212667059e+01 3.562502988320630504e+00 7.500000000000000000e+01
3.947448543767811913e+01 3.603992127271232526e+00 7.500000000000000000e+01
3.951782703336874647e+01 3.645544513256659958e+00 7.500000000000000000e+01
3.955674879000153510e+01 3.687154168679473543e+00 7.500000000000000000e+01
3.959124032053293263e+01 3.728815054552777397e+00 7.500000000000000000e+01
3.962129239358118582e+01 3.770521076722467502e+00 7.500000000000000000e+01
3.964689694549103649e+01 3.812266092232839299e+00 7.500000000000000000e+01
3.966804709091771741e+01 3.854043915819603150e+00 7.500000000000000000e+01
3.968473713189808194e+01 3.895848326514074866e+00 7.500000000000000000e+01
3.969696256538097145e+01 3.937673074341541124e+00 7.500000000000000000e+01
3.970472008919345797e+01 3.979511887096395917e+00 7.500000000000000000e+01
3.970800760642443805e+01 4.021358477176347535e+00 7.500000000000000000e+01
3.970800760642443805e+01 4.021358477176347535e+00 7.500000000000000000e+01
3.970682422821198543e+01 4.063206548457594103e+00 7.500000000000000000e+01
3.970117027492586459e+01 4.105049803192680535e+00 7.500000000000000000e+01
3.969104727574134017e+01 4.146881948912713334e+00 7.500000000000000000e+01
3.967645796660591628e+01 4.188696705315479107e+00 7.500000000000000000e+01
3.965740628660478251e+01 4.230487811121184549e+00 7.500000000000000000e+01
3.963389737273695346e+01 4.272249030877615539e+00 7.500000000000000000e+01
3.960593755311790432e+01 4.313974161696815912e+00 7.500000000000000000e+01
3.957353433862982683e+01 4.355657039905696415e+00 7.500000000000000000e+01
3.953669641304522742e+01 4.397291547593428440e+00 7.500000000000000000e+01
3.949543362165430693e+01 4.438871619038992300e+00 7.500000000000000000e+01
3.944975695843069730e+01 4.480391247002766697e+00 7.500000000000000000e+01
3.939967855177456357e+01 4.521844488866816114e+00 7.500000000000000000e+01
3.934521164887569000e+01 4.563225472609163447e+00 7.500000000000000000e+01
3.928637059874377258e+01 4.604528402598147885e+00 7.500000000000000000e+01
3.922317083395544302e+01 4.645747565193863338e+00 7.500000000000000000e+01
3.915562885117202541e+01 4.686877334144488039e+00 7.500000000000000000e+01
3.908376219048408018e+01 4.727912175766324054e+00 7.500000000000000000e+01
3.900758941364202315e+01 4.768846653897290899e+00 7.500000000000000000e+01
3.892713008123434548e+01 4.809675434614692158e+00 7.500000000000000000e+01
3.884240472887679374e+01 4.850393290709004823e+00 7.500000000000000000e+01
3.875343484247841985e+01 4.890995105906595697e+00 7.500000000000000000e+01
3.866024283265068817e+01 4.931475878835268389e+00 7.500000000000000000e+01
3.856285200832834903e+01 4.971830726727557881e+00 7.500000000000000000e+01
3.846128654967051830e+01 5.012054888857911727e+00 7.500000000000000000e+01
3.835557148031163166e+01 5.052143729710711462e+00 7.500000000000000000e+01
3.824573263903203468e+01 5.092092741877318751e+00 7.500000000000000000e+01
3.813179665091779214e+01 5.131897548681206622e+00 7.500000000000000000e+01
3.801379089807917211e+01 5.171553906531324962e+00 7.500000000000000000e+01
3.789174348999677022e+01 5.211057707004681738e+00 7.500000000000000000e+01
3.776568323356300994e+01 5.250404978660112576e+00 7.500000000000000000e+01
3.763563960288610843e+01 5.289591888586086199e+00 7.500000000000000000e+01
3.750164270892226881e+01 5.328614743686155286e+00 7.500000000000000000e+01
3.736372326900004026e+01 5.367469991706521171e+00 7.500000000000000000e+01
3.722191257629910410e+01 5.406154222010849608e+00 7.500000000000000000e+01
3.707624246934449275e+01 5.444664166108180936e+00 7.500000000000000000e+01
3.692674530157436408e+01 5.482996697940406783e+00 7.500000000000000000e+01
3.677345391103750671e+01 5.521148833936344147e+00 7.500000000000000000e+01
3.661640159027506769e+01 5.559117732839959025e+00 7.500000000000000000e+01
3.645562205643744136e+01 5.596900695320738528e+00 7.500000000000000000e+01
3.629114942168573776e+01 5.634495163374642068e+00 7.500000000000000000e+01
3.612301816392394471e+01 5.671898719524379295e+00 7.500000000000000000e+01
3.595126309790592956e+01 5.709109085828082186e+00 7.500000000000000000e+01
3.577591934675777452e+01 5.746124122705665194e+00 7.500000000000000000e+01
3.559702231395418437e+01 5.782941827592373407e+00 7.500000000000000000e+01
3.541460765578455749e+01 5.819560333429123489e+00 7.500000000000000000e+01
3.522871125434110695e+01 5.855977906999405569e+00 7.500000000000000000e+01
3.503936919105943559e+01 5.892192947122476987e+00 7.500000000000000000e+01
3.484661772083903486e+01 5.928203982712656028e+00 7.500000000000000000e+01
3.465049324676795806e+01 5.964009670714442102e+00 7.500000000000000000e+01
3.445103229547436996e+01 5.999608793923118633e+00 7.500000000000000000e+01
3.424827149312366004e+01 6.035000258700445208e+00 7.500000000000000000e+01
3.404224754207893966e+01 6.070183092594789720e+00 7.500000000000000000e+01
3.383299719823884999e+01 6.105156441875006834e+00 7.500000000000000000e+01
3.362055724906512211e+01 6.139919568987060039e+00 7.500000000000000000e+01
3.340496449230990805e+01 6.174471849942238855e+00 7.500000000000000000e+01
3.318625571545034347e+01 6.208812771645559891e+00 7.500000000000000000e+01
3.296446767583615411e+01 6.242941929172611815e+00 7.500000000000000000e+01
3.273963708155407915e+01 6.276859023002946181e+00 7.500000000000000000e+01
3.251180057301066029e+01 6.310563856217688894e+00 7.500000000000000000e+01
3.228099470523319781e+01 6.344056331668856075e+00 7.500000000000000000e+01
3.204725593088787150e+01 6.377336449127454898e+00 7.500000000000000000e+01
3.181062058401080606e+01 6.410404302417167521e+00 7.500000000000000000e+01
3.157112486444789923e+01 6.443260076540100911e+00 7.500000000000000000e+01
3.132880482299708547e+01 6.475904044800703474e+00 7.500000000000000000e+01
3.108369634724546415e+01 6.508336565933683815e+00 7.500000000000000000e+01
3.083583514809263448e+01 6.540558081241373500e+00 7.500000000000000000e+01
3.058525674695095020e+01 6.572569111745667492e+00 7.500000000000000000e+01
3.033199646361118695e+01 6.604370255359357067e+00 7.500000000000000000e+01
3.007608940476301740e+01 6.635962184081360959e+00 7.500000000000000000e+01
2.981757045315678667e+01 6.667345641219971419e+00 7.500000000000000000e+01
2.955647425739433487e+01 6.698521438648000981e+00 7.500000000000000000e+01
2.929283522233480852e+01 6.729490454093388863e+00 7.500000000000000000e+01
2.902668750010094456e+01 6.760253628468479548e+00 7.500000000000000000e+01
2.875806498167127856e+01 6.790811963240980909e+00 7.500000000000000000e+01
2.848700128904295781e+01 6.821166517849277078e+00 7.500000000000000000e+01
2.821352976794973344e+01 6.851318407164487923e+00 7.500000000000000000e+01
2.793768348111906263e+01 6.881268799001489356e+00 7.500000000000000000e+01
2.765949520205268897e+01 6.911018911680772092e+00 7.500000000000000000e+01
2.737899740931409909e+01 6.940570011642818393e+00 7.500000000000000000e+01
2.709622228130698218e+01 6.969923411116490719e+00 7.500000000000000000e+01
2.681120169152803001e+01 6.999080465842609122e+00 7.500000000000000000e+01
2.652396720427814003e+01 7.028042572853816061e+00 7.500000000000000000e+01
2.623455007081532031e+01 7.056811168311542204e+00 7.500000000000000000e+01
2.594298122593347955e+01 7.085387725400732251e+00 7.500000000000000000e+01
2.564929128495092314e+01 7.113773752282857465e+00 7.500000000000000000e+01
2.535351054109259650e+01 7.141970790107492029e+00 7.500000000000000000e+01
2.505566896325037618e+01 7.169980411082716998e+00 7.500000000000000000e+01
2.475579619410601495e+01 7.197804216604313687e+00 7.500000000000000000e+01
2.445392154860138589e+01 7.225443835443718932e+00 7.500000000000000000e+01
2.415007401274103316e+01 7.252900921994522854e+00 7.500000000000000000e+01
2.384428224271242058e+01 7.280177154577189391e+00 7.500000000000000000e+01
2.353657456430934047e+01 7.307274233801574148e+00 7.500000000000000000e+01
2.322697897264433564e+01 7.334193880986763503e+00 7.500000000000000000e+01
2.291552313213678005e+01 7.360937836637606146e+00 7.500000000000000000e+01
2.260223437676258484e+01 7.387507858977271802e+00 7.500000000000000000e+01
2.228713971055290699e+01 7.413905722535127474e+00 7.500000000000000000e+01
2.197026580832899612e+01 7.440133216789073245e+00 7.500000000000000000e+01
2.165163901666077351e+01 7.466192144861535596e+00 7.500000000000000000e+01
2.133128535503729495e+01 7.492084322268160790e+00 7.500000000000000000e+01
2.100923051723725266e+01 7.517811575718305939e+00 7.500000000000000000e+01
2.068549987288851710e+01 7.543375741966293901e+00 7.500000000000000000e+01
2.036011846920571600e+01 7.568778666712447034e+00 7.500000000000000000e+01
2.003311103289522421e+01 7.594022203552828643e+00 7.500000000000000000e+01
1.970450197221777344e+01 7.619108212976636985e+00 7.500000000000000000e+01
1.937431537919847457e+01 7.644038561410184229e+00 7.500000000000000000e+01
1.904257503197516854e+01 7.668815120306301303e+00 7.500000000000000000e+01
1.870930439727592187e+01 7.693439765278140108e+00 7.500000000000000000e+01
1.837452663301698053e+01 7.717914375276190064e+00 7.500000000000000000e+01
1.803826459101291491e+01 7.742240831807433388e+00 7.500000000000000000e+01
1.770054081979070304e+01 7.766421018195501347e+00 7.500000000000000000e+01
1.736137756750036942e+01 7.790456818880749701e+00 7.500000000000000000e+01
1.702079678491481118e+01 7.814350118759080921e+00 7.500000000000000000e+01
1.667882012851139351e+01 7.838102802558496229e+00 7.500000000000000000e+01
1.633546896362924983e+01 7.861716754252237038e+00 7.500000000000000000e+01
1.599076436769536436e+01 7.885193856507445531e+00 7.500000000000000000e+01
1.564472713351343103e+01 7.908535990168289231e+00 7.500000000000000000e+01
1.529737777261005682e+01 7.931745033772518383e+00 7.500000000000000000e+01
1.494873651863217567e+01 7.954822863100403652e+00 7.500000000000000000e+01
1.459882333079090522e+01 7.977771350755054058e+00 7.500000000000000000e+01
1.424765789734662746e+01 8.000592365773115944e+00 7.500000000000000000e+01
1.389525963913067663e+01 8.023287773264913270e+00 7.500000000000000000e+01
1.354164771309912041e+01 8.045859434083032724e+00 7.500000000000000000e+01
1.318684101591424174e+01 8.068309204518469002e+00 7.500000000000000000e+01
1.283085818755005292e+01 8.090638936023394123e+00 7.500000000000000000e+01
1.247371761491776709e+01 8.112850474959723002e+00 7.500000000000000000e+01
1.211543743550790708e+01 8.134945662372519593e+00 7.500000000000000000e+01
1.175603554104534609e+01 8.156926333787531291e+00 7.500000000000000000e+01
1.139552958115471881e+01 8.178794319031963411e+00 7.500000000000000000e+01
1.103393696703262528e+01 8.200551442077710362e+00 7.500000000000000000e+01
1.067127487512431649e+01 8.222199520906357861e+00 7.500000000000000000e+01
1.030756025080219374e+01 8.243740367395098190e+00 7.500000000000000000e+01
9.942809812043440942e+00 8.265175787222990067e+00 7.500000000000000000e+01
9.577040053105044137e+00 8.286507579796758449e+00 7.500000000000000000e+01
9.210267248193664713e+00 8.307737538195558713e+00 7.500000000000000000e+01
8.842507455128826521e+00 8.328867449133980472e+00 7.500000000000000000e+01
8.473776518997281570e+00 8.349899092942813184e+00 7.500000000000000000e+01
8.104090075797355297e+00 8.370834243566815047e+00 7.500000000000000000e+01
7.733463556071301426e+00 8.391674668579083729e+00 7.500000000000000000e+01
7.361912188524781797e+00 8.412422129211380550e+00 7.500000000000000000e+01
6.989451003631875992e+00 8.433078380399912533e+00 7.500000000000000000e+01
6.616094837224772540e+00 8.453645170846138868e+00 7.500000000000000000e+01
6.241858334066909819e+00 8.474124243092029829e+00 7.500000000000000000e+01
5.866755951408902270e+00 8.494517333609435283e+00 7.500000000000000000e+01
5.490801962526412616e+00 8.514826172903033452e+00 7.500000000000000000e+01
5.114010460239073907e+00 8.535052485626543728e+00 7.500000000000000000e+01
4.736395360410328159e+00 8.555197990711761236e+00 7.500000000000000000e+01
4.357970405427281868e+00 8.575264401510093393e+00 7.500000000000000000e+01
3.978749167660366570e+00 8.595253425946197012e+00 7.500000000000000000e+01
3.598745052902629915e+00 8.615166766683467259e+00 7.500000000000000000e+01
3.217971303787963588e+00 8.635006121301040949e+00 7.500000000000000000e+01
2.836441003188884036e+00 8.654773182481996230e+00 7.500000000000000000e+01
2.454167077592888546e+00 8.674469638212595868e+00 7.500000000000000000e+01
2.071162300458277983e+00 8.694097171992188677e+00 7.500000000000000000e+01
1.687439295548766038e+00 8.713657463053664287e+00 7.500000000000000000e+01
1.303010540247622639e+00 8.733152186594187683e+00 7.500000000000000000e+01
9.178883688510341976e-01 8.752583014016074969e+00 7.500000000000000000e+01
5.320849758414049058e-01 8.771951613177591867e+00 7.500000000000000000e+01
1.456124191406230894e-01 8.791259648653548808e+00 7.500000000000000000e+01
-2.415173766561982682e-01 8.810508782005580741e+00 7.500000000000000000e+01
-6.292926170660293472e-01 8.829700672061953526e+00 7.500000000000000000e+01
-1.017701634521955389e+00 8.848836975206825883e+00 7.500000000000000000e+01
-1.406732885195073113e+00 8.867919345678874521e+00 7.500000000000000000e+01
-1.796374945834030346e+00 8.886949435879234471e+00 7.500000000000000000e+01
-2.186616510621157694e+00 8.905928896688664054e+00 7.500000000000000000e+01
-2.577446388044819958e+00 8.924859377793953996e+00 7.500000000000000000e+01
-2.968853497787103723e+00 8.943742528023530980e+00 7.500000000000000000e+01
-3.360826867625860803e+00 8.962579995692262713e+00 7.500000000000000000e+01
-3.753355630350689420e+00 8.981373428955491178e+00 7.500000000000000000e+01
-4.146429020691489775e+00 9.000124476172306487e+00 7.500000000000000000e+01
-4.540036372259039332e+00 9.018834786278130622e+00 7.500000000000000000e+01
-4.934167114496317730e+00 9.037506009166667909e+00 7.500000000000000000e+01
-5.328810769639805045e+00 9.056139796081280835e+00 7.500000000000000000e+01
-5.723956949689450902e+00 9.074737800015924449e+00 7.500000000000000000e+01
-6.119595353386392489e+00 9.093301676125737032e+00 7.500000000000000000e+01
-6.515715763197167831e+00 9.111833082147381191e+00 7.500000000000000000e+01
-6.912308042303194178e+00 9.130333678829344990e+00 7.500000000000000000e+01
-7.309362131594401291e+00 9.148805130372286598e+00 7.500000000000000000e+01
-7.706868046665534600e+00 9.167249104879660493e+00 7.500000000000000000e+01
-8.104815874814036647e+00 9.185667274818809958e+00 7.500000000000000000e+01
-8.503195772037793532e+00 9.204061317492676864e+00 7.500000000000000000e+01
-8.901997960031737378e+00 9.222432915522412955e+00 7.500000000000000000e+01
-9.301212723181404129e+00 9.240783757341150206e+00 7.500000000000000000e+01
-9.700830405552251179e+00 9.259115537699095455e+00 7.500000000000000000e+01
-1.010084140787296469e+01 9.277429958180341885e+00 7.500000000000000000e+01
-1.050123618451121210e+01 9.295728727731612295e+00 7.500000000000000000e+01
-1.090200524044016284e+01 9.314013563203275226e+00 7.500000000000000000e+01
-1.130313912819398148e+01 9.332286189902944784e+00 7.500000000000000000e+01
-1.170462844481064124e+01 9.350548342162081639e+00 7.500000000000000000e+01
-1.210646382876000082e+01 9.368801763915826086e+00 7.500000000000000000e+01
-1.250863595685550322e+01 9.387048209296628087e+00 7.500000000000000000e+01
-1.291113554114724948e+01 9.405289443241912295e+00 7.500000000000000000e+01
-1.331395332579473845e+01 9.423527242116319869e+00 7.500000000000000000e+01
-1.371708008391677147e+01 9.441763394348944516e+00 7.500000000000000000e+01
-1.412050661441684163e+01 9.459999701085992641e+00 7.500000000000000000e+01
-1.452422373878135708e+01 9.478237976859421821e+00 7.500000000000000000e+01
-1.492822229784854393e+01 9.496480050272030127e+00 7.500000000000000000e+01
-1.533249314854581336e+01 9.514727764699548729e+00 7.500000000000000000e+01
-1.573702716059277407e+01 9.532982979010283131e+00 7.500000000000000000e+01
-1.614181521316769619e+01 9.551247568302922986e+00 7.500000000000000000e+01
-1.654684819153451514e+01 9.569523424663087141e+00 7.500000000000000000e+01
-1.695211698362782826e+01 9.587812457939280719e+00 7.500000000000000000e+01
-1.735761247659299045e+01 9.606116596538887720e+00 7.500000000000000000e+01
-1.776332555327836360e+01 9.624437788244931014e+00 7.500000000000000000e+01
-1.816924708867679072e+01 9.642778001054274739e+00 7.500000000000000000e+01
-1.857536794631294441e+01 9.661139224038073792e+00 7.500000000000000000e+01
-1.898167897457367559e+01 9.679523468225188054e+00 7.500000000000000000e+01
-1.938817100297753626e+01 9.697932767509390928e+00 7.500000000000000000e+01
-1.979483483838050262e+01 9.716369179581274551e+00 7.500000000000000000e+01
-2.020166126111358196e+01 9.734834786885604885e+00 7.500000000000000000e+01
-2.060864102104945772e+01 9.753331697605158723e+00 7.500000000000000000e+01
-2.101576483359341907e+01 9.771862046671909496e+00 7.500000000000000000e+01
-2.142302337559501524e+01 9.790427996806563726e+00 7.500000000000000000e+01
-2.183040728117611096e+01 9.809031739587505072e+00 7.500000000000000000e+01
-2.223790713747091985e+01 9.827675496550122958e+00 7.500000000000000000e+01
-2.264551348027359978e+01 9.846361520317715943e+00 7.500000000000000000e+01
-2.305321678958852871e+01 9.865092095765026770e+00 7.500000000000000000e+01
-2.346100748507850753e+01 9.883869541215677401e+00 7.500000000000000000e+01
-2.386887592140572778e+01 9.902696209674644479e+00 7.500000000000000000e+01
-2.427681238346009707e+01 9.921574490097118115e+00 7.500000000000000000e+01
-2.468480708146962499e+01 9.940506808695024787e+00 7.500000000000000000e+01
-2.509285014598689756e+01 9.959495630282589218e+00 7.500000000000000000e+01
-2.550093162274578518e+01 9.978543459662375881e+00 7.500000000000000000e+01
-2.590904146738188629e+01 9.997652843053263183e+00 7.500000000000000000e+01
-2.631716954001085540e+01 1.001682636956186556e+01 7.500000000000000000e+01
-2.672530559965685981e+01 1.003606667269899688e+01 7.500000000000000000e+01
-2.713343929852515757e+01 1.005537643194280228e+01 7.500000000000000000e+01
-2.754156017611041207e+01 1.007475837435029042e+01 7.500000000000000000e+01
-2.794965765313414252e+01 1.009421527621891279e+01 7.500000000000000000e+01
-2.835772102530216543e+01 1.011374996480014943e+01 7.500000000000000000e+01
-2.876573945687463763e+01 1.013336532006682944e+01 7.500000000000000000e+01
-2.917370197403952403e+01 1.015306427653623622e+01 7.500000000000000000e+01
-2.958159745808030650e+01 1.017284982515095848e+01 7.500000000000000000e+01
-2.998941463832877119e+01 1.019272501521950858e+01 7.500000000000000000e+01
-3.039714208489263214e+01 1.021269295641895347e+01 7.500000000000000000e+01
-3.080476820114808589e+01 1.023275682086165261e+01 7.500000000000000000e+01
-3.121228121598586114e+01 1.025291984522845112e+01 7.500000000000000000e+01
-3.161966917579992398e+01 1.027318533297063574e+01 7.500000000000000000e+01
-3.202691993620717170e+01 1.029355665658309782e+01 7.500000000000000000e+01
-3.243402115348526138e+01 1.031403725995113696e+01 7.500000000000000000e+01
-3.284096027571619203e+01 1.033463066077355919e+01 7.500000000000000000e+01
-3.324772453362199798e+01 1.035534045306456896e+01 7.500000000000000000e+01
-3.365430093107854503e+01 1.037617030973730081e+01 7.500000000000000000e+01
-3.406067623529263955e+01 1.039712398527162662e+01 7.500000000000000000e+01
-3.446683696662739038e+01 1.041820531846918030e+01 7.500000000000000000e+01
-3.487276938805946713e+01 1.043941823529843838e+01 7.500000000000000000e+01
-3.527845949425164918e+01 1.046076675183287286e+01 7.500000000000000000e+01
-3.568389300022328570e+01 1.048225497728517297e+01 7.500000000000000000e+01
-3.608905532960019258e+01 1.050388711714065515e+01 7.500000000000000000e+01
-3.649393160242475176e+01 1.052566747639299116e+01 7.500000000000000000e+01
-3.689850662250680102e+01 1.054760046288543052e+01 7.500000000000000000e+01
-3.730276486429350769e+01 1.056969059076078743e+01 7.500000000000000000e+01
-3.770669045923753515e+01 1.059194248402343597e+01 7.500000000000000000e+01
-3.811026718163975602e+01 1.061436088021658364e+01 7.500000000000000000e+01
-3.851347843394328407e+01 1.063695063421817899e+01 7.500000000000000000e+01
-3.891630723145381410e+01 1.065971672215872701e+01 7.500000000000000000e+01
-3.931873618646024937e+01 1.068266424546430216e+01 7.500000000000000000e+01
-3.972074749172881525e+01 1.070579843502806838e+01 7.500000000000000000e+01
-4.012232290334214468e+01 1.072912465551346450e+01 7.500000000000000000e+01
-4.052344372285386953e+01 1.075264840979230208e+01 7.500000000000000000e+01
-4.092409077872825662e+01 1.077637534352073168e+01 7.500000000000000000e+01
-4.132424440703260160e+01 1.080031124985612578e+01 7.500000000000000000e+01
-4.172388443134906311e+01 1.082446207431762453e+01 7.500000000000000000e+01
-4.212299014187136947e+01 1.084883391979295197e+01 7.500000000000000000e+01
-4.252154027364963440e+01 1.087343305169398633e+01 7.500000000000000000e+01
-4.291951298394678105e+01 1.089826590326310374e+01 7.500000000000000000e+01
-4.331688582866601678e+01 1.092333908103221241e+01 7.500000000000000000e+01
-4.371363573780983103e+01 1.094865937043587323e+01 7.500000000000000000e+01
-4.410973898992791220e+01 1.097423374157962250e+01 7.500000000000000000e+01
-4.450517118551010753e+01 1.100006935516388928e+01 7.500000000000000000e+01
-4.489990721927946282e+01 1.102617356856364061e+01 7.500000000000000000e+01
-4.529392125133804115e+01 1.105255394206291619e+01 7.500000000000000000e+01
-4.568718667711736714e+01 1.107921824524290955e+01 7.500000000000000000e+01
-4.607967609608321879e+01 1.110617446352123672e+01 7.500000000000000000e+01
-4.647136127914346559e+01 1.113343080483916836e+01 7.500000000000000000e+01
-4.686221313470560546e+01 1.116099570649239148e+01 7.500000000000000000e+01
-4.725220167332970789e+01 1.118887784209979053e+01 7.500000000000000000e+01
-4.764129597092090052e+01 1.121708612870310162e+01 7.500000000000000000e+01
-4.802946413040422868e+01 1.124562973398897192e+01 7.500000000000000000e+01
-4.841667324182385101e+01 1.127451808362298280e+01 7.500000000000000000e+01
-4.880288934080729746e+01 1.130376086868332841e+01 7.500000000000000000e+01
-4.918807736533499764e+01 1.133336805317960128e+01 7.500000000000000000e+01
-4.957220111075428548e+01 1.136334988163961413e+01 7.500000000000000000e+01
-4.995522318297792452e+01 1.139371688674456173e+01 7.500000000000000000e+01
-5.033710494980558536e+01 1.142447989698956334e+01 7.500000000000000000e+01
-5.071780649030893784e+01 1.145565004434345546e+01 7.500000000000000000e+01
-5.109728654222041655e+01 1.148723877187774178e+01 7.500000000000000000e+01
-5.147550244726840418e+01 1.151925784133055153e+01 7.500000000000000000e+01
-5.185241009440241555e+01 1.155171934056681415e+01 7.500000000000000000e+01
-5.222796386085570930e+01 1.158463569089074596e+01 7.500000000000000000e+01
-5.260211655099526240e+01 1.161801965416120019e+01 7.500000000000000000e+01
-5.297481933291384593e+01 1.165188433965424508e+01 7.500000000000000000e+01
-5.334602167272500139e+01 1.168624321061056648e+01 7.500000000000000000e+01
-5.371567126652661273e+01 1.172111009039795526e+01 7.500000000000000000e+01
-5.408371397000863112e+01 1.175649916821099339e+01 7.500000000000000000e+01
-5.445009372568861750e+01 1.179242500422129858e+01 7.500000000000000000e+01
-5.481475248776980180e+01 1.182890253408200998e+01 7.500000000000000000e+01
-5.517763014463027105e+01 1.186594707267998849e+01 7.500000000000000000e+01
-5.553866443896571070e+01 1.190357431701758451e+01 7.500000000000000000e+01
-5.589779088562603704e+01 1.194180034809408575e+01 7.500000000000000000e+01
-5.625494268720633073e+01 1.198064163164353069e+01 7.500000000000000000e+01
-5.661005064747447335e+01 1.202011501757166556e+01 7.500000000000000000e+01
-5.696304308274504535e+01 1.206023773791985398e+01 7.500000000000000000e+01
-5.731384573133683347e+01 1.210102740316763992e+01 7.500000000000000000e+01
-5.766238166128619724e+01 1.214250199666894581e+01 7.500000000000000000e+01
-5.800857117652466854e+01 1.218467986699882033e+01 7.500000000000000000e+01
-5.835233172177137817e+01 1.222757971796920273e+01 7.500000000000000000e+01
-5.869357778643843915e+01 1.227122059605259174e+01 7.500000000000000000e+01
-5.903222080789800685e+01 1.231562187493253546e+01 7.500000000000000000e+01
-5.936816907451885328e+01 1.236080323687924576e+01 7.500000000000000000e+01
-5.970132762894341028e+01 1.240678465062810787e+01 7.500000000000000000e+01
-6.003159817214594796e+01 1.245358634541787524e+01 7.500000000000000000e+01
-6.035887896888967674e+01 1.250122878082536992e+01 7.500000000000000000e+01
-6.068306475528435584e+01 1.254973261201370605e+01 7.500000000000000000e+01
-6.100404664923540565e+01 1.259911864999327591e+01 7.500000000000000000e+01
-6.132171206467484126e+01 1.264940781647822909e+01 7.500000000000000000e+01
-6.163594463056769968e+01 1.270062109290784136e+01 7.500000000000000000e+01
-6.194662411580020489e+01 1.275277946319206279e+01 7.500000000000000000e+01
-6.225362636117322523e+01 1.280590384973491602e+01 7.500000000000000000e+01
-6.255682321984974692e+01 1.286001504228940640e+01 7.500000000000000000e+01
-6.285608250773251626e+01 1.291513361920414127e+01 7.500000000000000000e+01
-6.315126796538199727e+01 1.297127986063680538e+01 7.500000000000000000e+01
-6.344223923321902703e+01 1.302847365333379059e+01 7.500000000000000000e+01
-6.372885184189173202e+01 1.308673438661093336e+01 7.500000000000000000e+01
-6.401095721981950248e+01 1.314608083921859816e+01 7.500000000000000000e+01
-6.428840272005385259e+01 1.320653105683733308e+01 7.500000000000000000e+01
-6.456103166871560006e+01 1.326810222002978712e+01 7.500000000000000000e+01
-6.482868343737274586e+01 1.333081050257202094e+01 7.500000000000000000e+01
-6.509119354181346750e+01 1.339467092020480621e+01 7.500000000000000000e+01
-6.534839376973216929e+01 1.345969716998401999e+01 7.500000000000000000e+01
-6.560011233988437596e+01 1.352590146057043441e+01 7.500000000000000000e+01
-6.584617409526678955e+01 1.359329433398339226e+01 7.500000000000000000e+01
-6.608640073283712013e+01 1.366188447955061314e+01 7.500000000000000000e+01
-6.632061107219804796e+01 1.373167854101713559e+01 7.500000000000000000e+01
-6.654862136552010554e+01 1.380268091802839159e+01 7.500000000000000000e+01
-6.677024565076651186e+01 1.387489356347425407e+01 7.500000000000000000e+01
-6.698529614999748105e+01 1.394831577846764858e+01 7.500000000000000000e+01
-6.719358371417038711e+01 1.402294400702958121e+01 7.500000000000000000e+01
-6.739491831540479438e+01 1.409877163285458579e+01 7.500000000000000000e+01
-6.758910958715173933e+01 1.417578878082961502e+01 7.500000000000000000e+01
-6.777596741208471087e+01 1.425398212626586592e+01 7.500000000000000000e+01
-6.795530255682395193e+01 1.433333471506559142e+01 7.500000000000000000e+01
-6.812692735181578030e+01 1.441382579827352650e+01 7.500000000000000000e+01
-6.829065641382450735e+01 1.449543068464120488e+01 7.500000000000000000e+01
-6.844630740756696241e+01 1.457812061494941780e+01 7.500000000000000000e+01
-6.859370184204581733e+01 1.466186266187532894e+01 7.500000000000000000e+01
-6.873266589613632505e+01 1.474661965914358852e+01 7.500000000000000000e+01
-6.886303126697823984e+01 1.483235016355371805e+01 7.500000000000000000e+01
-6.898463603374761988e+01 1.491900845321957902e+01 7.500000000000000000e+01
-6.909732552846350018e+01 1.500654456498530109e+01 7.500000000000000000e+01
-6.920095320465640043e+01 1.509490437349230874e+01 7.500000000000000000e+01
-6.929538149402338831e+01 1.518402971376783306e+01 7.500000000000000000e+01
-6.938048264065177761e+01 1.527385854849266522e+01 7.500000000000000000e+01
-6.945613950204474918e+01 1.536432518029929994e+01 7.500000000000000000e+01
-6.952224630605127231e+01 1.545536050856883925e+01 7.500000000000000000e+01
-6.957870935291678904e+01 1.554689232926049769e+01 7.500000000000000000e+01
-6.962544765204124531e+01 1.563884567534925019e+01 7.500000000000000000e+01
-6.966239348366609363e+01 1.573114319449765652e+01 7.500000000000000000e+01
-6.968949287660612413e+01 1.582370555968033266e+01 7.500000000000000000e+01
-6.970670599428358116e+01 1.591645190764866058e+01 7.500000000000000000e+01
-6.971400742268357931e+01 1.600930029940207078e+01 7.500000000000000000e+01
-6.971138635540057749e+01 1.610216819624951512e+01 7.500000000000000000e+01
-6.969884667263966094e+01 1.619497294462609105e+01 7.500000000000000000e+01
-6.967640691282606724e+01 1.628763226259192010e+01 7.500000000000000000e+01
-6.964410013730764604e+01 1.638006472089474386e+01 7.500000000000000000e+01
-6.960197369045033611e+01 1.647219021162553432e+01 7.500000000000000000e+01
-6.955008885917317230e+01 1.656393039783151622e+01 7.500000000000000000e+01
-6.948852043759289643e+01 1.665520913795917934e+01 7.500000000000000000e+01
-6.941735620390416273e+01 1.674595287965899360e+01 7.500000000000000000e+01
-6.933669631787024912e+01 1.683609101826673182e+01 7.500000000000000000e+01
-6.924665264831264722e+01 1.692555621615184336e+01 7.500000000000000000e+01
-6.914734804074613805e+01 1.701428468005738281e+01 7.500000000000000000e+01
-6.903891553580096740e+01 1.710221639451430065e+01 7.500000000000000000e+01
-6.892149754930736094e+01 1.718929531036241443e+01 7.500000000000000000e+01
-6.879524502489965698e+01 1.727546948832075557e+01 7.500000000000000000e+01
-6.866031656974850250e+01 1.736069119839532249e+01 7.500000000000000000e+01
-6.851687758357428493e+01 1.744491697667120533e+01 7.500000000000000000e+01
-6.836509939046388240e+01 1.752810764169257141e+01 7.500000000000000000e+01
-6.820515838224002891e+01 1.761022827317858486e+01 7.500000000000000000e+01
-6.803723518125158876e+01 1.769124815625031744e+01 7.500000000000000000e+01
-6.786151382949914534e+01 1.777114069465415724e+01 7.500000000000000000e+01
-6.767818101001579123e+01 1.784988329666457574e+01 7.500000000000000000e+01
-6.748742530541724705e+01 1.792745723744247499e+01 7.500000000000000000e+01
-6.728943649754654643e+01 1.800384750162388769e+01 7.500000000000000000e+01
-6.708440491118587090e+01 1.807904260983113431e+01 7.500000000000000000e+01
-6.687252080391327524e+01 1.815303443264721750e+01 7.500000000000000000e+01
-6.665397380335485877e+01 1.822581799538805214e+01 7.500000000000000000e+01
-6.642895239233786242e+01 1.829739127675948396e+01 7.500000000000000000e+01
-6.619764344178753390e+01 1.836775500420960228e+01 7.500000000000000000e+01
-6.596023179063764985e+01 1.843691244849218336e+01 7.500000000000000000e+01
-6.571689987153895629e+01 1.850486921965575959e+01 7.500000000000000000e+01
-6.546782738074787744e+01 1.857163306637151123e+01 7.500000000000000000e+01
-6.521319099025870969e+01 1.863721368022041247e+01 7.500000000000000000e+01
-6.495316409999487917e+01 1.870162250628077416e+01 7.500000000000000000e+01
-6.468791662769886841e+01 1.876487256109529866e+01 7.500000000000000000e+01
-6.441761483404118849e+01 1.882697825885628973e+01 7.500000000000000000e+01
-6.414242118040691309e+01 1.888795524642821633e+01 7.500000000000000000e+01
-6.386249421679850258e+01 1.894782024763228989e+01 7.500000000000000000e+01
-6.357798849731483415e+01 1.900659091704499914e+01 7.500000000000000000e+01
-6.328905452071937532e+01 1.906428570341417483e+01 7.500000000000000000e+01
-6.299583869368791511e+01 1.912092372266823403e+01 7.500000000000000000e+01
-6.269848331442487677e+01 1.917652464038814841e+01 7.500000000000000000e+01
-6.239712657445103616e+01 1.923110856352353437e+01 7.500000000000000000e+01
-6.209190257648841538e+01 1.928469594106400464e+01 7.500000000000000000e+01
-6.178294136650028889e+01 1.933730747332175426e+01 7.500000000000000000e+01
-6.147036897807725353e+01 1.938896402943996833e+01 7.500000000000000000e+01
-6.115430748749667345e+01 1.943968657271239309e+01 7.500000000000000000e+01
-6.083487507791613069e+01 1.948949609328015953e+01 7.500000000000000000e+01
-6.051218611129274194e+01 1.953841354776170647e+01 7.500000000000000000e+01
-6.018635120674621675e+01 1.958645980536870468e+01 7.500000000000000000e+01
-5.985747732420548317e+01 1.963365560006399946e+01 7.500000000000000000e+01
-5.952566785229171131e+01 1.968002148832575315e+01 7.500000000000000000e+01
-5.919102269950118966e+01 1.972557781209373928e+01 7.500000000000000000e+01
-5.885363838784934387e+01 1.977034466648912669e+01 7.500000000000000000e+01
-5.851360814823433287e+01 1.981434187191599960e+01 7.500000000000000000e+01
-5.817102201686312668e+01 1.985758895017206882e+01 7.500000000000000000e+01
-5.782596693216422068e+01 1.990010510421590695e+01 7.500000000000000000e+01
-5.747852683168338217e+01 1.994190920125836186e+01 7.500000000000000000e+01
-5.712878274852613458e+01 1.998301975886706572e+01 7.500000000000000000e+01
-5.677681290697114491e+01 2.002345493379299057e+01 7.500000000000000000e+01
-5.642269281693238980e+01 2.006323251324876367e+01 7.500000000000000000e+01
-5.606649536699896430e+01 2.010236990838804161e+01 7.500000000000000000e+01
-5.570829091582353243e+01 2.014088414975413599e+01 7.500000000000000000e+01
-5.534814738167164450e+01 2.017879188448464589e+01 7.500000000000000000e+01
-5.498613032997810990e+01 2.021610937507583827e+01 7.500000000000000000e+01
-5.462230305878835424e+01 2.025285249952724698e+01 7.500000000000000000e+01
-5.425672668198989612e+01 2.028903675270225193e+01 7.500000000000000000e+01
-5.388946021026365685e+01 2.032467724875489523e+01 7.500000000000000000e+01
-5.352056062970547856e+01 2.035978872448685806e+01 7.500000000000000000e+01
-5.315008297808736160e+01 2.039438554351098531e+01 7.500000000000000000e+01
-5.277808041874364875e+01 2.042848170110948303e+01 7.500000000000000000e+01
-5.240460431208080649e+01 2.046209082968576354e+01 7.500000000000000000e+01
-5.202970428472274023e+01 2.049522620471879009e+01 7.500000000000000000e+01
-5.165342829631175192e+01 2.052790075113809820e+01 7.500000000000000000e+01
-5.127582270399566511e+01 2.056012705004586394e+01 7.500000000000000000e+01
-5.089693232463751826e+01 2.059191734572031507e+01 7.500000000000000000e+01
-5.051680049479080026e+01 2.062328355284177306e+01 7.500000000000000000e+01
-5.013546912848802606e+01 2.065423726388893755e+01 7.500000000000000000e+01
-4.975297877289408177e+01 2.068478975665900421e+01 7.500000000000000000e+01
-4.936936866187917872e+01 2.071495200187050045e+01 7.500000000000000000e+01
-4.898467676756799705e+01 2.074473467081249112e+01 7.500000000000000000e+01
-4.859893984992437055e+01 2.077414814300830770e+01 7.500000000000000000e+01
-4.821219350443062268e+01 2.080320251386566355e+01 7.500000000000000000e+01
-4.782447220792234788e+01 2.083190760228898242e+01 7.500000000000000000e+01
-4.743580936263960979e+01 2.086027295823252103e+01 7.500000000000000000e+01
-4.704623733855441259e+01 2.088830787017620949e+01 7.500000000000000000e+01
-4.665578751403543833e+01 2.091602137250831106e+01 7.500000000000000000e+01
-4.626449031490916042e+01 2.094342225280173508e+01 7.500000000000000000e+01
-4.587237525197597421e+01 2.097051905897262714e+01 7.500000000000000000e+01
-4.547947095703911202e+01 2.099732010631182533e+01 7.500000000000000000e+01
-4.508580521750283765e+01 2.102383348438153732e+01 7.500000000000000000e+01
-4.469140500959480988e+01 2.105006706377091419e+01 7.500000000000000000e+01
-4.429629653026652392e+01 2.107602850270559358e+01 7.500000000000000000e+01
-4.390050522782412656e+01 2.110172525350742490e+01 7.500000000000000000e+01
-4.350405583134012488e+01 2.112716456890172623e+01 7.500000000000000000e+01
-4.310697237889579014e+01 2.115235350817006932e+01 7.500000000000000000e+01
-4.270927824470079770e+01 2.117729894314777539e+01 7.500000000000000000e+01
-4.231099616513779438e+01 2.120200756406556764e+01 7.500000000000000000e+01
-4.191214826377449754e+01 2.122648588523581736e+01 7.500000000000000000e+01
-4.151275607538803314e+01 2.125074025058414051e+01 7.500000000000000000e+01
-4.111284056904141693e+01 2.127477683902753824e+01 7.500000000000000000e+01
-4.071242217025304200e+01 2.129860166970088997e+01 7.500000000000000000e+01
-4.031152078229701630e+01 2.132222060703362132e+01 7.500000000000000000e+01
-3.991015580667112062e+01 2.134563936567898423e+01 7.500000000000000000e+01
-3.950834616276829792e+01 2.136886351529833661e+01 7.500000000000000000e+01
-3.910611030678529687e+01 2.139189848520327075e+01 7.500000000000000000e+01
-3.870346624990083484e+01 2.141474956885834402e+01 7.500000000000000000e+01
-3.830043157575572366e+01 2.143742192824754866e+01 7.500000000000000000e+01
-3.789702345726358601e+01 2.145992059810753005e+01 7.500000000000000000e+01
-3.749325867278218283e+01 2.148225049003082177e+01 7.500000000000000000e+01
-3.708915362167222440e+01 2.150441639644232694e+01 7.500000000000000000e+01
-3.668472433927023957e+01 2.152642299445231799e+01 7.500000000000000000e+01
-3.627998651130139507e+01 2.154827484958922312e+01 7.500000000000000000e+01
-3.587495548775569176e+01 2.156997641941566712e+01 7.500000000000000000e+01
-3.546964629625141896e+01 2.159153205703081824e+01 7.500000000000000000e+01
-3.506407365490795058e+01 2.161294601446253694e+01 7.500000000000000000e+01
-3.465825198474895785e+01 2.163422244595246013e+01 7.500000000000000000e+01
-3.425219542165677211e+01 2.165536541113726088e+01 7.500000000000000000e+01
-3.384591782789734538e+01 2.167637887812928454e+01 7.500000000000000000e+01
-3.343943280323382794e+01 2.169726672649961330e+01 7.500000000000000000e+01
-3.303275369564810404e+01 2.171803275016664614e+01 7.500000000000000000e+01
-3.262589361168536328e+01 2.173868066019326051e+01 7.500000000000000000e+01
-3.221886542644015350e+01 2.175921408749531949e+01 7.500000000000000000e+01
-3.181168179319790923e+01 2.177963658546462966e+01 7.500000000000000000e+01
-3.140435515274757705e+01 2.179995163250893953e+01 7.500000000000000000e+01
-3.099689774238022011e+01 2.182016263451183491e+01 7.500000000000000000e+01
-3.058932160458580540e+01 2.184027292721516034e+01 7.500000000000000000e+01
-3.018163859546321959e+01 2.186028577852653143e+01 7.500000000000000000e+01
-2.977386039285429931e+01 2.188020439075449630e+01 7.500000000000000000e+01
-2.936599850421473334e+01 2.190003190277380440e+01 7.500000000000000000e+01
-2.895806427423364227e+01 2.191977139212303882e+01 7.500000000000000000e+01
-2.855006889221182220e+01 2.193942587703711666e+01 7.500000000000000000e+01
-2.814202339920992557e+01 2.195899831841672167e+01 7.500000000000000000e+01
-2.773393869497665776e+01 2.197849162173688242e+01 7.500000000000000000e+01
-2.732582554466579694e+01 2.199790863889683479e+01 7.500000000000000000e+01
-2.691769458535249981e+01 2.201725217001312274e+01 7.500000000000000000e+01
-2.650955633235650666e+01 2.203652496515797310e+01 7.500000000000000000e+01
-2.610142118538118439e+01 2.205572972604475268e+01 7.500000000000000000e+01
-2.569329943447682041e+01 2.207486910766237997e+01 7.500000000000000000e+01
-2.528520126583495653e+01 2.209394571986048916e+01 7.500000000000000000e+01
-2.487713676742211888e+01 2.211296212888692736e+01 7.500000000000000000e+01
-2.446911593445920730e+01 2.213192085887934368e+01 7.500000000000000000e+01
-2.406114867475367092e+01 2.215082439331231967e+01 7.500000000000000000e+01
-2.365324481389112066e+01 2.216967517640165042e+01 7.500000000000000000e+01
-2.324541410029190303e+01 2.218847561446710870e+01 7.500000000000000000e+01
-2.283766621013963416e+01 2.220722807725507764e+01 7.500000000000000000e+01
-2.243001075218655416e+01 2.222593489922239129e+01 7.500000000000000000e+01
-2.202245727244201490e+01 2.224459838078250584e+01 7.500000000000000000e+01
-2.161501525875004859e+01 2.226322078951515593e+01 7.500000000000000000e+01
-2.120769414526129992e+01 2.228180436134053011e+01 7.500000000000000000e+01
-2.080050331680607201e+01 2.230035130165879664e+01 7.500000000000000000e+01
-2.039345211317627005e+01 2.231886378645589275e+01 7.500000000000000000e+01
-1.998654983332330914e+01 2.233734396337600359e+01 7.500000000000000000e+01
-1.957980573948472269e+01 2.235579395276139181e+01 7.500000000000000000e+01
-1.917322906125252402e+01 2.237421584865967006e+01 7.500000000000000000e+01
-1.876682899960415440e+01 2.239261171979867981e+01 7.500000000000000000e+01
-1.836061473092556895e+01 2.241098361052876342e+01 7.500000000000000000e+01
-1.795459541106839296e+01 2.242933354173219485e+01 7.500000000000000000e+01
-1.754878017950519364e+01 2.244766351169966967e+01 7.500000000000000000e+01
-1.714317816367565683e+01 2.246597549697417762e+01 7.500000000000000000e+01
-1.673779848365911249e+01 2.248427145316440701e+01 7.500000000000000000e+01
-1.633265025736522347e+01 2.250255331573311324e+01 7.500000000000000000e+01
-1.592774260649751561e+01 2.252082300077293908e+01 7.500000000000000000e+01
-1.552308466359618677e+01 2.253908240579495015e+01 7.500000000000000000e+01
-1.511868558044557531e+01 2.255733341057667829e+01 7.500000000000000000e+01
-1.471455453790509260e+01 2.257557787814898020e+01 7.500000000000000000e+01
-1.431070075655267893e+01 2.259381765603999881e+01 7.500000000000000000e+01
-1.390713350606973364e+01 2.261205457791818674e+01 7.500000000000000000e+01
-1.350386210885671012e+01 2.263029046572646408e+01 7.500000000000000000e+01
-1.310089593063244351e+01 2.264852713217488756e+01 7.500000000000000000e+01
-1.269824435051778266e+01 2.266676638298257274e+01 7.500000000000000000e+01
-1.229591671030151545e+01 2.268501001768101233e+01 7.500000000000000000e+01
-1.189392225961693939e+01 2.270325982772471463e+01 7.500000000000000000e+01
-1.149227013077919146e+01 2.272151759186147402e+01 7.500000000000000000e+01
-1.109096937195133847e+01 2.273978507088741807e+01 7.500000000000000000e+01
-1.069002903175890751e+01 2.275806400502840887e+01 7.500000000000000000e+01
-1.028945825171374651e+01 2.277635611561027318e+01 7.500000000000000000e+01
-9.889266322382839647e+00 2.279466310976301457e+01 7.500000000000000000e+01
-9.489462691281524087e+00 2.281298668548508601e+01 7.500000000000000000e+01
-9.090056939509194578e+00 2.283132853520416816e+01 7.500000000000000000e+01
-8.691058750393606758e+00 2.284969034750056593e+01 7.500000000000000000e+01
-8.292477884467611915e+00 2.286807380756116004e+01 7.500000000000000000e+01
-7.894324164807478894e+00 2.288648059705664295e+01 7.500000000000000000e+01
-7.496607471141519596e+00 2.290491239390430778e+01 7.500000000000000000e+01
-7.099337739653746482e+00 2.292337087212840530e+01 7.500000000000000000e+01
-6.702524965863622342e+00 2.294185770187414519e+01 7.500000000000000000e+01
-6.306179208875468234e+00 2.296037454956040236e+01 7.500000000000000000e+01
-5.910310596051230547e+00 2.297892307813554424e+01 7.500000000000000000e+01
-5.514929327649684687e+00 2.299750494740163731e+01 7.500000000000000000e+01
-5.120045681252498149e+00 2.301612181437980453e+01 7.500000000000000000e+01
-4.725670015932833756e+00 2.303477533369785846e+01 7.500000000000000000e+01
-4.331812776184493785e+00 2.305346715798762247e+01 7.500000000000000000e+01
-3.938484495650885986e+00 2.307219893828396096e+01 7.500000000000000000e+01
-3.545695800695111810e+00 2.309097232442062619e+01 7.500000000000000000e+01
-3.153457413850276225e+00 2.310978896541996619e+01 7.500000000000000000e+01
-2.761780157180647066e+00 2.312865050987486981e+01 7.500000000000000000e+01
-2.370674955579045395e+00 2.314755860632177686e+01 7.500000000000000000e+01
-1.980152840020364735e+00 2.316651490360449017e+01 7.500000000000000000e+01
-1.590224950785441127e+00 2.318552105122837048e+01 7.500000000000000000e+01
-1.200902540667097229e+00 2.320457869970485376e+01 7.500000000000000000e+01
-8.121969781674596156e-01 2.322368950088621631e+01 7.500000000000000000e+01
-4.241197506922760319e-01 2.324285510829071200e+01 7.500000000000000000e+01
-3.668246774860135090e-02 2.326207717741792891e+01 7.500000000000000000e+01
3.501031358512539660e-01 2.328135736605448614e+01 7.500000000000000000e+01
7.362251967758941529e-01 2.330069733457003878e+01 7.500000000000000000e+01
1.121671719948264645e+00 2.332009874620351653e+01 7.500000000000000000e+01
1.506430575305506059e+00 2.333956326733962072e+01 7.500000000000000000e+01
1.890489494542403781e+00 2.335909256777544840e+01 7.500000000000000000e+01
2.273836067838241437e+00 2.337868832097720073e+01 7.500000000000000000e+01
2.656457740565635550e+00 2.339835220432685148e+01 7.500000000000000000e+01
3.038341809980249053e+00 2.341808589935855878e+01 7.500000000000000000e+01
3.419475421891697398e+00 2.343789109198486287e+01 7.500000000000000000e+01
3.799845567314085848e+00 2.345776947271224344e+01 7.500000000000000000e+01
4.179439079096702869e+00 2.347772273684602240e+01 7.500000000000000000e+01
4.558242628534495466e+00 2.349775258468434913e+01 7.500000000000000000e+01
4.936242721957653679e+00 2.351786072170094144e+01 7.500000000000000000e+01
5.313425697301085826e+00 2.353804885871642227e+01 7.500000000000000000e+01
5.689777720653574455e+00 2.355831871205797512e+01 7.500000000000000000e+01
6.065284782786513063e+00 2.357867200370687755e+01 7.500000000000000000e+01
6.439932695663207696e+00 2.359911046143375657e+01 7.500000000000000000e+01
6.813707088928252276e+00 2.361963581892112529e+01 7.500000000000000000e+01
7.186593406378475990e+00 2.364024981587281005e+01 7.500000000000000000e+01
7.558576902415333088e+00 2.366095419810997669e+01 7.500000000000000000e+01
7.929642638479464267e+00 2.368175071765323025e+01 7.500000000000000000e+01
8.299775479468985750e+00 2.370264113279044338e+01 7.500000000000000000e+01
8.668960090141279551e+00 2.372362720812976633e+01 7.500000000000000000e+01
9.037180931500426340e+00 2.374471071463744209e+01 7.500000000000000000e+01
9.404422257170885757e+00 2.376589342965982965e+01 7.500000000000000000e+01
9.770668109758434028e+00 2.378717713692915225e+01 7.500000000000000000e+01
1.013590231720086798e+01 2.380856362655242719e+01 7.500000000000000000e+01
1.050010848910840089e+01 2.383005469498294815e+01 7.500000000000000000e+01
1.086327001309714824e+01 2.385165214497382280e+01 7.500000000000000000e+01
1.122537005111644071e+01 2.387335778551279120e+01 7.500000000000000000e+01
1.158639153577205505e+01 2.389517343173784880e+01 7.500000000000000000e+01
1.194631716664806653e+01 2.391710090483283935e+01 7.500000000000000000e+01
1.230512940662930532e+01 2.393914203190246681e+01 7.500000000000000000e+01
1.266281047822650585e+01 2.396129864582587743e+01 7.500000000000000000e+01
1.301934235990784750e+01 2.400000000000000000e+01 7.500000000000000000e+01
