-1.035051266697553451e+01 0.000000000000000000e+00 6.000000000000000000e+01
-9.995984611316290014e+00 1.932708360072711226e-02 6.000000000000000000e+01
-9.642353232910908289e+00 3.623213598092608900e-02 6.000000000000000000e+01
-9.289629099127116874e+00 5.320591326485395872e-02 6.000000000000000000e+01
-8.937822891919362078e+00 7.024930991181430051e-02 6.000000000000000000e+01
-8.586945409041684130e+00 8.736321997387026805e-02 6.000000000000000000e+01
-8.237007565255234809e+00 1.045485370867075825e-01 6.000000000000000000e+01
-7.888020393529983743e+00 1.218061544531176960e-01 6.000000000000000000e+01
-7.539995046239072352e+00 1.391369648190963204e-01 6.000000000000000000e+01
-7.192942796346110335e+00 1.565418604424393401e-01 6.000000000000000000e+01
-6.846875038583490891e+00 1.740217330537963125e-01 6.000000000000000000e+01
-6.501803290621580800e+00 1.915774738100977370e-01 6.000000000000000000e+01
-6.157739194227875856e+00 2.092099732402565027e-01 6.000000000000000000e+01
-5.814694516414546932e+00 2.269201211830887133e-01 6.000000000000000000e+01
-5.472681150574167930e+00 2.447088067173240344e-01 6.000000000000000000e+01
-5.131711117602153038e+00 2.625769180836340366e-01 6.000000000000000000e+01
-4.791796567004583451e+00 2.805253425985813620e-01 6.000000000000000000e+01
-4.452949777991216607e+00 2.985549665603452474e-01 6.000000000000000000e+01
-4.115183160551506347e+00 3.166666751461565954e-01 6.000000000000000000e+01
-3.778509256512742276e+00 3.348613523013202475e-01 6.000000000000000000e+01
-3.442940740579730097e+00 3.531398806196670570e-01 6.000000000000000000e+01
-3.108490421353410582e+00 3.715031412153834145e-01 6.000000000000000000e+01
-2.775171242328459353e+00 3.899520135860223280e-01 6.000000000000000000e+01
-2.442996282867377911e+00 4.084873754666246137e-01 6.000000000000000000e+01
-2.111978759150127782e+00 4.271101026748048701e-01 6.000000000000000000e+01
-1.782132025098078332e+00 4.458210689466280408e-01 6.000000000000000000e+01
-1.453469573269825732e+00 4.646211457632380415e-01 6.000000000000000000e+01
-1.126005035728481873e+00 4.835112021679864314e-01 6.000000000000000000e+01
-7.997521848777727760e-01 5.024921045740197156e-01 6.000000000000000000e+01
-4.747249342655393001e-01 5.215647165621509762e-01 6.000000000000000000e+01
-1.509373393534918228e-01 5.407298986688463538e-01 6.000000000000000000e+01
1.715964017496746929e-01 5.599885081642584916e-01 6.000000000000000000e+01
4.928619475926724891e-01 5.793413988200953879e-01 6.000000000000000000e+01
8.128448127260552436e-01 5.987894206672391695e-01 6.000000000000000000e+01
1.131530367088539490e+00 6.183334197429524171e-01 6.000000000000000000e+01
1.448903835436850640e+00 6.379742378275301551e-01 6.000000000000000000e+01
1.764950296821805598e+00 6.577127121702893708e-01 6.000000000000000000e+01
2.079654684112453911e+00 6.775496752047440729e-01 6.000000000000000000e+01
2.393001783570158025e+00 6.974859542528222267e-01 6.000000000000000000e+01
2.704976234475688024e+00 7.175223712180499591e-01 6.000000000000000000e+01
3.015562528810657117e+00 7.376597422675075233e-01 6.000000000000000000e+01
3.324745010996460692e+00 7.578988775025089497e-01 6.000000000000000000e+01
3.632507877692888965e+00 7.782405806178481766e-01 6.000000000000000000e+01
3.938835177658423614e+00 7.986856485495017477e-01 6.000000000000000000e+01
4.243710811675749817e+00 8.192348711107304560e-01 6.000000000000000000e+01
4.547118532543905189e+00 8.398890306164189523e-01 6.000000000000000000e+01
4.849041945140696086e+00 8.606489014956214545e-01 6.000000000000000000e+01
5.149464506557584365e+00 8.815152498922120827e-01 6.000000000000000000e+01
5.448369526309595479e+00 9.024888332535450086e-01 6.000000000000000000e+01
5.745740166623790834e+00 9.235703999071211978e-01 6.000000000000000000e+01
6.041559442808164704e+00 9.447606886251321834e-01 6.000000000000000000e+01
6.335810223704681832e+00 9.660604281769142876e-01 6.000000000000000000e+01
6.628475232229121161e+00 9.874703368692456795e-01 6.000000000000000000e+01
6.919537046000240998e+00 1.008991122074456293e+00 6.000000000000000000e+01
7.208978098062105211e+00 1.030623479746388016e+00 6.000000000000000000e+01
7.496780677702116868e+00 1.052368093924196835e+00 6.000000000000000000e+01
7.782926931367656564e+00 1.074225636224003688e+00 6.000000000000000000e+01
8.067398863685175670e+00 1.096196765318476984e+00 6.000000000000000000e+01
8.350178338584012039e+00 1.118282126404373633e+00 6.000000000000000000e+01
8.631247080528810400e+00 1.140482350658126087e+00 6.000000000000000000e+01
8.910586675863461537e+00 1.162798054679596405e+00 6.000000000000000000e+01
9.188178574269537435e+00 1.185229839924058837e+00 6.000000000000000000e+01
9.464004090343035358e+00 1.207778292122614783e+00 6.000000000000000000e+01
9.738044405291963912e+00 1.230443980691142469e+00 6.000000000000000000e+01
1.001028056875864714e+01 1.253227458128000960e+00 6.000000000000000000e+01
1.028069350076959587e+01 1.276129259400688776e+00 6.000000000000000000e+01
1.054926399381616342e+01 1.299149901321658529e+00 6.000000000000000000e+01
1.081597271506956481e+01 1.322289881913600196e+00 6.000000000000000000e+01
1.108080020873280525e+01 1.345549679764407314e+00 6.000000000000000000e+01
1.134372689853353222e+01 1.368929753372209346e+00 6.000000000000000000e+01
1.160473309036022549e+01 1.392430540480764201e+00 6.000000000000000000e+01
1.186379897504502878e+01 1.416052457405582388e+00 6.000000000000000000e+01
1.212090463129648299e+01 1.439795898351203807e+00 6.000000000000000000e+01
1.237603002878503311e+01 1.463661234720070370e+00 6.000000000000000000e+01
1.262915503138387763e+01 1.487648814413401466e+00 6.000000000000000000e+01
1.288025940056878049e+01 1.511758961124651135e+00 6.000000000000000000e+01
1.312932279897875176e+01 1.535991973625995266e+00 6.000000000000000000e+01
1.337632479414093822e+01 1.560348125048502510e+00 6.000000000000000000e+01
1.362124486236205101e+01 1.584827662156525818e+00 6.000000000000000000e+01
1.386406239278866082e+01 1.609430804616971855e+00 6.000000000000000000e+01
1.410475669163904477e+01 1.634157744264155498e+00 6.000000000000000000e+01
1.434330698660847325e+01 1.659008644360896456e+00 6.000000000000000000e+01
1.457969243145027072e+01 1.683983638856664244e+00 6.000000000000000000e+01
1.481389211073454071e+01 1.709082831643542244e+00 6.000000000000000000e+01
1.504588504478596533e+01 1.734306295810805532e+00 6.000000000000000000e+01
1.527565019480303121e+01 1.759654072899049737e+00 6.000000000000000000e+01
1.550316646815918453e+01 1.785126172154698265e+00 6.000000000000000000e+01
1.572841272388786216e+01 1.810722569785907066e+00 6.000000000000000000e+01
1.595136777835200093e+01 1.836443208220790657e+00 6.000000000000000000e+01
1.617201041109888848e+01 1.862287995369012572e+00 6.000000000000000000e+01
1.639031937090102531e+01 1.888256803887824908e+00 6.000000000000000000e+01
1.660627338198315428e+01 1.914349470453624802e+00 6.000000000000000000e+01
1.681985115043551104e+01 1.940565795040133157e+00 6.000000000000000000e+01
1.703103137081333784e+01 1.966905540204469061e+00 6.000000000000000000e+01
1.723979273292158254e+01 1.993368430382188583e+00 6.000000000000000000e+01
1.744611392878474376e+01 2.019954151192637770e+00 6.000000000000000000e+01
1.764997365980023147e+01 2.046662348755846406e+00 6.000000000000000000e+01
1.785135064407387873e+01 2.073492629022240408e+00 6.000000000000000000e+01
1.805022362393622259e+01 2.100444557116573741e+00 6.000000000000000000e+01
1.824657137363693593e+01 2.127517656697353488e+00 6.000000000000000000e+01
1.844037270721565491e+01 2.154711409333228911e+00 6.000000000000000000e+01
1.863160648654581664e+01 2.182025253897700079e+00 6.000000000000000000e+01
1.882025162954867170e+01 2.209458585983574253e+00 6.000000000000000000e+01
1.900628711857408959e+01 2.237010757338669720e+00 6.000000000000000000e+01
1.918969200894381544e+01 2.264681075324158410e+00 6.000000000000000000e+01
1.937044543765338389e+01 2.292468802397093164e+00 6.000000000000000000e+01
1.954852663222777309e+01 2.320373155618578931e+00 6.000000000000000000e+01
1.972391491972568645e+01 2.348393306189057839e+00 6.000000000000000000e+01
1.989658973588691993e+01 2.376528379012249559e+00 6.000000000000000000e+01
2.006653063441738993e+01 2.404777452289231565e+00 6.000000000000000000e+01
2.023371729640464523e+01 2.433139557144108789e+00 6.000000000000000000e+01
2.039812953985807908e+01 2.461613677282836754e+00 6.000000000000000000e+01
2.055974732936587657e+01 2.490198748686586416e+00 6.000000000000000000e+01
2.071855078586175836e+01 2.518893659341161939e+00 6.000000000000000000e+01
2.087452019649323987e+01 2.547697249003890274e+00 6.000000000000000000e+01
2.102763602458279735e+01 2.576608309009362330e+00 6.000000000000000000e+01
2.117787891967379821e+01 2.605625582115455252e+00 6.000000000000000000e+01
2.132522972765121594e+01 2.634747762390917902e+00 6.000000000000000000e+01
2.146966950092818394e+01 2.663973495145876669e+00 6.000000000000000000e+01
2.161117950868798232e+01 2.693301376906481082e+00 6.000000000000000000e+01
2.174974124717114066e+01 2.722729955434892712e+00 6.000000000000000000e+01
2.188533644999725780e+01 2.752257729795819508e+00 6.000000000000000000e+01
2.201794709850998899e+01 2.781883150470608967e+00 6.000000000000000000e+01
2.214755543213409084e+01 2.811604619520005066e+00 6.000000000000000000e+01
2.227414395873270436e+01 2.841420490796476628e+00 6.000000000000000000e+01
2.239769546495273644e+01 2.871329070207005785e+00 6.000000000000000000e+01
2.251819302654610055e+01 2.901328616027158080e+00 6.000000000000000000e+01
2.263562001865422957e+01 2.931417339267164746e+00 6.000000000000000000e+01
2.274996012604286477e+01 2.961593404090578030e+00 6.000000000000000000e+01
2.286119735327421409e+01 2.991854928286148851e+00 6.000000000000000000e+01
2.296931603480318884e+01 3.022199983793249611e+00 6.000000000000000000e+01
2.307430084498412626e+01 3.052626597281279164e+00 6.000000000000000000e+01
2.317613680797474984e+01 3.083132750783242670e+00 6.000000000000000000e+01
2.327480930752317079e+01 3.113716382383605374e+00 6.000000000000000000e+01
2.337030409662491337e+01 3.144375386960517549e+00 6.000000000000000000e+01
2.346260730703521702e+01 3.175107616982211667e+00 6.000000000000000000e+01
2.355170545862362985e+01 3.205910883357440788e+00 6.000000000000000000e+01
2.363758546855655496e+01 3.236782956339599338e+00 6.000000000000000000e+01
2.372023466029412475e+01 3.267721566484010243e+00 6.000000000000000000e+01
2.379964077238768638e+01 3.298724405657931680e+00 6.000000000000000000e+01
2.387579196706439788e+01 3.329789128102431661e+00 6.000000000000000000e+01
2.394867683858541341e+01 3.360913351545427474e+00 6.000000000000000000e+01
2.401828442136445219e+01 3.392094658364888549e+00 6.000000000000000000e+01
2.408460419783374107e+01 3.423330596801119619e+00 6.000000000000000000e+01
2.414762610604458715e+01 3.454618682216959780e+00 6.000000000000000000e+01
2.420734054699013171e+01 3.485956398404590484e+00 6.000000000000000000e+01
2.426373839163812818e+01 3.517341198937442570e+00 6.000000000000000000e+01
2.431681098766197735e+01 3.548770508565776360e+00 6.000000000000000000e+01
2.436655016585873668e+01 3.580241724654117164e+00 6.000000000000000000e+01
2.441294824624306159e+01 3.611752218658898173e+00 6.000000000000000000e+01
2.445599804380684006e+01 3.643299337644352764e+00 6.000000000000000000e+01
2.449569287393409311e+01 3.674880405834642705e+00 6.000000000000000000e+01
2.453202655746247629e+01 3.706492726200225629e+00 6.000000000000000000e+01
2.456499342538157293e+01 3.738133582076145878e+00 6.000000000000000000e+01
2.459458832316061105e+01 3.769800238810095738e+00 6.000000000000000000e+01
2.462080661469724774e+01 3.801489945437812157e+00 6.000000000000000000e+01
2.464364418588064254e+01 3.833199936383368200e+00 6.000000000000000000e+01
2.466309744776261681e+01 3.864927433181920335e+00 6.000000000000000000e+01
2.467916333933082385e+01 3.896669646222245209e+00 6.000000000000000000e+01
2.469183932987917984e+01 3.928423776506523080e+00 6.000000000000000000e+01
2.470112342097128177e+01 3.960187017424637634e+00 6.000000000000000000e+01
2.470701414799311024e+01 3.991956556540266376e+00 6.000000000000000000e+01
2.470951058129223199e+01 4.023729577386053080e+00 6.000000000000000000e+01
2.470951058129223199e+01 4.023729577386053080e+00 6.000000000000000000e+01
2.470861232690153386e+01 4.055503261265039683e+00 6.000000000000000000e+01
2.470431952684604582e+01 4.087274789055562074e+00 6.000000000000000000e+01
2.469663285903232719e+01 4.119041343016818679e+00 6.000000000000000000e+01
2.468555353672071107e+01 4.150800108592282101e+00 6.000000000000000000e+01
2.467108330758119195e+01 4.182548276208151172e+00 6.000000000000000000e+01
2.465322445233481119e+01 4.214283043064075862e+00 6.000000000000000000e+01
2.463197978298301649e+01 4.246001614913333277e+00 6.000000000000000000e+01
2.460735264062807204e+01 4.277701207829783137e+00 6.000000000000000000e+01
2.457934689288870089e+01 4.309379049958833363e+00 6.000000000000000000e+01
2.454796693091532944e+01 4.341032383249839199e+00 6.000000000000000000e+01
2.451321766601060403e+01 4.372658465167260644e+00 6.000000000000000000e+01
2.447510452586108087e+01 4.404254570378083322e+00 6.000000000000000000e+01
2.443363345038673984e+01 4.435817992413038091e+00 6.000000000000000000e+01
2.438881088721599610e+01 4.467346045299170676e+00 6.000000000000000000e+01
2.434064378679382656e+01 4.498836065161522235e+00 6.000000000000000000e+01
2.428913959713196036e+01 4.530285411791615147e+00 6.000000000000000000e+01
2.423430625821003304e+01 4.561691470180657682e+00 6.000000000000000000e+01
2.417615219603763776e+01 4.593051652015400776e+00 6.000000000000000000e+01
2.411468631638729576e+01 4.624363397134735543e+00 6.000000000000000000e+01
2.404991799820920306e+01 4.655624174945166338e+00 6.000000000000000000e+01
2.398185708673892691e+01 4.686831485793454988e+00 6.000000000000000000e+01
2.391051388630941332e+01 4.717982862294847202e+00 6.000000000000000000e+01
2.383589915287956984e+01 4.749075870615342865e+00 6.000000000000000000e+01
2.375802408629148488e+01 4.780108111706692142e+00 6.000000000000000000e+01
2.367690032226903085e+01 4.811077222492825101e+00 6.000000000000000000e+01
2.359253992417066215e+01 4.841980877006600181e+00 6.000000000000000000e+01
2.350495537450962047e+01 4.872816787475864331e+00 6.000000000000000000e+01
2.341415956625484540e+01 4.903582705357953486e+00 6.000000000000000000e+01
2.332016579392613664e+01 4.934276422321852706e+00 6.000000000000000000e+01
2.322298774449716063e+01 4.964895771177397776e+00 6.000000000000000000e+01
2.312263948812002567e+01 4.995438626751002253e+00 6.000000000000000000e+01
2.301913546868542682e+01 5.025902906707512052e+00 6.000000000000000000e+01
2.291249049423178263e+01 5.056286572317937988e+00 6.000000000000000000e+01
2.280271972721777018e+01 5.086587629172877989e+00 6.000000000000000000e+01
2.268983867467152749e+01 5.116804127841636074e+00 6.000000000000000000e+01
2.257386317823056388e+01 5.146934164477062090e+00 6.000000000000000000e+01
2.245480940408586790e+01 5.176975881366351118e+00 6.000000000000000000e+01
2.233269383284379472e+01 5.206927467428046796e+00 6.000000000000000000e+01
2.220753324931899542e+01 5.236787158655674901e+00 6.000000000000000000e+01
2.207934473227173555e+01 5.266553238508491219e+00 6.000000000000000000e+01
2.194814564410222246e+01 5.296224038249905952e+00 6.000000000000000000e+01
2.181395362051503639e+01 5.325797937234325374e+00 6.000000000000000000e+01
2.167678656016585492e+01 5.355273363143100873e+00 6.000000000000000000e+01
2.153666261430283413e+01 5.384648792170487752e+00 6.000000000000000000e+01
2.139360017641441303e+01 5.413922749160503756e+00 6.000000000000000000e+01
2.124761787189521556e+01 5.443093807695700725e+00 6.000000000000000000e+01
2.109873454774124113e+01 5.472160590138916092e+00 6.000000000000000000e+01
2.094696926228525768e+01 5.501121767629090442e+00 6.000000000000000000e+01
2.079234127498293105e+01 5.529976060032384844e+00 6.000000000000000000e+01
2.063487003625987271e+01 5.558722235849798743e+00 6.000000000000000000e+01
2.047457517742935806e+01 5.587359112082570078e+00 6.000000000000000000e+01
2.031147650069016919e+01 5.615885554056705864e+00 6.000000000000000000e+01
2.014559396921345780e+01 5.644300475207963075e+00 6.000000000000000000e+01
1.997694769732731856e+01 5.672602836828715134e+00 6.000000000000000000e+01
1.980555794080715160e+01 5.700791647778102877e+00 6.000000000000000000e+01
1.963144508727965842e+01 5.728865964156917734e+00 6.000000000000000000e+01
1.945462964674775463e+01 5.756824888948678165e+00 6.000000000000000000e+01
1.927513224224331267e+01 5.784667571628395066e+00 6.000000000000000000e+01
1.909297360061435711e+01 5.812393207740485401e+00 6.000000000000000000e+01
1.890817454345274484e+01 5.840001038447363513e+00 6.000000000000000000e+01
1.872075597816781567e+01 5.867490350050176495e+00 6.000000000000000000e+01
1.853073888921173662e+01 5.894860473483203300e+00 6.000000000000000000e+01
1.833814432946087081e+01 5.922110783783389287e+00 6.000000000000000000e+01
1.814299341175822278e+01 5.949240699536515464e+00 6.000000000000000000e+01
1.794530730062035673e+01 5.976249682301470578e+00 6.000000000000000000e+01
1.774510720411314324e+01 6.003137236014069344e+00 6.000000000000000000e+01
1.754241436589920156e+01 6.029902906371875204e+00 6.000000000000000000e+01
1.733725005746019932e+01 6.056546280201430932e+00 6.000000000000000000e+01
1.712963557049643271e+01 6.083066984809312849e+00 6.000000000000000000e+01
1.691959220950607445e+01 6.109464687318356013e+00 6.000000000000000000e+01
1.670714128454590153e+01 6.135739093990424387e+00 6.000000000000000000e+01
1.649230410417507287e+01 6.161889949537017408e+00 6.000000000000000000e+01
1.627510196858315439e+01 6.187917036419008809e+00 6.000000000000000000e+01
1.605555616290342869e+01 6.213820174136793995e+00 6.000000000000000000e+01
1.583368795071195656e+01 6.239599218512017487e+00 6.000000000000000000e+01
1.560951856771304591e+01 6.265254060962111460e+00 6.000000000000000000e+01
1.538306921561074780e+01 6.290784627768791992e+00 6.000000000000000000e+01
1.515436105616663731e+01 6.316190879341598396e+00 6.000000000000000000e+01
1.492341520544311884e+01 6.341472809477578743e+00 6.000000000000000000e+01
1.469025272823187933e+01 6.366630444618163409e+00 6.000000000000000000e+01
1.445489463266627972e+01 6.391663843104192999e+00 6.000000000000000000e+01
1.421736186501672705e+01 6.416573094430127355e+00 6.000000000000000000e+01
1.397767530466775732e+01 6.441358318498292768e+00 6.000000000000000000e+01
1.373585575927526392e+01 6.466019664874091966e+00 6.000000000000000000e+01
1.349192396010219319e+01 6.490557312043014448e+00 6.000000000000000000e+01
1.324590055753067119e+01 6.514971466670250066e+00 6.000000000000000000e+01
1.299780611674899333e+01 6.539262362863687450e+00 6.000000000000000000e+01
1.274766111361085841e+01 6.563430261441018487e+00 6.000000000000000000e+01
1.249548593066477942e+01 6.587475449201638078e+00 6.000000000000000000e+01
1.224130085335127305e+01 6.611398238204013289e+00 6.000000000000000000e+01
1.198512606636517397e+01 6.635198965049130315e+00 6.000000000000000000e+01
1.172698165018055150e+01 6.658877990170599226e+00 6.000000000000000000e+01
1.146688757773541667e+01 6.682435697131979602e+00 6.000000000000000000e+01
1.120486371127345393e+01 6.705872491931839541e+00 6.000000000000000000e+01
1.094092979933991927e+01 6.729188802316993012e+00 6.000000000000000000e+01
1.067510547392856957e+01 6.752385077104438693e+00 6.000000000000000000e+01
1.040741024777687862e+01 6.775461785512337798e+00 6.000000000000000000e+01
1.013786351180616130e+01 6.798419416500451895e+00 6.000000000000000000e+01
9.866484532703767130e+00 6.821258478120417301e+00 6.000000000000000000e+01
9.593292450644055336e+00 6.843979496876109181e+00 6.000000000000000000e+01
9.318306277144849048e+00 6.866583017094500363e+00 6.000000000000000000e+01
9.041544893056482124e+00 6.889069600307164087e+00 6.000000000000000000e+01
8.763027046679891185e+00 6.911439824642764407e+00 6.000000000000000000e+01
8.482771352010752608e+00 6.933694284230686122e+00 6.000000000000000000e+01
8.200796287106244975e+00 6.955833588616038732e+00 6.000000000000000000e+01
7.917120192571394099e+00 6.977858362186176500e+00 6.000000000000000000e+01
7.631761270161552702e+00 6.999769243608901625e+00 6.000000000000000000e+01
7.344737581498026024e+00 7.021566885282471304e+00 6.000000000000000000e+01
7.056067046893488737e+00 7.043251952797493942e+00 6.000000000000000000e+01
6.765767444283950383e+00 7.064825124410854862e+00 6.000000000000000000e+01
6.473856408264335727e+00 7.086287090531674160e+00 6.000000000000000000e+01
6.180351429224318238e+00 7.107638553219395305e+00 6.000000000000000000e+01
5.885269852581500594e+00 7.128880225694009809e+00 6.000000000000000000e+01
5.588628878108590214e+00 7.150012831858472140e+00 6.000000000000000000e+01
5.290445559351891092e+00 7.171037105833248937e+00 6.000000000000000000e+01
4.990736803137803435e+00 7.191953791503071791e+00 6.000000000000000000e+01
4.689519369164664830e+00 7.212763642075783466e+00 6.000000000000000000e+01
4.386809869676651985e+00 7.233467419653329067e+00 6.000000000000000000e+01
4.082624769217289895e+00 7.254065894814764270e+00 6.000000000000000000e+01
3.776980384459456719e+00 7.274559846211295699e+00 6.000000000000000000e+01
3.469892884109248676e+00 7.294950060173224671e+00 6.000000000000000000e+01
3.161378288881008469e+00 7.315237330328760557e+00 6.000000000000000000e+01
2.851452471540638189e+00 7.335422457234610505e+00 6.000000000000000000e+01
2.540131157014940744e+00 7.355506248018231830e+00 6.000000000000000000e+01
2.227429922564114761e+00 7.375489516031675130e+00 6.000000000000000000e+01
1.913364198015121476e+00 7.395373080516899122e+00 6.000000000000000000e+01
1.597949266053237061e+00 7.415157766282441720e+00 6.000000000000000000e+01
1.281200262569668791e+00 7.434844403391355883e+00 6.000000000000000000e+01
9.631321770627224721e-01 7.454433826860246803e+00 6.000000000000000000e+01
6.437598530902619576e-01 7.473926876369330508e+00 6.000000000000000000e+01
3.230979887713583132e-01 7.493324395983351316e+00 6.000000000000000000e+01
1.161137334658512944e-03 7.512627233883256039e+00 6.000000000000000000e+01
-3.220362922881453427e-01 7.531836242108468582e+00 6.000000000000000000e+01
-6.464800348262883523e-01 7.550952276309623734e+00 6.000000000000000000e+01
-9.721559679930973363e-01 7.569976195511675776e+00 6.000000000000000000e+01
-1.299050111770294391e+00 7.588908861887163404e+00 6.000000000000000000e+01
-1.627148627655305768e+00 7.607751140539562584e+00 6.000000000000000000e+01
-1.956437817873622143e+00 7.626503899296545264e+00 6.000000000000000000e+01
-2.286904124557721740e+00 7.645168008513044455e+00 6.000000000000000000e+01
-2.618534128894298263e+00 7.663744340883923201e+00 6.000000000000000000e+01
-2.951314550241753043e+00 7.682233771266199440e+00 6.000000000000000000e+01
-3.285232245219124714e+00 7.700637176510599424e+00 6.000000000000000000e+01
-3.620274206768515413e+00 7.718955435302394363e+00 6.000000000000000000e+01
-3.956427563191988295e+00 7.737189428011284953e+00 6.000000000000000000e+01
-4.293679577164865258e+00 7.755340036550318672e+00 6.000000000000000000e+01
-4.632017644726597716e+00 7.773408144243614259e+00 6.000000000000000000e+01
-4.971429294250593323e+00 7.791394635702816096e+00 6.000000000000000000e+01
-5.311902185394352216e+00 7.809300396712164805e+00 6.000000000000000000e+01
-5.653424108031154915e+00 7.827126314122010875e+00 6.000000000000000000e+01
-5.995982981164591941e+00 7.844873275750735786e+00 6.000000000000000000e+01
-6.339566851826947236e+00 7.862542170294881672e+00 6.000000000000000000e+01
-6.684163893962813852e+00 7.880133887247461999e+00 6.000000000000000000e+01
-7.029762407298664861e+00 7.897649316824265853e+00 6.000000000000000000e+01
-7.376350816199968463e+00 7.915089349898150495e+00 6.000000000000000000e+01
-7.723917668516142143e+00 7.932454877941126803e+00 6.000000000000000000e+01
-8.072451634414967714e+00 7.949746792974238474e+00 6.000000000000000000e+01
-8.421941505207000134e+00 7.966965987525070680e+00 6.000000000000000000e+01
-8.772376192160908914e+00 7.984113354592868639e+00 6.000000000000000000e+01
-9.123744725310775294e+00 8.001189787621147076e+00 6.000000000000000000e+01
-9.476036252255758185e+00 8.018196180477744406e+00 6.000000000000000000e+01
-9.829240036953502013e+00 8.035133427442245235e+00 6.000000000000000000e+01
-1.018334545850729000e+01 8.052002423200715242e+00 6.000000000000000000e+01
-1.053834200994831249e+01 8.068804062847711123e+00 6.000000000000000000e+01
-1.089421929701320479e+01 8.085539241895469686e+00 6.000000000000000000e+01
-1.125096703691774280e+01 8.102208856290301853e+00 6.000000000000000000e+01
-1.160857505712736604e+01 8.118813802436111615e+00 6.000000000000000000e+01
-1.196703329412466843e+01 8.135354977225018658e+00 6.000000000000000000e+01
-1.232633179217500441e+01 8.151833278075070410e+00 6.000000000000000000e+01
-1.268646070209011256e+01 8.168249602975048873e+00 6.000000000000000000e+01
-1.304741027999065750e+01 8.184604850536315368e+00 6.000000000000000000e+01
-1.340917088606793506e+01 8.200899920051755387e+00 6.000000000000000000e+01
-1.377173298334511564e+01 8.217135711561779132e+00 6.000000000000000000e+01
-1.413508713643862258e+01 8.233313125927422149e+00 6.000000000000000000e+01
-1.449922401031970942e+01 8.249433064910590474e+00 6.000000000000000000e+01
-1.486413436907685970e+01 8.265496431261420085e+00 6.000000000000000000e+01
-1.522980907467901623e+01 8.281504128812855470e+00 6.000000000000000000e+01
-1.559623908574030082e+01 8.297457062582488163e+00 6.000000000000000000e+01
-1.596341545628597558e+01 8.313356138881669466e+00 6.000000000000000000e+01
-1.633132933452042934e+01 8.329202265432019914e+00 6.000000000000000000e+01
-1.669997196159690134e+01 8.344996351489399444e+00 6.000000000000000000e+01
-1.706933467038945906e+01 8.360739307975412871e+00 6.000000000000000000e+01
-1.743940888426720548e+01 8.376432047616566123e+00 6.000000000000000000e+01
-1.781018611587099088e+01 8.392075485091188725e+00 6.000000000000000000e+01
-1.818165796589253702e+01 8.407670537184218418e+00 6.000000000000000000e+01
-1.855381612185628981e+01 8.423218122950025588e+00 6.000000000000000000e+01
-1.892665235690392223e+01 8.438719163883384056e+00 6.000000000000000000e+01
-1.930015852858155156e+01 8.454174584098760548e+00 6.000000000000000000e+01
-1.967432657762980242e+01 8.469585310518111143e+00 6.000000000000000000e+01
-2.004914852677646664e+01 8.484952273067353445e+00 6.000000000000000000e+01
-2.042461647953211212e+01 8.500276404881702774e+00 6.000000000000000000e+01
-2.080072261898812513e+01 8.515558642520131727e+00 6.000000000000000000e+01
-2.117745920661767656e+01 8.530799926189121862e+00 6.000000000000000000e+01
-2.155481858107899029e+01 8.546001199976027252e+00 6.000000000000000000e+01
-2.193279315702115539e+01 8.561163412092238190e+00 6.000000000000000000e+01
-2.231137542389225814e+01 8.576287515126471916e+00 6.000000000000000000e+01
-2.269055794474959598e+01 8.591374466308504765e+00 6.000000000000000000e+01
-2.307033335507200178e+01 8.606425227783580212e+00 6.000000000000000000e+01
-2.345069436157381659e+01 8.621440766897967123e+00 6.000000000000000000e+01
-2.383163374102047527e+01 8.636422056495884902e+00 6.000000000000000000e+01
-2.421314433904551322e+01 8.651370075228276946e+00 6.000000000000000000e+01
-2.459521906896855370e+01 8.666285807873801872e+00 6.000000000000000000e+01
-2.497785091061397367e+01 8.681170245672470642e+00 6.000000000000000000e+01
-2.536103290913025177e+01 8.696024386672380757e+00 6.000000000000000000e+01
-2.574475817380931630e+01 8.710849236090050240e+00 6.000000000000000000e+01
-2.612901987690560546e+01 8.725645806684845240e+00 6.000000000000000000e+01
-2.651381125245456971e+01 8.740415119148050138e+00 6.000000000000000000e+01
-2.689912559509011203e+01 8.755158202507120180e+00 6.000000000000000000e+01
-2.728495625886057496e+01 8.769876094545786316e+00 6.000000000000000000e+01
-2.767129665604262101e+01 8.784569842240596671e+00 6.000000000000000000e+01
-2.805814025595270422e+01 8.799240502214578541e+00 6.000000000000000000e+01
-2.844548058375561439e+01 8.813889141208740341e+00 6.000000000000000000e+01
-2.883331121926930507e+01 8.828516836572223525e+00 6.000000000000000000e+01
-2.922162579576556496e+01 8.843124676771784820e+00 6.000000000000000000e+01
-2.961041799876577585e+01 8.857713761921576889e+00 6.000000000000000000e+01
-2.999968156483136994e+01 8.872285204334042774e+00 6.000000000000000000e+01
-3.038941028034771108e+01 8.886840129092918872e+00 6.000000000000000000e+01
-3.077959798030133243e+01 8.901379674649303908e+00 6.000000000000000000e+01
-3.117023854704898866e+01 8.915904993441879256e+00 6.000000000000000000e+01
-3.156132590907845881e+01 8.930417252542403261e+00 6.000000000000000000e+01
-3.195285403975931615e+01 8.944917634327616440e+00 6.000000000000000000e+01
-3.234481695608368312e+01 8.959407337178923569e+00 6.000000000000000000e+01
-3.273720871739499216e+01 8.973887576210998418e+00 6.000000000000000000e+01
-3.313002342410446488e+01 8.988359584030918725e+00 6.000000000000000000e+01
-3.352325521639377115e+01 9.002824611529144150e+00 6.000000000000000000e+01
-3.391689827290288406e+01 9.017283928704024731e+00 6.000000000000000000e+01
-3.431094680940144315e+01 9.031738825521472336e+00 6.000000000000000000e+01
-3.470539507744314989e+01 9.046190612811530585e+00 6.000000000000000000e+01
-3.510023736300080088e+01 9.060640623203786603e+00 6.000000000000000000e+01
-3.549546798508112033e+01 9.075090212103532394e+00 6.000000000000000000e+01
-3.589108129431768646e+01 9.089540758710851875e+00 6.000000000000000000e+01
-3.628707167154012581e+01 9.103993667084846919e+00 6.000000000000000000e+01
-3.668343352631774934e+01 9.118450367255350741e+00 6.000000000000000000e+01
-3.708016129547625894e+01 9.132912316384672380e+00 6.000000000000000000e+01
-3.747724944158481719e+01 9.147380999982084759e+00 6.000000000000000000e+01
-3.787469245141208773e+01 9.161857933173816804e+00 6.000000000000000000e+01
-3.827248483434818382e+01 9.176344662031659993e+00 6.000000000000000000e+01
-3.867062112079101865e+01 9.190842764963349509e+00 6.000000000000000000e+01
-3.906909586049390981e+01 9.205353854168189187e+00 6.000000000000000000e+01
-3.946790362087209303e+01 9.219879577161497863e+00 6.000000000000000000e+01
-3.986703898526502599e+01 9.234421618371829510e+00 6.000000000000000000e+01
-4.026649655115163284e+01 9.248981700815036788e+00 6.000000000000000000e+01
-4.066627092831514290e+01 9.263561587849634904e+00 6.000000000000000000e+01
-4.106635673695438982e+01 9.278163085018103828e+00 6.000000000000000000e+01
-4.146674860573725141e+01 9.292788041979193281e+00 6.000000000000000000e+01
-4.186744116979304664e+01 9.307438354536520464e+00 6.000000000000000000e+01
-4.226842906863900140e+01 9.322115966769224826e+00 6.000000000000000000e+01
-4.266970694403735109e+01 9.336822873270724799e+00 6.000000000000000000e+01
-4.307126943777683437e+01 9.351561121502115270e+00 6.000000000000000000e+01
-4.347311118937503238e+01 9.366332814267201101e+00 6.000000000000000000e+01
-4.387522683369497400e+01 9.381140112316556312e+00 6.000000000000000000e+01
-4.427761099847075599e+01 9.395985237088643416e+00 6.000000000000000000e+01
-4.468025830173586144e+01 9.410870473596553154e+00 6.000000000000000000e+01
-4.508316334914731272e+01 9.425798173469466690e+00 6.000000000000000000e+01
-4.548632073119868124e+01 9.440770758158715026e+00 6.000000000000000000e+01
-4.588972502031410983e+01 9.455790722318964114e+00 6.000000000000000000e+01
-4.629337076781536098e+01 9.470860637375846380e+00 6.000000000000000000e+01
-4.669725250075272527e+01 9.485983155292153413e+00 6.000000000000000000e+01
-4.710136471859033236e+01 9.501161012545756179e+00 6.000000000000000000e+01
-4.750570188973588870e+01 9.516397034333184735e+00 6.000000000000000000e+01
-4.791025844790334531e+01 9.531694139014057043e+00 6.000000000000000000e+01
-4.831502878829706304e+01 9.547055342812663881e+00 6.000000000000000000e+01
-4.872000726360437994e+01 9.562483764794205143e+00 6.000000000000000000e+01
-4.912518817978276076e+01 9.577982632134625973e+00 6.000000000000000000e+01
-4.953056579162682738e+01 9.593555285704468361e+00 6.000000000000000000e+01
-4.993613429809887805e+01 9.609205185988807685e+00 6.000000000000000000e+01
-5.034188783740567175e+01 9.624935919367066717e+00 6.000000000000000000e+01
-5.074782048180253469e+01 9.640751204778448269e+00 6.000000000000000000e+01
-5.115392623210426137e+01 9.656654900800946351e+00 6.000000000000000000e+01
-5.156019901188089705e+01 9.672651013173982903e+00 6.000000000000000000e+01
-5.196663266131412229e+01 9.688743702797502522e+00 6.000000000000000000e+01
-5.237322093068850393e+01 9.704937294242906631e+00 6.000000000000000000e+01
-5.277995747348895605e+01 9.721236284814358086e+00 6.000000000000000000e+01
-5.318683583907367307e+01 9.737645354202243198e+00 6.000000000000000000e+01
-5.359384946488950874e+01 9.754169374774278367e+00 6.000000000000000000e+01
-5.400099166819236274e+01 9.770813422553633387e+00 6.000000000000000000e+01
-5.440825563723376490e+01 9.787582788937978506e+00 6.000000000000000000e+01
-5.481563442186952528e+01 9.804482993218075038e+00 6.000000000000000000e+01
-5.522312092354314927e+01 9.821519795959863686e+00 6.000000000000000000e+01
-5.563070788459273786e+01 9.838699213319983983e+00 6.000000000000000000e+01
-5.603838787682349931e+01 9.856027532370896793e+00 6.000000000000000000e+01
-5.644615328928480125e+01 9.873511327519173264e+00 6.000000000000000000e+01
-5.685399631518277630e+01 9.891157478108196344e+00 6.000000000000000000e+01
-5.726190893785435776e+01 9.908973187305379682e+00 6.000000000000000000e+01
-5.766988291571974656e+01 9.926966002383609933e+00 6.000000000000000000e+01
-5.807790976612341183e+01 9.945143836517356561e+00 6.000000000000000000e+01
-5.848598074796401391e+01 9.963514992225782407e+00 6.000000000000000000e+01
-5.889408684300305197e+01 9.982088186608400804e+00 6.000000000000000000e+01
-5.930221873573167812e+01 1.000087257853351375e+01 6.000000000000000000e+01
-5.971036679166120109e+01 1.001987779795602584e+01 6.000000000000000000e+01
-6.011852103388970647e+01 1.003911397755947199e+01 6.000000000000000000e+01
-6.052667111778047371e+01 1.005859178693739153e+01 6.000000000000000000e+01
-6.093480630357080230e+01 1.007832246955198841e+01 6.000000000000000000e+01
-6.134291542670877817e+01 1.009831788273334041e+01 6.000000000000000000e+01
-6.175098686569413076e+01 1.011859054101092248e+01 6.000000000000000000e+01
-6.215900850717336823e+01 1.013915366310110500e+01 6.000000000000000000e+01
-6.256696770801053731e+01 1.016002122291001442e+01 6.000000000000000000e+01
-6.297485125402342021e+01 1.018120800495145950e+01 6.000000000000000000e+01
-6.338264531503794785e+01 1.020272966462473008e+01 6.000000000000000000e+01
-6.379033539587207713e+01 1.022460279384812232e+01 6.000000000000000000e+01
-6.419790628281418776e+01 1.024684499260139603e+01 6.000000000000000000e+01
-6.460534198510733006e+01 1.026947494699532903e+01 6.000000000000000000e+01
-6.501262567088994615e+01 1.029251251455963612e+01 6.000000000000000000e+01
-6.541973959697502039e+01 1.031597881752368195e+01 6.000000000000000000e+01
-6.582666503177065920e+01 1.033989634495816468e+01 6.000000000000000000e+01
-6.623338217055473365e+01 1.036428906475268441e+01 6.000000000000000000e+01
-6.663987004221377219e+01 1.038918254652506690e+01 6.000000000000000000e+01
-6.704610640643707598e+01 1.041460409669586262e+01 6.000000000000000000e+01
-6.745206764022169921e+01 1.044058290711811843e+01 6.000000000000000000e+01
-6.785772861238694986e+01 1.046715021883078123e+01 6.000000000000000000e+01
-6.826306254461745482e+01 1.049433950270763560e+01 6.000000000000000000e+01
-6.866804085734388252e+01 1.052218665900565853e+01 6.000000000000000000e+01
-6.907263299853086380e+01 1.055073023808211374e+01 6.000000000000000000e+01
-6.947680625316078817e+01 1.058001168485253629e+01 6.000000000000000000e+01
-6.988052553087791807e+01 1.061007560990876541e+01 6.000000000000000000e+01
-7.028375312887961002e+01 1.064097009061254262e+01 6.000000000000000000e+01
-7.068644846670049731e+01 1.067274700593437053e+01 6.000000000000000000e+01
-7.108856778902237750e+01 1.070546240932647208e+01 6.000000000000000000e+01
-7.149006383204013559e+01 1.073917694451291283e+01 6.000000000000000000e+01
-7.189088544821159132e+01 1.077395630975884977e+01 6.000000000000000000e+01
-7.229097718339083656e+01 1.080987177695569379e+01 6.000000000000000000e+01
-7.269027879937549130e+01 1.084700077274196417e+01 6.000000000000000000e+01
-7.308872473375515710e+01 1.088542752988239215e+01 6.000000000000000000e+01
-7.348624348760206715e+01 1.092524381826319058e+01 6.000000000000000000e+01
-7.388275692995908628e+01 1.096654976613970867e+01 6.000000000000000000e+01
-7.427817950620445231e+01 1.100945478370212882e+01 6.000000000000000000e+01
-7.467241733516242164e+01 1.105407860260857866e+01 6.000000000000000000e+01
-7.506536717721419905e+01 1.110055244686610543e+01 6.000000000000000000e+01
-7.545691525257933563e+01 1.114902035229815169e+01 6.000000000000000000e+01
-7.584693588529934516e+01 1.119964065377807394e+01 6.000000000000000000e+01
-7.623528994417125659e+01 1.125258766135304711e+01 6.000000000000000000e+01
-7.662182304685209999e+01 1.130805354819866615e+01 6.000000000000000000e+01
-7.700636348747804050e+01 1.136625047482081463e+01 6.000000000000000000e+01
-7.738871984131795045e+01 1.142741297472968931e+01 6.000000000000000000e+01
-7.776867819212405664e+01 1.149180062645451272e+01 6.000000000000000000e+01
-7.814599891891302264e+01 1.155970103450396280e+01 6.000000000000000000e+01
-7.852041296894554989e+01 1.163143313661425360e+01 6.000000000000000000e+01
-7.889161753285308976e+01 1.170735084477537491e+01 6.000000000000000000e+01
-7.925927102660168089e+01 1.178784701080287611e+01 6.000000000000000000e+01
-7.962298727409303467e+01 1.187335768039043060e+01 6.000000000000000000e+01
-7.998232877509137495e+01 1.196436655811192473e+01 6.000000000000000000e+01
-8.033679893818211326e+01 1.206140954353560701e+01 6.000000000000000000e+01
-8.068583316137191730e+01 1.216507910716097918e+01 6.000000000000000000e+01
-8.102878865954122034e+01 1.227602814355001293e+01 6.000000000000000000e+01
-8.136493297700154415e+01 1.239497275460318626e+01 6.000000000000000000e+01
-8.169343119759908234e+01 1.252269316353600814e+01 6.000000000000000000e+01
-8.201333199195390478e+01 1.266003162551943895e+01 6.000000000000000000e+01
-8.232355284525483796e+01 1.280788577593615862e+01 6.000000000000000000e+01
-8.262286511891137764e+01 1.296719534990803702e+01 6.000000000000000000e+01
-8.290988004741009831e+01 1.313891965958123009e+01 6.000000000000000000e+01
-8.318303738472233988e+01 1.332400273298055460e+01 6.000000000000000000e+01
-8.344059919712427131e+01 1.352332280293957467e+01 6.000000000000000000e+01
-8.368065220401911120e+01 1.373762322414947334e+01 6.000000000000000000e+01
-8.390112295254142794e+01 1.396742337180356941e+01 6.000000000000000000e+01
-8.409981068750232680e+01 1.421291119061182862e+01 6.000000000000000000e+01
-8.427444258392030463e+01 1.447382422033905769e+01 6.000000000000000000e+01
-8.442275445596192185e+01 1.474933294133117379e+01 6.000000000000000000e+01
-8.454259662017693699e+01 1.503794782527334561e+01 6.000000000000000000e+01
-8.463205918973626751e+01 1.533747668596689628e+01 6.000000000000000000e+01
-8.468960452511889514e+01 1.564505787542011284e+01 6.000000000000000000e+01
-8.471418880306535470e+01 1.595728435417824009e+01 6.000000000000000000e+01
-8.470535231704317880e+01 1.627041392314213653e+01 6.000000000000000000e+01
-8.466326127006257707e+01 1.658063744914011295e+01 6.000000000000000000e+01
-8.458869252101872860e+01 1.688435911548355506e+01 6.000000000000000000e+01
-8.448296444087019097e+01 1.717843885985330843e+01 6.000000000000000000e+01
-8.434782760588259976e+01 1.746035912661655942e+01 6.000000000000000000e+01
-8.418533497930812359e+01 1.772830009124870543e+01 6.000000000000000000e+01
-8.399771131153880788e+01 1.798113001145004120e+01 6.000000000000000000e+01
-8.378723700592220780e+01 1.821833256590775107e+01 6.000000000000000000e+01
-8.355615521408947188e+01 1.843989830301122268e+01 6.000000000000000000e+01
-8.330660481029592290e+01 1.864620456180198715e+01 6.000000000000000000e+01
-8.304057749664828236e+01 1.883790133994007121e+01 6.000000000000000000e+01
-8.275989489849459346e+01 1.901581306192404242e+01 6.000000000000000000e+01
-8.246620074975866999e+01 1.918086008615792082e+01 6.000000000000000000e+01
-8.216096354820619752e+01 1.933399973766857727e+01 6.000000000000000000e+01
-8.184548584567504292e+01 1.947618447147756982e+01 6.000000000000000000e+01
-8.152091725889034990e+01 1.960833393722922580e+01 6.000000000000000000e+01
-8.118826913722449490e+01 1.973131769684074044e+01 6.000000000000000000e+01
-8.084842951847676318e+01 1.984594573626724312e+01 6.000000000000000000e+01
-8.050217752711189689e+01 1.995296444731720342e+01 6.000000000000000000e+01
-8.015019674051454501e+01 2.005305628986771538e+01 6.000000000000000000e+01
-7.979308729874095718e+01 2.014684181124588847e+01 6.000000000000000000e+01
-7.943137669324599415e+01 2.023488307645209261e+01 6.000000000000000000e+01
-7.906552926666951464e+01 2.031768785249844100e+01 6.000000000000000000e+01
-7.869595450951858595e+01 2.039571410472956359e+01 6.000000000000000000e+01
-7.832301426546524681e+01 2.046937451759599469e+01 6.000000000000000000e+01
-7.794702896546453985e+01 2.053904086112630267e+01 6.000000000000000000e+01
-7.756828300905993956e+01 2.060504809922265679e+01 6.000000000000000000e+01
-7.718702940371318277e+01 2.066769818631052757e+01 6.000000000000000000e+01
-7.680349376272104678e+01 2.072726353195302806e+01 6.000000000000000000e+01
-7.641787775106510594e+01 2.078399013405909912e+01 6.000000000000000000e+01
-7.603036205744297149e+01 2.083810039407213210e+01 6.000000000000000000e+01
-7.564110896032718756e+01 2.088979563471831824e+01 6.000000000000000000e+01
-7.525026454646715024e+01 2.093925834441018452e+01 6.000000000000000000e+01
-7.485796063188968219e+01 2.098665417354576235e+01 6.000000000000000000e+01
-7.446431642814900442e+01 2.103213370761031342e+01 6.000000000000000000e+01
-7.406943999026660208e+01 2.107583404077635691e+01 6.000000000000000000e+01
-7.367342947738546854e+01 2.111788017201001466e+01 6.000000000000000000e+01
-7.327637425254144432e+01 2.115838624378671540e+01 6.000000000000000000e+01
-7.287835584402446898e+01 2.119745664156411635e+01 6.000000000000000000e+01
-7.247944878746575625e+01 2.123518697025571100e+01 6.000000000000000000e+01
-7.207972136496253768e+01 2.127166492215338067e+01 6.000000000000000000e+01
-7.167923625515697950e+01 2.130697104909290474e+01 6.000000000000000000e+01
-7.127805110616080242e+01 2.134117945015360718e+01 6.000000000000000000e+01
-7.087621904150002194e+01 2.137435838483495942e+01 6.000000000000000000e+01
-7.047378910780011552e+01 2.140657082045098392e+01 6.000000000000000000e+01
-7.007080667169758215e+01 2.143787492141964535e+01 6.000000000000000000e+01
-6.966731377241549694e+01 2.146832448718642539e+01 6.000000000000000000e+01
-6.926334943554989820e+01 2.149796934469692644e+01 6.000000000000000000e+01
-6.885894995285387665e+01 2.152685570061056808e+01 6.000000000000000000e+01
-6.845414913215921615e+01 2.155502645781472637e+01 6.000000000000000000e+01
-6.804897852102187983e+01 2.158252150024515004e+01 6.000000000000000000e+01
-6.764346760720398777e+01 2.160937794953493452e+01 6.000000000000000000e+01
-6.723764399869897090e+01 2.163563039659145559e+01 6.000000000000000000e+01
-6.683153358565806457e+01 2.166131111083139160e+01 6.000000000000000000e+01
-6.642516068627610082e+01 2.168645022948092560e+01 6.000000000000000000e+01
-6.601854817843589274e+01 2.171107592906589190e+01 6.000000000000000000e+01
-6.561171761868750707e+01 2.173521458096931980e+01 6.000000000000000000e+01
-6.520468934994538301e+01 2.175889089271747778e+01 6.000000000000000000e+01
-6.479748259911896469e+01 2.178212803646571771e+01 6.000000000000000000e+01
-6.439011556574723727e+01 2.180494776598884599e+01 6.000000000000000000e+01
-6.398260550258136448e+01 2.182737052333468597e+01 6.000000000000000000e+01
-6.357496878894907155e+01 2.184941553617083798e+01 6.000000000000000000e+01
-6.316722099763918408e+01 2.187110090674147500e+01 6.000000000000000000e+01
-6.275937695596044108e+01 2.189244369325141903e+01 6.000000000000000000e+01
-6.235145080155471220e+01 2.191345998440663223e+01 6.000000000000000000e+01
-6.194345603348142504e+01 2.193416496776276858e+01 6.000000000000000000e+01
-6.153540555903229148e+01 2.195457299246455207e+01 6.000000000000000000e+01
-6.112731173668659324e+01 2.197469762689812001e+01 6.000000000000000000e+01
-6.071918641557265062e+01 2.199455171172434120e+01 6.000000000000000000e+01
-6.031104097176311996e+01 2.201414740871357623e+01 6.000000000000000000e+01
-5.990288634169655779e+01 2.203349624575958643e+01 6.000000000000000000e+01
-5.949473305298880632e+01 2.205260915841265401e+01 6.000000000000000000e+01
-5.908659125286960290e+01 2.207149652823822450e+01 6.000000000000000000e+01
-5.867847073445669537e+01 2.209016821827743016e+01 6.000000000000000000e+01
-5.827038096105878395e+01 2.210863360585899784e+01 6.000000000000000000e+01
-5.786233108867853758e+01 2.212690161298808533e+01 6.000000000000000000e+01
-5.745432998687227411e+01 2.214498073451625970e+01 6.000000000000000000e+01
-5.704638625810555652e+01 2.216287906427752574e+01 6.000000000000000000e+01
-5.663850825573235426e+01 2.218060431935808907e+01 6.000000000000000000e+01
-5.623070410071233738e+01 2.219816386265224750e+01 6.000000000000000000e+01
-5.582298169717098091e+01 2.221556472384272141e+01 6.000000000000000000e+01
-5.541534874689682511e+01 2.223281361893133479e+01 6.000000000000000000e+01
-5.500781276286183896e+01 2.224991696843466116e+01 6.000000000000000000e+01
-5.460038108184341610e+01 2.226688091434923678e+01 6.000000000000000000e+01
-5.419306087621897916e+01 2.228371133598151843e+01 6.000000000000000000e+01
-5.378585916499814346e+01 2.230041386472983334e+01 6.000000000000000000e+01
-5.337878282415188380e+01 2.231699389789771359e+01 6.000000000000000000e+01
-5.297183859629256375e+01 2.233345661161155959e+01 6.000000000000000000e+01
-5.256503309975444438e+01 2.234980697290928475e+01 6.000000000000000000e+01
-5.215837283711991290e+01 2.236604975106098081e+01 6.000000000000000000e+01
-5.175186420323301917e+01 2.238218952817773300e+01 6.000000000000000000e+01
-5.134551349273800014e+01 2.239823070916001413e+01 6.000000000000000000e+01
-5.093932690717821288e+01 2.241417753103290522e+01 6.000000000000000000e+01
-5.053331056168692470e+01 2.243003407171173436e+01 6.000000000000000000e+01
-5.012747049129995247e+01 2.244580425823799530e+01 6.000000000000000000e+01
-4.972181265691684615e+01 2.246149187452257578e+01 6.000000000000000000e+01
-4.931634295093596876e+01 2.247710056863010308e+01 6.000000000000000000e+01
-4.891106720258589746e+01 2.249263385963591588e+01 6.000000000000000000e+01
-4.850599118297502343e+01 2.250809514408446432e+01 6.000000000000000000e+01
-4.810112060987872695e+01 2.252348770207593276e+01 6.000000000000000000e+01
-4.769646115228150762e+01 2.253881470300578727e+01 6.000000000000000000e+01
-4.729201843469221700e+01 2.255407921098013801e+01 6.000000000000000000e+01
-4.688779804124642681e+01 2.256928418992803387e+01 6.000000000000000000e+01
-4.648380551961131602e+01 2.258443250843033567e+01 6.000000000000000000e+01
-4.608004638470554681e+01 2.259952694428337949e+01 6.000000000000000000e+01
-4.567652612224716790e+01 2.261457018881421988e+01 6.000000000000000000e+01
-4.527325019214053015e+01 2.262956485096317749e+01 6.000000000000000000e+01
-4.487022403171280871e+01 2.264451346114826791e+01 6.000000000000000000e+01
-4.446745305881033516e+01 2.265941847492491235e+01 6.000000000000000000e+01
-4.406494267476351467e+01 2.267428227645363137e+01 6.000000000000000000e+01
-4.366269826722900405e+01 2.268910718178734598e+01 6.000000000000000000e+01
-4.326072521291746398e+01 2.270389544198927467e+01 6.000000000000000000e+01
-4.285902888021355750e+01 2.271864924609142733e+01 6.000000000000000000e+01
-4.245761463169557715e+01 2.273337072390335578e+01 6.000000000000000000e+01
-4.205648782656151496e+01 2.274806194867984388e+01 6.000000000000000000e+01
-4.165565382296630759e+01 2.276272493965586108e+01 6.000000000000000000e+01
-4.125511798027762467e+01 2.277736166445641786e+01 6.000000000000000000e+01
-4.085488566125394527e+01 2.279197404138862382e+01 6.000000000000000000e+01
-4.045496223415042181e+01 2.280656394162250677e+01 6.000000000000000000e+01
-4.005535307475776108e+01 2.282113319126707651e+01 6.000000000000000000e+01
-3.965606356837677282e+01 2.283568357334734245e+01 6.000000000000000000e+01
-3.925709911173481004e+01 2.285021682968795176e+01 6.000000000000000000e+01
-3.885846511484582066e+01 2.286473466270847155e+01 6.000000000000000000e+01
-3.846016700281897016e+01 2.287923873713526746e+01 6.000000000000000000e+01
-3.806221021761841428e+01 2.289373068163446234e+01 6.000000000000000000e+01
-3.766460021977777473e+01 2.290821209037025241e+01 6.000000000000000000e+01
-3.726734249007203204e+01 2.292268452449251015e+01 6.000000000000000000e+01
-3.687044253114961379e+01 2.293714951355758203e+01 6.000000000000000000e+01
-3.647390586912716515e+01 2.295160855688564183e+01 6.000000000000000000e+01
-3.607773805515006416e+01 2.296606312485793921e+01 6.000000000000000000e+01
-3.568194466691990385e+01 2.298051466015720834e+01 6.000000000000000000e+01
-3.528653131019210321e+01 2.299496457895395451e+01 6.000000000000000000e+01
-3.489150362024529528e+01 2.300941427204149647e+01 6.000000000000000000e+01
-3.449686726332411979e+01 2.302386510592237556e+01 6.000000000000000000e+01
-3.410262793805789983e+01 2.303831842384847661e+01 6.000000000000000000e+01
-3.370879137685623306e+01 2.305277554681723728e+01 6.000000000000000000e+01
-3.331536334728343718e+01 2.306723777452613433e+01 6.000000000000000000e+01
-3.292234965341371122e+01 2.308170638628737592e+01 6.000000000000000000e+01
-3.252975613716730408e+01 2.309618264190486059e+01 6.000000000000000000e+01
-3.213758867963079524e+01 2.311066778251515075e+01 6.000000000000000000e+01
-3.174585320236089458e+01 2.312516303139415186e+01 6.000000000000000000e+01
-3.135455566867414845e+01 2.313966959473120255e+01 6.000000000000000000e+01
-3.096370208492369258e+01 2.315418866237197548e+01 6.000000000000000000e+01
-3.057329850176316199e+01 2.316872140853179474e+01 6.000000000000000000e+01
-3.018335101540003507e+01 2.318326899248056350e+01 6.000000000000000000e+01
-2.979386576883833371e+01 2.319783255920067688e+01 6.000000000000000000e+01
-2.940484895311196922e+01 2.321241324001915984e+01 6.000000000000000000e+01
-2.901630680851001642e+01 2.322701215321509949e+01 6.000000000000000000e+01
-2.862824562579385557e+01 2.324163040460349094e+01 6.000000000000000000e+01
-2.824067174740754282e+01 2.325626908809656612e+01 6.000000000000000000e+01
-2.785359156868224773e+01 2.327092928624347579e+01 6.000000000000000000e+01
-2.746701153903467585e+01 2.328561207074934813e+01 6.000000000000000000e+01
-2.708093816316142011e+01 2.330031850297445928e+01 6.000000000000000000e+01
-2.669537800222849810e+01 2.331504963441449974e+01 6.000000000000000000e+01
-2.631033767505743626e+01 2.332980650716255155e+01 6.000000000000000000e+01
-2.592582385930892741e+01 2.334459015435357898e+01 6.000000000000000000e+01
-2.554184329266332654e+01 2.335940160059216097e+01 6.000000000000000000e+01
-2.515840277399989944e+01 2.337424186236400203e+01 6.000000000000000000e+01
-2.477550916457459707e+01 2.338911194843198160e+01 6.000000000000000000e+01
-2.439316938919687061e+01 2.340401286021720395e+01 6.000000000000000000e+01
-2.401139043740672463e+01 2.341894559216569860e+01 6.000000000000000000e+01
-2.363017936465149660e+01 2.343391113210122612e+01 6.000000000000000000e+01
-2.324954329346353887e+01 2.344891046156473280e+01 6.000000000000000000e+01
-2.286948941463930041e+01 2.346394455614086283e+01 6.000000000000000000e+01
-2.249002498841945297e+01 2.347901438577211763e+01 6.000000000000000000e+01
-2.211115734567151137e+01 2.349412091506086142e+01 6.000000000000000000e+01
-2.173289388907436148e+01 2.350926510355980881e+01 6.000000000000000000e+01
-2.135524209430539244e+01 2.352444790605118641e+01 6.000000000000000000e+01
-2.097820951123076227e+01 2.353967027281505864e+01 6.000000000000000000e+01
-2.060180376509827482e+01 2.355493314988710551e+01 6.000000000000000000e+01
-2.022603255773382003e+01 2.357023747930609758e+01 6.000000000000000000e+01
-1.985090366874080559e+01 2.358558419935151562e+01 6.000000000000000000e+01
-1.947642495670288909e+01 2.360097424477155315e+01 6.000000000000000000e+01
-1.910260436039029130e+01 2.361640854700158698e+01 6.000000000000000000e+01
-1.872944989996888410e+01 2.363188803437368435e+01 6.000000000000000000e+01
-1.835696967821291281e+01 2.364741363231704696e+01 6.000000000000000000e+01
-1.798517188172028014e+01 2.366298626354986467e+01 6.000000000000000000e+01
-1.761406478213073612e+01 2.367860684826257156e+01 6.000000000000000000e+01
-1.724365673734708437e+01 2.369427630429284903e+01 6.000000000000000000e+01
-1.687395619275833880e+01 2.370999554729235115e+01 6.000000000000000000e+01
-1.650497168246532098e+01 2.372576549088550379e+01 6.000000000000000000e+01
-1.613671183050857394e+01 2.374158704682036003e+01 6.000000000000000000e+01
-1.576918535209756556e+01 2.375746112511168207e+01 6.000000000000000000e+01
-1.540240105484211952e+01 2.377338863417634585e+01 6.000000000000000000e+01
-1.503636783998493875e+01 2.378937048096122453e+01 6.000000000000000000e+01
-1.467109470363536516e+01 2.380540757106352956e+01 6.000000000000000000e+01
-1.430659073800461734e+01 2.382150080884374077e+01 6.000000000000000000e+01
-1.394286513264133021e+01 2.383765109753125344e+01 6.000000000000000000e+01
-1.357992717566834706e+01 2.385385933932267477e+01 6.000000000000000000e+01
-1.321778625501963766e+01 2.387012643547291546e+01 6.000000000000000000e+01
-1.285645185967748638e+01 2.388645328637907639e+01 6.000000000000000000e+01
-1.249593358091003203e+01 2.390284079165716236e+01 6.000000000000000000e+01
-1.213624111350806878e+01 2.391928985021169751e+01 6.000000000000000000e+01
-1.177738425702180791e+01 2.393580136029816430e+01 6.000000000000000000e+01
-1.141937291699649037e+01 2.395237621957841156e+01 6.000000000000000000e+01
-1.106221710620673448e+01 2.396901532516891464e+01 6.000000000000000000e+01
-1.070592694588963667e+01 2.400000000000000000e+01 6.000000000000000000e+01
