-1.485129078289089577e+01 0.000000000000000000e+00 9.500000000000000000e+01
-1.524102888715657933e+01 3.098283292066029287e-02 9.500000000000000000e+01
-1.563007149227320269e+01 5.249955597829997905e-02 9.500000000000000000e+01
-1.601840294498638073e+01 7.411861720470024062e-02 9.500000000000000000e+01
-1.640600735985925596e+01 9.584240762544252168e-02 9.500000000000000000e+01
-1.679286861326863445e+01 1.176733396853404945e-01 9.500000000000000000e+01
-1.717897033731236434e+01 1.396138476311986620e-01 9.500000000000000000e+01
-1.756429591362710951e+01 1.616663878827483691e-01 9.500000000000000000e+01
-1.794882846711535507e+01 1.838334393909073217e-01 9.500000000000000000e+01
-1.833255085958110087e+01 2.061175039824183208e-01 9.500000000000000000e+01
-1.871544568327370683e+01 2.285211066899109078e-01 9.500000000000000000e+01
-1.909749525433945649e+01 2.510467960662999265e-01 9.500000000000000000e+01
-1.947868160618024547e+01 2.736971444824483068e-01 9.500000000000000000e+01
-1.985898648271962941e+01 2.964747484068771533e-01 9.500000000000000000e+01
-2.023839133157627401e+01 3.193822286663333121e-01 9.500000000000000000e+01
-2.061687729714475026e+01 3.424222306858381026e-01 9.500000000000000000e+01
-2.099442521358439606e+01 3.655974247068607408e-01 9.500000000000000000e+01
-2.137101559771716097e+01 3.889105059821534316e-01 9.500000000000000000e+01
-2.174662864183450139e+01 4.123641949456520739e-01 9.500000000000000000e+01
-2.212124420641589140e+01 4.359612373558818810e-01 9.500000000000000000e+01
-2.249484181275911254e+01 4.597044044110759065e-01 9.500000000000000000e+01
-2.286740063552471725e+01 4.835964928342374458e-01 9.500000000000000000e+01
-2.323889949519686482e+01 5.076403249262371187e-01 9.500000000000000000e+01
-2.360931685046275064e+01 5.318387485849448426e-01 9.500000000000000000e+01
-2.397863079051331781e+01 5.561946372882830003e-01 9.500000000000000000e+01
-2.434681902726867975e+01 5.807108900390263173e-01 9.500000000000000000e+01
-2.471385888753177440e+01 6.053904312690246980e-01 9.500000000000000000e+01
-2.507972730507415093e+01 6.302362107004375602e-01 9.500000000000000000e+01
-2.544440081265864961e+01 6.552512031614602384e-01 9.500000000000000000e+01
-2.580785553400368215e+01 6.804384083539037897e-01 9.500000000000000000e+01
-2.617006717569481111e+01 7.058008505698554202e-01 9.500000000000000000e+01
-2.653101101904960046e+01 7.313415783545609283e-01 9.500000000000000000e+01
-2.689066191194261179e+01 7.570636641125411126e-01 9.500000000000000000e+01
-2.724899426059749175e+01 7.829702036537956600e-01 9.500000000000000000e+01
-2.760598202135440360e+01 8.090643156768627664e-01 9.500000000000000000e+01
-2.796159869242119811e+01 8.353491411853676274e-01 9.500000000000000000e+01
-2.831581730561789456e+01 8.618278428345483855e-01 9.500000000000000000e+01
-2.866861041812449429e+01 8.885036042041442039e-01 9.500000000000000000e+01
-2.901995010424308674e+01 9.153796289938758157e-01 9.500000000000000000e+01
-2.936980794718608934e+01 9.424591401376258837e-01 9.500000000000000000e+01
-2.971815503090313726e+01 9.697453788323351365e-01 9.500000000000000000e+01
-3.006496193196073108e+01 9.972416034774430615e-01 9.500000000000000000e+01
-3.041019871148850129e+01 1.024951088520621889e+00 9.500000000000000000e+01
-3.075383490720858504e+01 1.052877123205421706e+00 9.500000000000000000e+01
-3.109583952556392816e+01 1.081023010216316083e+00 9.500000000000000000e+01
-3.143618103396427088e+01 1.109392064216548235e+00 9.500000000000000000e+01
-3.177482735316791818e+01 1.137987610274039385e+00 9.500000000000000000e+01
-3.211174584982023816e+01 1.166812982170561508e+00 9.500000000000000000e+01
-3.244690332916979258e+01 1.195871520589245840e+00 9.500000000000000000e+01
-3.278026602798514944e+01 1.225166571175445140e+00 9.500000000000000000e+01
-3.311179960769638342e+01 1.254701482465902185e+00 9.500000000000000000e+01
-3.344146914778690416e+01 1.284479603681071502e+00 9.500000000000000000e+01
-3.376923913946210831e+01 1.314504282375490885e+00 9.500000000000000000e+01
-3.409507347962380663e+01 1.344778861940958192e+00 9.500000000000000000e+01
-3.441893546517984248e+01 1.375306678957354700e+00 9.500000000000000000e+01
-3.474078778772071985e+01 1.406091060385943337e+00 9.500000000000000000e+01
-3.506059252859598274e+01 1.437135320599963073e+00 9.500000000000000000e+01
-3.537831115442504881e+01 1.468442758247458624e+00 9.500000000000000000e+01
-3.569390451307872780e+01 1.500016652941334572e+00 9.500000000000000000e+01
-3.600733283016955966e+01 1.531860261771767373e+00 9.500000000000000000e+01
-3.631855570608997397e+01 1.563976815636229700e+00 9.500000000000000000e+01
-3.662753211364000094e+01 1.596369515382577653e+00 9.500000000000000000e+01
-3.693422039628713804e+01 1.629041527760884067e+00 9.500000000000000000e+01
-3.723857826710278118e+01 1.661995981179954729e+00 9.500000000000000000e+01
-3.754056280842173976e+01 1.695235961264781821e+00 9.500000000000000000e+01
-3.784013047227202264e+01 1.728764506211510232e+00 9.500000000000000000e+01
-3.813723708162460468e+01 1.762584601936955542e+00 9.500000000000000000e+01
-3.843183783251365071e+01 1.796699177020102400e+00 9.500000000000000000e+01
-3.872388729707979849e+01 1.831111097433628876e+00 9.500000000000000000e+01
-3.901333942758919449e+01 1.865823161063911106e+00 9.500000000000000000e+01
-3.930014756148421640e+01 1.900838092018787506e+00 9.500000000000000000e+01
-3.958426442752088548e+01 1.936158534722937530e+00 9.500000000000000000e+01
-3.986564215305013903e+01 1.971787047801526249e+00 9.500000000000000000e+01
-4.014423227250091486e+01 2.007726097753647299e+00 9.500000000000000000e+01
-4.041998573712329090e+01 2.043978052417941171e+00 9.500000000000000000e+01
-4.069285292605049875e+01 2.080545174233826788e+00 9.500000000000000000e+01
-4.096278365873903482e+01 2.117429613302765468e+00 9.500000000000000000e+01
-4.122972720884619235e+01 2.154633400255193454e+00 9.500000000000000000e+01
-4.149363231960369092e+01 2.192158438929921349e+00 9.500000000000000000e+01
-4.175444722074582415e+01 2.230006498874095744e+00 9.500000000000000000e+01
-4.201211964704981483e+01 2.268179207673223008e+00 9.500000000000000000e+01
-4.226659685854461657e+01 2.306678043122137645e+00 9.500000000000000000e+01
-4.251782566244288120e+01 2.345504325249378574e+00 9.500000000000000000e+01
-4.276575243684900585e+01 2.384659208208951942e+00 9.500000000000000000e+01
-4.301032315629387881e+01 2.424143672055175003e+00 9.500000000000000000e+01
-4.325148341914359662e+01 2.463958514417896151e+00 9.500000000000000000e+01
-4.348917847692705152e+01 2.504104342097293046e+00 9.500000000000000000e+01
-4.372335326562269842e+01 2.544581562599094404e+00 9.500000000000000000e+01
-4.395395243894089532e+01 2.585390375633008553e+00 9.500000000000000000e+01
-4.418092040363366380e+01 2.626530764598955070e+00 9.500000000000000000e+01
-4.440420135685771896e+01 2.668002488087581003e+00 9.500000000000000000e+01
-4.462373932561164480e+01 2.709805071423425193e+00 9.500000000000000000e+01
-4.483947820826046637e+01 2.751937798280912340e+00 9.500000000000000000e+01
-4.505136181815532126e+01 2.794399702405218733e+00 9.500000000000000000e+01
-4.525933392934645383e+01 2.837189559471785305e+00 9.500000000000000000e+01
-4.546333832438168798e+01 2.880305879120040657e+00 9.500000000000000000e+01
-4.566331884417206055e+01 2.923746897198398198e+00 9.500000000000000000e+01
-4.585921943989786342e+01 2.967510568259185355e+00 9.500000000000000000e+01
-4.605098422691847304e+01 3.011594558343531514e+00 9.500000000000000000e+01
-4.623855754063883694e+01 3.055996238097435036e+00 9.500000000000000000e+01
-4.642188399427497103e+01 3.100712676261319523e+00 9.500000000000000000e+01
-4.660090853844943837e+01 3.145740633576184830e+00 9.500000000000000000e+01
-4.677557652253619835e+01 3.191076557150149373e+00 9.500000000000000000e+01
-4.694583375766295319e+01 3.236716575329480872e+00 9.500000000000000000e+01
-4.711162658126573888e+01 3.282656493118414343e+00 9.500000000000000000e+01
-4.727290192308029759e+01 3.328891788191738588e+00 9.500000000000000000e+01
-4.742960737243981129e+01 3.375417607543780729e+00 9.500000000000000000e+01
-4.758169124673884198e+01 3.422228764816456881e+00 9.500000000000000000e+01
-4.772910266090918441e+01 3.469319738347936610e+00 9.500000000000000000e+01
-4.787179159774223791e+01 3.516684669981951838e+00 9.500000000000000000e+01
-4.800970897888073097e+01 3.564317364675768207e+00 9.500000000000000000e+01
-4.814280673629070151e+01 3.612211290942630271e+00 9.500000000000000000e+01
-4.827103788401478823e+01 3.660359582161722525e+00 9.500000000000000000e+01
-4.839435658999730805e+01 3.708755038785693348e+00 9.500000000000000000e+01
-4.851271824776193142e+01 3.757390131472249095e+00 9.500000000000000000e+01
-4.862607954771527119e+01 3.806257005162534401e+00 9.500000000000000000e+01
-4.873439854784143677e+01 3.855347484124857615e+00 9.500000000000000000e+01
-4.883763474354675083e+01 3.904653077977681797e+00 9.500000000000000000e+01
-4.893574913640890856e+01 3.954164988701125427e+00 9.500000000000000000e+01
-4.902870430158080950e+01 4.003874118640920798e+00 9.500000000000000000e+01
-4.911646445359732382e+01 4.053771079503499131e+00 9.500000000000000000e+01
-4.919899551033250162e+01 4.103846202335264870e+00 9.500000000000000000e+01
-4.927626515485573577e+01 4.154089548473365312e+00 9.500000000000000000e+01
-4.934824289493731442e+01 4.204490921449356655e+00 9.500000000000000000e+01
-4.941490011995890796e+01 4.255039879821316262e+00 9.500000000000000000e+01
-4.947621015498968688e+01 4.305725750903887317e+00 9.500000000000000000e+01
-4.953214831179692368e+01 4.356537645359931155e+00 9.500000000000000000e+01
-4.958269193656897045e+01 4.407464472611694717e+00 9.500000000000000000e+01
-4.962782045413949561e+01 4.458494957023626526e+00 9.500000000000000000e+01
-4.966751540851522861e+01 4.509617654803754760e+00 9.500000000000000000e+01
-4.970176049952245734e+01 4.560820971565301640e+00 9.500000000000000000e+01
-4.973054161540446216e+01 4.612093180485530297e+00 9.500000000000000000e+01
-4.975384686121852695e+01 4.663422440994366980e+00 9.500000000000000000e+01
-4.977166658289934986e+01 4.714796817921447669e+00 9.500000000000000000e+01
-4.978399338687584930e+01 4.766204301026863099e+00 9.500000000000000000e+01
-4.979082215514777943e+01 4.817632824837887462e+00 9.500000000000000000e+01
-4.979215005575066044e+01 4.869070288711728089e+00 9.500000000000000000e+01
-4.978797654855889476e+01 4.920504577042579264e+00 9.500000000000000000e+01
-4.977830338639888907e+01 4.971923579530158399e+00 9.500000000000000000e+01
-4.976313461146744288e+01 5.023315211426402804e+00 9.500000000000000000e+01
-4.974247654707197341e+01 5.074667433677291228e+00 9.500000000000000000e+01
-4.971633778473250942e+01 5.125968272877367227e+00 9.500000000000000000e+01
-4.968472916670692285e+01 5.177205840956129457e+00 9.500000000000000000e+01
-4.964766376402230463e+01 5.228368354517457739e+00 9.500000000000000000e+01
-4.960515685011671394e+01 5.279444153755819436e+00 9.500000000000000000e+01
-4.955722587021493553e+01 5.330421720876223901e+00 9.500000000000000000e+01
-4.950389040658076567e+01 5.381289697948586692e+00 9.500000000000000000e+01
-4.944517213980648052e+01 5.432036904131329003e+00 9.500000000000000000e+01
-4.938109480631622006e+01 5.482652352203540858e+00 9.500000000000000000e+01
-4.931168415227472224e+01 5.533125264350201356e+00 9.500000000000000000e+01
-4.923696788410693159e+01 5.583445087149939035e+00 9.500000000000000000e+01
-4.915697561584517672e+01 5.633601505720583269e+00 9.500000000000000000e+01
-4.907173881353117650e+01 5.683584456983333588e+00 9.500000000000000000e+01
-4.898129073690820690e+01 5.733384142012292628e+00 9.500000000000000000e+01
-4.888566637864628461e+01 5.782991037441997051e+00 9.500000000000000000e+01
-4.878490240134709666e+01 5.832395905911622158e+00 9.500000000000000000e+01
-4.867903707257973878e+01 5.881589805530262005e+00 9.500000000000000000e+01
-4.856811019819954112e+01 5.930564098353721114e+00 9.500000000000000000e+01
-4.845216305420204606e+01 5.979310457868780126e+00 9.500000000000000000e+01
-4.833123831736340748e+01 6.027820875486415098e+00 9.500000000000000000e+01
-4.820537999491456560e+01 6.076087666050744573e+00 9.500000000000000000e+01
-4.807463335349301303e+01 6.124103472375363566e+00 9.500000000000000000e+01
-4.793904484760953721e+01 6.171861268823574775e+00 9.500000000000000000e+01
-4.779866204786105754e+01 6.219354363953145004e+00 9.500000000000000000e+01
-4.765353356911245442e+01 6.266576402250477962e+00 9.500000000000000000e+01
-4.750370899886113563e+01 6.313521364982499051e+00 9.500000000000000000e+01
-4.734923882598911860e+01 6.360183570197989411e+00 9.500000000000000000e+01
-4.719017437009580362e+01 6.406557671912869623e+00 9.500000000000000000e+01
-4.702656771159487192e+01 6.452638658516434589e+00 9.500000000000000000e+01
-4.685847162274621525e+01 6.498421850437755332e+00 9.500000000000000000e+01
-4.668593949978198054e+01 6.543902897112940487e+00 9.500000000000000000e+01
-4.650902529627463622e+01 6.589077773295636931e+00 9.500000000000000000e+01
-4.632778345788111096e+01 6.633942774753818661e+00 9.500000000000000000e+01
-4.614226885858629856e+01 6.678494513396838528e+00 9.500000000000000000e+01
-4.595253673855550147e+01 6.722729911876835551e+00 9.500000000000000000e+01
-4.575864264369445777e+01 6.766646197708786836e+00 9.500000000000000000e+01
-4.556064236700255066e+01 6.810240896953168921e+00 9.500000000000000000e+01
-4.535859189179390683e+01 6.853511827504650711e+00 9.500000000000000000e+01
-4.515254733684913191e+01 6.896457092029569580e+00 9.500000000000000000e+01
-4.494256490355029143e+01 6.939075070593971439e+00 9.500000000000000000e+01
-4.472870082503978040e+01 6.981364413022792981e+00 9.500000000000000000e+01
-4.451101131743564565e+01 7.023324031029512859e+00 9.500000000000000000e+01
-4.428955253312440732e+01 7.064953090154143744e+00 9.500000000000000000e+01
-4.406438051614502172e+01 7.106251001545827783e+00 9.500000000000000000e+01
-4.383555115966827032e+01 7.147217413624693094e+00 9.500000000000000000e+01
-4.360312016556807180e+01 7.187852203655829442e+00 9.500000000000000000e+01
-4.336714300607444272e+01 7.228155469266446254e+00 9.500000000000000000e+01
-4.312767488749040723e+01 7.268127519935489111e+00 9.500000000000000000e+01
-4.288477071594977730e+01 7.307768868483035973e+00 9.500000000000000000e+01
-4.263848506518583292e+01 7.347080222585057108e+00 9.500000000000000000e+01
-4.238887214627790456e+01 7.386062476337027505e+00 9.500000000000000000e+01
-4.213598577933609590e+01 7.424716701888335102e+00 9.500000000000000000e+01
-4.187987936708204728e+01 7.463044141167376466e+00 9.500000000000000000e+01
-4.162060587027950476e+01 7.501046197715476538e+00 9.500000000000000000e+01
-4.135821778496519130e+01 7.538724428646248477e+00 9.500000000000000000e+01
-4.109276712142863630e+01 7.576080536745003258e+00 9.500000000000000000e+01
-4.082430538488664951e+01 7.613116362721515706e+00 9.500000000000000000e+01
-4.055288355779697440e+01 7.649833877627701284e+00 9.500000000000000000e+01
-4.027855208375424922e+01 7.686235175450402579e+00 9.500000000000000000e+01
-4.000136085290980503e+01 7.722322465887985210e+00 9.500000000000000000e+01
-3.972135918885717132e+01 7.758098067318208280e+00 9.500000000000000000e+01
-3.943859583692360360e+01 7.793564399963497813e+00 9.500000000000000000e+01
-3.915311895380907714e+01 7.828723979258676913e+00 9.500000000000000000e+01
-3.886497609851294754e+01 7.863579409424959366e+00 9.500000000000000000e+01
-3.857421422449046844e+01 7.898133377253154563e+00 9.500000000000000000e+01
-3.828087967298024807e+01 7.932388646098006646e+00 9.500000000000000000e+01
-3.798501816744597903e+01 7.966348050084647525e+00 9.500000000000000000e+01
-3.768667480907547684e+01 8.000014488527535050e+00 9.500000000000000000e+01
-3.738589407328216652e+01 8.033390920561256365e+00 9.500000000000000000e+01
-3.708271980715453253e+01 8.066480359982158177e+00 9.500000000000000000e+01
-3.677719522780088113e+01 8.099285870298986723e+00 9.500000000000000000e+01
-3.646936292153790760e+01 8.131810559990269027e+00 9.500000000000000000e+01
-3.615926484387291140e+01 8.164057577965632362e+00 9.500000000000000000e+01
-3.584694232023147720e+01 8.196030109227876892e+00 9.500000000000000000e+01
-3.553243604738351991e+01 8.227731370732168870e+00 9.500000000000000000e+01
-3.521578609552263117e+01 8.259164607438480132e+00 9.500000000000000000e+01
-3.489703191095462387e+01 8.290333088553074603e+00 9.500000000000000000e+01
-3.457621231935391393e+01 8.321240103954481881e+00 9.500000000000000000e+01
-3.425336552954686908e+01 8.351888960799538353e+00 9.500000000000000000e+01
-3.392852913778381918e+01 8.382282980304381681e+00 9.500000000000000000e+01
-3.360174013246247426e+01 8.412425494695739303e+00 9.500000000000000000e+01
-3.327303489926742941e+01 8.442319844327267120e+00 9.500000000000000000e+01
-3.294244922669199127e+01 8.471969374955891752e+00 9.500000000000000000e+01
-3.261001831191018852e+01 8.501377435173033348e+00 9.500000000000000000e+01
-3.227577676696826359e+01 8.530547373985376325e+00 9.500000000000000000e+01
-3.193975862526657039e+01 8.559482538540182261e+00 9.500000000000000000e+01
-3.160199734830412410e+01 8.588186271989838971e+00 9.500000000000000000e+01
-3.126252583266005303e+01 8.616661911490536951e+00 9.500000000000000000e+01
-3.092137641718663232e+01 8.644912786329994603e+00 9.500000000000000000e+01
-3.057858089039104854e+01 8.672942216179245989e+00 9.500000000000000000e+01
-3.023417049798331036e+01 8.700753509463455160e+00 9.500000000000000000e+01
-2.988817595057004439e+01 8.728349961846966210e+00 9.500000000000000000e+01
-2.954062743147414238e+01 8.755734854827787572e+00 9.500000000000000000e+01
-2.919155460466227581e+01 8.782911454436860055e+00 9.500000000000000000e+01
-2.884098662276272051e+01 8.809883010037550477e+00 9.500000000000000000e+01
-2.848895213515753255e+01 8.836652753220905154e+00 9.500000000000000000e+01
-2.813547929613409337e+01 8.863223896792391088e+00 9.500000000000000000e+01
-2.778059577308149741e+01 8.889599633845874038e+00 9.500000000000000000e+01
-2.742432875471921605e+01 8.915783136920792273e+00 9.500000000000000000e+01
-2.706670495934525889e+01 8.941777557238566487e+00 9.500000000000000000e+01
-2.670775064309313152e+01 8.967586024014432056e+00 9.500000000000000000e+01
-2.634749160818635971e+01 8.993211643840984593e+00 9.500000000000000000e+01
-2.598595321118120083e+01 9.018657500139921623e+00 9.500000000000000000e+01
-2.562316037118892353e+01 9.043926652678484501e+00 9.500000000000000000e+01
-2.525913757806852189e+01 9.069022137147358720e+00 9.500000000000000000e+01
-2.489390890058318462e+01 9.093946964796804977e+00 9.500000000000000000e+01
-2.452749799451292034e+01 9.118704122127974543e+00 9.500000000000000000e+01
-2.415992811071718549e+01 9.143296570636522347e+00 9.500000000000000000e+01
-2.379122210314202235e+01 9.167727246605631208e+00 9.500000000000000000e+01
-2.342140243676594835e+01 9.191999060945793332e+00 9.500000000000000000e+01
-2.305049119548015213e+01 9.216114899078787559e+00 9.500000000000000000e+01
-2.267851008989905282e+01 9.240077620863349495e+00 9.500000000000000000e+01
-2.230548046509650817e+01 9.263890060560175499e+00 9.500000000000000000e+01
-2.193142330826547592e+01 9.287555026834064975e+00 9.500000000000000000e+01
-2.155635925629730920e+01 9.311075302790971620e+00 9.500000000000000000e+01
-2.118030860327794329e+01 9.334453646048002540e+00 9.500000000000000000e+01
-2.080329130789998260e+01 9.357692788834333086e+00 9.500000000000000000e+01
-2.042532700078692898e+01 9.380795438121277030e+00 9.500000000000000000e+01
-2.004643499172962606e+01 9.403764275779650461e+00 9.500000000000000000e+01
-1.966663427683251797e+01 9.426601958762814704e+00 9.500000000000000000e+01
-1.928594354556888746e+01 9.449311119313852814e+00 9.500000000000000000e+01
-1.890438118774481069e+01 9.471894365195215215e+00 9.500000000000000000e+01
-1.852196530037031508e+01 9.494354279939601682e+00 9.500000000000000000e+01
-1.813871369443837267e+01 9.516693423120576867e+00 9.500000000000000000e+01
-1.775464390161073425e+01 9.538914330641723893e+00 9.500000000000000000e+01
-1.736977318081117261e+01 9.561019515043103212e+00 9.500000000000000000e+01
-1.698411852472615990e+01 9.583011465823837227e+00 9.500000000000000000e+01
-1.659769666621338047e+01 9.604892649779827707e+00 9.500000000000000000e+01
-1.621052408461839534e+01 9.626665511355506410e+00 9.500000000000000000e+01
-1.582261701200078008e+01 9.648332473008725430e+00 9.500000000000000000e+01
-1.543399143926944639e+01 9.669895935587835112e+00 9.500000000000000000e+01
-1.504466312222917779e+01 9.691358278720166197e+00 9.500000000000000000e+01
-1.465464758753868324e+01 9.712721861211072394e+00 9.500000000000000000e+01
-1.426396013858127887e+01 9.733989021452838841e+00 9.500000000000000000e+01
-1.387261586125028678e+01 9.755162077842678414e+00 9.500000000000000000e+01
-1.348062962964887035e+01 9.776243329209325594e+00 9.500000000000000000e+01
-1.308801611170743939e+01 9.797235055247416113e+00 9.500000000000000000e+01
-1.269478977471879233e+01 9.818139516959270452e+00 9.500000000000000000e+01
-1.230096489079282662e+01 9.838958957103491443e+00 9.500000000000000000e+01
-1.190655554223311619e+01 9.859695600649812874e+00 9.500000000000000000e+01
-1.151157562683549074e+01 9.880351655239916653e+00 9.500000000000000000e+01
-1.111603886311213607e+01 9.900929311653653642e+00 9.500000000000000000e+01
-1.071995879544119923e+01 9.921430744280353764e+00 9.500000000000000000e+01
-1.032334879914480119e+01 9.941858111594898517e+00 9.500000000000000000e+01
-9.926222085496963388e+00 9.962213556638163325e+00 9.500000000000000000e+01
-9.528591706663029015e+00 9.982499207501609462e+00 9.500000000000000000e+01
-9.130470560572629068e+00 1.000271717781574310e+01 9.500000000000000000e+01
-8.731871395728312280e+00 1.002286956724216260e+01 9.500000000000000000e+01
-8.332806815951149915e+00 1.004295846196904662e+01 9.500000000000000000e+01
-7.933289285066161156e+00 1.006298593520984497e+01 9.500000000000000000e+01
-7.533331131528426816e+00 1.008295404770503545e+01 9.500000000000000000e+01
-7.132944552992763754e+00 1.010286484822677622e+01 9.500000000000000000e+01
-6.732141620828660855e+00 1.012272037408637004e+01 9.500000000000000000e+01
-6.330934284582170335e+00 1.014252265164437183e+01 9.500000000000000000e+01
-5.929334376387460637e+00 1.016227369682333403e+01 9.500000000000000000e+01
-5.527353615329315240e+00 1.018197551562304781e+01 9.500000000000000000e+01
-5.125003611759066935e+00 1.020163010463829778e+01 9.500000000000000000e+01
-4.722295871566199565e+00 1.022123945157900948e+01 9.500000000000000000e+01
-4.319241800407149334e+00 1.024080553579288022e+01 9.500000000000000000e+01
-3.915852707893628271e+00 1.026033032879040441e+01 9.500000000000000000e+01
-3.512139811743036244e+00 1.027981579477230767e+01 9.500000000000000000e+01
-3.108114241892033114e+00 1.029926389115950514e+01 9.500000000000000000e+01
-2.703787044576591914e+00 1.031867656912547915e+01 9.500000000000000000e+01
-2.299169186379628194e+00 1.033805577413126642e+01 9.500000000000000000e+01
-1.894271558248775245e+00 1.035740344646300670e+01 9.500000000000000000e+01
-1.489104979486825187e+00 1.037672152177220397e+01 9.500000000000000000e+01
-1.083680201715994995e+00 1.039601193161873738e+01 9.500000000000000000e+01
-6.780079128193532423e-01 1.041527660401673572e+01 9.500000000000000000e+01
-2.720987408606303504e-01 1.043451746398343616e+01 9.500000000000000000e+01
1.340367420150493094e-01 1.045373643409109832e+01 9.500000000000000000e+01
5.403880156968861037e-01 1.047293543502215662e+01 9.500000000000000000e+01
9.469446082393859765e-01 1.049211638612769448e+01 9.500000000000000000e+01
1.353696092005142848e+00 1.051128120598941607e+01 9.500000000000000000e+01
1.760632079818227780e+00 1.053043181298525077e+01 9.500000000000000000e+01
2.167742221125495306e+00 1.054957012585876086e+01 9.500000000000000000e+01
2.575016198163163406e+00 1.056869806429251391e+01 9.500000000000000000e+01
2.982443722127133157e+00 1.058781754948559239e+01 9.500000000000000000e+01
3.390014529344343774e+00 1.060693050473542520e+01 9.500000000000000000e+01
3.797718377442417914e+00 1.062603885602414877e+01 9.500000000000000000e+01
4.205545041516288052e+00 1.064514453260966675e+01 9.500000000000000000e+01
4.613484310288171741e+00 1.066424946762162662e+01 9.500000000000000000e+01
5.021525982259503529e+00 1.068335559866251749e+01 9.500000000000000000e+01
5.429659861852018210e+00 1.070246486841412725e+01 9.500000000000000000e+01
5.837875755535084643e+00 1.072157922524953655e+01 9.500000000000000000e+01
6.246163467937801528e+00 1.074070062385094460e+01 9.500000000000000000e+01
6.654512797942189195e+00 1.075983102583346884e+01 9.500000000000000000e+01
7.062913534755759670e+00 1.077897240037525251e+01 9.500000000000000000e+01
7.471355453960779158e+00 1.079812672485408243e+01 9.500000000000000000e+01
7.879828313536769713e+00 1.081729598549072158e+01 9.500000000000000000e+01
8.288321849854943579e+00 1.083648217799932745e+01 9.500000000000000000e+01
8.696825773640476598e+00 1.085568730824505934e+01 9.500000000000000000e+01
9.105329765900922467e+00 1.087491339290929204e+01 9.500000000000000000e+01
9.513823473817502929e+00 1.089416246016260281e+01 9.500000000000000000e+01
9.922296506596170573e+00 1.091343655034581239e+01 9.500000000000000000e+01
1.033073843127613678e+01 1.093273771665941041e+01 9.500000000000000000e+01
1.073913876849268689e+01 1.095206802586158368e+01 9.500000000000000000e+01
1.114748698819079031e+01 1.097142955897513872e+01 9.500000000000000000e+01
1.155577250528736322e+01 1.099082441200364002e+01 9.500000000000000000e+01
1.196398467527817289e+01 1.101025469665698786e+01 9.500000000000000000e+01
1.237211278978679907e+01 1.102972254108676253e+01 9.500000000000000000e+01
1.278014607205225417e+01 1.104923009063164230e+01 9.500000000000000000e+01
1.318807367235153727e+01 1.106877950857308690e+01 9.500000000000000000e+01
1.359588466335464396e+01 1.108837297690171297e+01 9.500000000000000000e+01
1.400356803540746320e+01 1.110801269709453543e+01 9.500000000000000000e+01
1.441111269173995524e+01 1.112770089090340697e+01 9.500000000000000000e+01
1.481850744359574357e+01 1.114743980115495958e+01 9.500000000000000000e+01
1.522574100527882557e+01 1.116723169256228054e+01 9.500000000000000000e+01
1.563280198911493279e+01 1.118707885254865708e+01 9.500000000000000000e+01
1.603967890032215138e+01 1.120698359208363293e+01 9.500000000000000000e+01
1.644636013178815048e+01 1.122694824653163437e+01 9.500000000000000000e+01
1.685283395874954948e+01 1.124697517651351042e+01 9.500000000000000000e+01
1.725908853336872539e+01 1.126706676878112035e+01 9.500000000000000000e+01
1.766511187920489334e+01 1.128722543710532378e+01 9.500000000000000000e+01
1.807089188557462833e+01 1.130745362317760971e+01 9.500000000000000000e+01
1.847641630179699135e+01 1.132775379752547629e+01 9.500000000000000000e+01
1.888167273131988466e+01 1.134812846044198054e+01 9.500000000000000000e+01
1.928664862572168914e+01 1.136858014292946173e+01 9.500000000000000000e+01
1.969133127858471610e+01 1.138911140765776331e+01 9.500000000000000000e+01
2.009570781923486393e+01 1.140972484993709024e+01 9.500000000000000000e+01
2.049976520634258748e+01 1.143042309870560480e+01 9.500000000000000000e+01
2.090349022138083512e+01 1.145120881753200237e+01 9.500000000000000000e+01
2.130686946193376130e+01 1.147208470563304239e+01 9.500000000000000000e+01
2.170988933485195815e+01 1.149305349890622274e+01 9.500000000000000000e+01
2.211253604924829119e+01 1.151411797097764023e+01 9.500000000000000000e+01
2.251479560932862967e+01 1.153528093426495715e+01 9.500000000000000000e+01
2.291665380705274302e+01 1.155654524105564285e+01 9.500000000000000000e+01
2.331809621461858839e+01 1.157791378460022003e+01 9.500000000000000000e+01
2.371910817676496563e+01 1.159938950022065995e+01 9.500000000000000000e+01
2.411967480288639365e+01 1.162097536643357287e+01 9.500000000000000000e+01
2.451978095895361065e+01 1.164267440608814574e+01 9.500000000000000000e+01
2.491941125923440481e+01 1.166448968751853421e+01 9.500000000000000000e+01
2.531855005780804646e+01 1.168642432571042988e+01 9.500000000000000000e+01
2.571718143986657878e+01 1.170848148348136597e+01 9.500000000000000000e+01
2.611528921279753135e+01 1.173066437267446105e+01 9.500000000000000000e+01
2.651285689704009485e+01 1.175297625536494017e+01 9.500000000000000000e+01
2.690986771670935340e+01 1.177542044507893060e+01 9.500000000000000000e+01
2.730630458998124510e+01 1.179800030802386068e+01 9.500000000000000000e+01
2.770215011923105308e+01 1.182071926432957554e+01 9.500000000000000000e+01
2.809738658091954377e+01 1.184358078929944469e+01 9.500000000000000000e+01
2.849199591521856334e+01 1.186658841467029291e+01 9.500000000000000000e+01
2.888595971537023743e+01 1.188974572988019318e+01 9.500000000000000000e+01
2.927925921677204002e+01 1.191305638334277184e+01 9.500000000000000000e+01
2.967187528578058320e+01 1.193652408372665263e+01 9.500000000000000000e+01
3.006378840822793208e+01 1.196015260123855661e+01 9.500000000000000000e+01
3.045497867764212785e+01 1.198394576890826002e+01 9.500000000000000000e+01
3.084542578316602146e+01 1.200790748387360551e+01 9.500000000000000000e+01
3.123510899716708167e+01 1.203204170866348122e+01 9.500000000000000000e+01
3.162400716253083743e+01 1.205635247247644415e+01 9.500000000000000000e+01
3.201209867963203237e+01 1.208084387245258462e+01 9.500000000000000000e+01
3.239936149297642487e+01 1.210552007493584092e+01 9.500000000000000000e+01
3.278577307750658321e+01 1.213038531672381737e+01 9.500000000000000000e+01
3.317131042456607304e+01 1.215544390630189220e+01 9.500000000000000000e+01
3.355595002751542211e+01 1.218070022505803252e+01 9.500000000000000000e+01
3.393966786699468940e+01 1.220615872847455918e+01 9.500000000000000000e+01
3.432243939582730263e+01 1.223182394729269618e+01 9.500000000000000000e+01
3.470423952355964303e+01 1.225770048864533024e+01 9.500000000000000000e+01
3.508504260063295277e+01 1.228379303715323267e+01 9.500000000000000000e+01
3.546482240218273319e+01 1.231010635597941238e+01 9.500000000000000000e+01
3.584355211146296227e+01 1.233664528783591052e+01 9.500000000000000000e+01
3.622120430289218973e+01 1.236341475593699712e+01 9.500000000000000000e+01
3.659775092471970481e+01 1.239041976489209063e+01 9.500000000000000000e+01
3.697316328131098828e+01 1.241766540153134990e+01 9.500000000000000000e+01
3.734741201505185160e+01 1.244515683565633779e+01 9.500000000000000000e+01
3.772046708787292602e+01 1.247289932070754581e+01 9.500000000000000000e+01
3.809229776239644849e+01 1.250089819434004745e+01 9.500000000000000000e+01
3.846287258270833576e+01 1.252915887889784408e+01 9.500000000000000000e+01
3.883215935476107461e+01 1.255768688177692738e+01 9.500000000000000000e+01
3.920012512641385882e+01 1.258648779566627240e+01 9.500000000000000000e+01
3.956673616711738362e+01 1.261556729865530180e+01 9.500000000000000000e+01
3.993195794725455272e+01 1.264493115419566038e+01 9.500000000000000000e+01
4.029575511714804037e+01 1.267458521090422963e+01 9.500000000000000000e+01
4.065809148575004173e+01 1.270453540219357613e+01 9.500000000000000000e+01
4.101892999903048320e+01 1.273478774571515437e+01 9.500000000000000000e+01
4.137823271808323256e+01 1.276534834259959084e+01 9.500000000000000000e+01
4.173596079697308170e+01 1.279622337647763075e+01 9.500000000000000000e+01
4.209207446034830724e+01 1.282741911226415965e+01 9.500000000000000000e+01
4.244653298084829629e+01 1.285894189468686299e+01 9.500000000000000000e+01
4.279929465633870223e+01 1.289079814654007450e+01 9.500000000000000000e+01
4.315031678700988493e+01 1.292299436664313106e+01 9.500000000000000000e+01
4.349955565238053623e+01 1.295553712748182740e+01 9.500000000000000000e+01
4.384696648825021015e+01 1.298843307251011581e+01 9.500000000000000000e+01
4.419250346365222271e+01 1.302168891308838994e+01 9.500000000000000000e+01
4.453611965786129900e+01 1.305531142503348541e+01 9.500000000000000000e+01
4.487776703751656981e+01 1.308930744475442154e+01 9.500000000000000000e+01
4.521739643392756136e+01 1.312368386494691919e+01 9.500000000000000000e+01
4.555495752063519177e+01 1.315844762981861926e+01 9.500000000000000000e+01
4.589039879130739763e+01 1.319360572981594082e+01 9.500000000000000000e+01
4.622366753805671635e+01 1.322916519582255823e+01 9.500000000000000000e+01
4.655470983027275622e+01 1.326513309279857644e+01 9.500000000000000000e+01
4.688347049407195044e+01 1.330151651282862346e+01 9.500000000000000000e+01
4.720989309247466537e+01 1.333832256754650558e+01 9.500000000000000000e+01
4.753391990642725773e+01 1.337555837990320740e+01 9.500000000000000000e+01
4.785549191679768910e+01 1.341323107524492464e+01 9.500000000000000000e+01
4.817454878747983571e+01 1.345134777166711615e+01 9.500000000000000000e+01
4.849102884975417282e+01 1.348991556961088634e+01 9.500000000000000000e+01
4.880486908805983859e+01 1.352894154066781596e+01 9.500000000000000000e+01
4.911600512734447932e+01 1.356843271555990782e+01 9.500000000000000000e+01
4.942437122216868772e+01 1.360839607126200868e+01 9.500000000000000000e+01
4.972990024775156570e+01 1.364883851723494423e+01 9.500000000000000000e+01
5.003252369315519132e+01 1.368976688073915859e+01 9.500000000000000000e+01
5.033217165681610794e+01 1.373118789120032623e+01 9.500000000000000000e+01
5.062877284464210703e+01 1.377310816360055590e+01 9.500000000000000000e+01
5.092225457090362539e+01 1.381553418087180241e+01 9.500000000000000000e+01
5.121254276215851320e+01 1.385847227527103342e+01 9.500000000000000000e+01
5.149956196445820922e+01 1.390192860872075542e+01 9.500000000000000000e+01
5.178323535409377598e+01 1.394590915210299897e+01 9.500000000000000000e+01
5.206348475214642946e+01 1.399041966349974508e+01 9.500000000000000000e+01
5.234023064311642770e+01 1.403546566537901619e+01 9.500000000000000000e+01
5.261339219790959021e+01 1.408105242073212793e+01 9.500000000000000000e+01
5.288288730146496874e+01 1.412718490817510286e+01 9.500000000000000000e+01
5.314863258531237733e+01 1.417386779603558722e+01 9.500000000000000000e+01
5.341054346534809838e+01 1.422110541545539775e+01 9.500000000000000000e+01
5.366853418511781371e+01 1.426890173254892247e+01 9.500000000000000000e+01
5.392251786489301679e+01 1.431726031966830170e+01 9.500000000000000000e+01
5.417240655682083172e+01 1.436618432583774307e+01 9.500000000000000000e+01
5.441811130642073380e+01 1.441567644643204282e+01 9.500000000000000000e+01
5.465954222068805279e+01 1.446573889218721476e+01 9.500000000000000000e+01
5.489660854305181914e+01 1.451637335764534242e+01 9.500000000000000000e+01
5.512921873541431239e+01 1.456758098915014799e+01 9.500000000000000000e+01
5.535728056747785075e+01 1.461936235252487748e+01 9.500000000000000000e+01
5.558070121353828341e+01 1.467171740057975526e+01 9.500000000000000000e+01
5.579938735689312068e+01 1.472464544061192626e+01 9.500000000000000000e+01
5.601324530197690876e+01 1.477814510207666210e+01 9.500000000000000000e+01
5.622218109429669397e+01 1.483221430462469570e+01 9.500000000000000000e+01
5.642610064819472626e+01 1.488685022671552716e+01 9.500000000000000000e+01
5.662490988241678735e+01 1.494204927503196245e+01 9.500000000000000000e+01
5.681851486340946167e+01 1.499780705493478550e+01 9.500000000000000000e+01
5.700682195621057957e+01 1.505411834220951306e+01 9.500000000000000000e+01
5.718973798273493969e+01 1.511097705636858990e+01 9.500000000000000000e+01
5.736717038718805384e+01 1.516837623578188143e+01 9.500000000000000000e+01
5.753902740827200546e+01 1.522630801491589203e+01 9.500000000000000000e+01
5.770521825777190372e+01 1.528476360396705047e+01 9.500000000000000000e+01
5.786565330503556481e+01 1.534373327117640073e+01 9.500000000000000000e+01
5.802024426678168112e+01 1.540320632811234525e+01 9.500000000000000000e+01
5.816890440159202313e+01 1.546317111820309442e+01 9.500000000000000000e+01
5.831154870836552817e+01 1.552361500879288059e+01 9.500000000000000000e+01
5.844809412793448899e+01 1.558452438698324016e+01 9.500000000000000000e+01
5.857845974696856928e+01 1.564588465950463814e+01 9.500000000000000000e+01
5.870256700322111243e+01 1.570768025684318303e+01 9.500000000000000000e+01
5.882033989110652072e+01 1.576989464182218903e+01 9.500000000000000000e+01
5.893170516653695756e+01 1.583251032280922210e+01 9.500000000000000000e+01
5.903659254989561589e+01 1.589550887168625160e+01 9.500000000000000000e+01
5.913493492597869050e+01 1.595887094668304051e+01 9.500000000000000000e+01
5.922666853970690681e+01 1.602257632013367328e+01 9.500000000000000000e+01
5.931173318638334990e+01 1.608660391117181732e+01 9.500000000000000000e+01
5.939007239526579696e+01 1.615093182333413679e+01 9.500000000000000000e+01
5.946163360522444208e+01 1.621553738699261871e+01 9.500000000000000000e+01
5.952636833127202465e+01 1.628039720648671462e+01 9.500000000000000000e+01
5.958423232078546761e+01 1.634548721177575459e+01 9.500000000000000000e+01
5.963518569828198679e+01 1.641078271438189873e+01 9.500000000000000000e+01
5.967919309767342639e+01 1.647625846734451116e+01 9.500000000000000000e+01
5.971622378099480954e+01 1.654188872886004802e+01 9.500000000000000000e+01
5.974625174269068140e+01 1.660764732923654918e+01 9.500000000000000000e+01
5.976925579864201410e+01 1.667350774075164921e+01 9.500000000000000000e+01
5.978521965922650594e+01 1.673944314996625948e+01 9.500000000000000000e+01
5.979413198582648192e+01 1.680542653201501579e+01 9.500000000000000000e+01
5.979598643032723260e+01 1.687143072636937191e+01 9.500000000000000000e+01
5.979598643032723260e+01 1.687143072636937191e+01 9.500000000000000000e+01
5.979078165728429184e+01 1.693742851354997825e+01 9.500000000000000000e+01
5.977852134857872812e+01 1.700339269225246852e+01 9.500000000000000000e+01
5.975921419052226469e+01 1.706929615634579989e+01 9.500000000000000000e+01
5.973287384351782947e+01 1.713511197120357465e+01 9.500000000000000000e+01
5.969951889452300264e+01 1.720081344883758234e+01 9.500000000000000000e+01
5.965917279270225038e+01 1.726637422131852517e+01 9.500000000000000000e+01
5.961186376878700344e+01 1.733176831199073575e+01 9.500000000000000000e+01
5.955762473878686336e+01 1.739697020401614225e+01 9.500000000000000000e+01
5.949649319281278537e+01 1.746195490581618515e+01 9.500000000000000000e+01
5.942851106987748011e+01 1.752669801301911079e+01 9.500000000000000000e+01
5.935372461963198987e+01 1.759117576656254656e+01 9.500000000000000000e+01
5.927218425207831842e+01 1.765536510664702874e+01 9.500000000000000000e+01
5.918394437636502659e+01 1.771924372228468414e+01 9.500000000000000000e+01
5.908906322982441139e+01 1.778279009623672025e+01 9.500000000000000000e+01
5.898760269844976278e+01 1.784598354518398722e+01 9.500000000000000000e+01
5.887962813003465357e+01 1.790880425502524176e+01 9.500000000000000000e+01
5.876520814120633673e+01 1.797123331124682011e+01 9.500000000000000000e+01
5.864441441958258139e+01 1.803325272435529669e+01 9.500000000000000000e+01
5.851732152226523453e+01 1.809484545041004111e+01 9.500000000000000000e+01
5.838400667185647563e+01 1.815599540673470358e+01 9.500000000000000000e+01
5.824454955114504884e+01 1.821668748292612960e+01 9.500000000000000000e+01
5.809903209756308229e+01 1.827690754731422729e+01 9.500000000000000000e+01
5.794753829845661386e+01 1.833664244905775220e+01 9.500000000000000000e+01
5.779015398815158733e+01 1.839588001608805001e+01 9.500000000000000000e+01
5.762696664772763455e+01 1.845460904913563738e+01 9.500000000000000000e+01
5.745806520833903619e+01 1.851281931209306819e+01 9.500000000000000000e+01
5.728353985884668020e+01 1.857050151898188517e+01 9.500000000000000000e+01
5.710348185844646451e+01 1.862764731780172411e+01 9.500000000000000000e+01
5.691798335490091887e+01 1.868424927154605442e+01 9.500000000000000000e+01
5.672713720890299527e+01 1.874030083667197744e+01 9.500000000000000000e+01
5.653103682502236893e+01 1.879579633931075477e+01 9.500000000000000000e+01
5.632977598961071664e+01 1.885073094950256234e+01 9.500000000000000000e+01
5.612344871596874185e+01 1.890510065373250015e+01 9.500000000000000000e+01
5.591214909700924807e+01 1.895890222603656738e+01 9.500000000000000000e+01
5.569597116558453109e+01 1.901213319793571799e+01 9.500000000000000000e+01
5.547500876258526148e+01 1.906479182744403644e+01 9.500000000000000000e+01
5.524935541286114926e+01 1.911687706738361925e+01 9.500000000000000000e+01
5.501910420896171416e+01 1.916838853322416369e+01 9.500000000000000000e+01
5.478434770264762932e+01 1.921932647065026600e+01 9.500000000000000000e+01
5.454517780408070848e+01 1.926969172304355382e+01 9.500000000000000000e+01
5.430168568856267086e+01 1.931948569905114255e+01 9.500000000000000000e+01
5.405396171065936528e+01 1.936871034039579698e+01 9.500000000000000000e+01
5.380209532551839402e+01 1.941736809006768638e+01 9.500000000000000000e+01
5.354617501716353445e+01 1.946546186102217035e+01 9.500000000000000000e+01
5.328628823352887878e+01 1.951299500549317756e+01 9.500000000000000000e+01
5.302252132797898554e+01 1.955997128501769211e+01 9.500000000000000000e+01
5.275495950704782899e+01 1.960639484125287524e+01 9.500000000000000000e+01
5.248368678412067112e+01 1.965227016765498647e+01 9.500000000000000000e+01
5.220878593877452545e+01 1.969760208207690155e+01 9.500000000000000000e+01
5.193033848149017473e+01 1.974239570032998969e+01 9.500000000000000000e+01
5.164842462344642371e+01 1.978665641074574566e+01 9.500000000000000000e+01
5.136312325110775845e+01 1.983038984976307262e+01 9.500000000000000000e+01
5.107451190531947560e+01 1.987360187855844273e+01 9.500000000000000000e+01
5.078266676462794749e+01 1.991629856072842841e+01 9.500000000000000000e+01
5.048766263254965025e+01 1.995848614102689922e+01 9.500000000000000000e+01
5.018957292851908392e+01 2.000017102515322520e+01 9.500000000000000000e+01
4.988846968225374212e+01 2.004135976058200441e+01 9.500000000000000000e+01
4.958442353128275926e+01 2.008205901842017127e+01 9.500000000000000000e+01
4.927750372139530555e+01 2.012227557627324259e+01 9.500000000000000000e+01
4.896777810977430789e+01 2.016201630209863538e+01 9.500000000000000000e+01
4.865531317059162575e+01 2.020128813902132237e+01 9.500000000000000000e+01
4.834017400285096500e+01 2.024009809108430957e+01 9.500000000000000000e+01
4.802242434027535012e+01 2.027845320990457267e+01 9.500000000000000000e+01
4.770212656304676102e+01 2.031636058220346541e+01 9.500000000000000000e+01
4.737934171121560212e+01 2.035382731817941249e+01 9.500000000000000000e+01
4.705412949960899738e+01 2.039086054068979692e+01 9.500000000000000000e+01
4.672654833407577257e+01 2.042746737520850431e+01 9.500000000000000000e+01
4.639665532891757493e+01 2.046365494052528788e+01 9.500000000000000000e+01
4.606450632536372325e+01 2.049943034015301535e+01 9.500000000000000000e+01
4.573015591095825272e+01 2.053480065440921010e+01 9.500000000000000000e+01
4.539365743973538514e+01 2.056977293313847355e+01 9.500000000000000000e+01
4.505506305306982284e+01 2.060435418904303972e+01 9.500000000000000000e+01
4.471442370109498654e+01 2.063855139158940588e+01 9.500000000000000000e+01
4.437178916459165379e+01 2.067237146145946980e+01 9.500000000000000000e+01
4.402720807725665253e+01 2.070582126551593660e+01 9.500000000000000000e+01
4.368072794826811389e+01 2.073890761225212742e+01 9.500000000000000000e+01
4.333239518507078714e+01 2.077163724769787123e+01 9.500000000000000000e+01
4.298225511631203233e+01 2.080401685175369053e+01 9.500000000000000000e+01
4.263035201486415104e+01 2.083605303492688066e+01 9.500000000000000000e+01
4.227672912087504642e+01 2.086775233544411634e+01 9.500000000000000000e+01
4.192142866479463947e+01 2.089912121671608247e+01 9.500000000000000000e+01
4.156449189032922220e+01 2.093016606513098665e+01 9.500000000000000000e+01
4.120595907728043983e+01 2.096089318815482372e+01 9.500000000000000000e+01
4.084586956423077453e+01 2.099130881271717897e+01 9.500000000000000000e+01
4.048426177104055768e+01 2.102141908386259672e+01 9.500000000000000000e+01
4.012117322112603546e+01 2.105123006364845395e+01 9.500000000000000000e+01
3.975664056349082642e+01 2.108074773027143323e+01 9.500000000000000000e+01
3.939069959448722358e+01 2.110997797740542836e+01 9.500000000000000000e+01
3.902338527928613132e+01 2.113892661373483861e+01 9.500000000000000000e+01
3.865473177303744734e+01 2.116759936266818443e+01 9.500000000000000000e+01
3.828477244170517224e+01 2.119600186221757809e+01 9.500000000000000000e+01
3.791353988256408769e+01 2.122413966503074789e+01 9.500000000000000000e+01
3.754106594434684041e+01 2.125201823856295391e+01 9.500000000000000000e+01
3.716738174703221631e+01 2.127964296537688327e+01 9.500000000000000000e+01
3.679251770126721510e+01 2.130701914355946514e+01 9.500000000000000000e+01
3.641650352741735475e+01 2.133415198724522099e+01 9.500000000000000000e+01
3.603936827424079326e+01 2.136104662723636594e+01 9.500000000000000000e+01
3.566114033718373832e+01 2.138770811171057673e+01 9.500000000000000000e+01
3.528184747629524054e+01 2.141414140700801028e+01 9.500000000000000000e+01
3.490151683376098646e+01 2.144035139848959304e+01 9.500000000000000000e+01
3.452017495105667422e+01 2.146634289145918473e+01 9.500000000000000000e+01
3.413784778572218670e+01 2.149212061214291225e+01 9.500000000000000000e+01
3.375456072775914151e+01 2.151768920871914759e+01 9.500000000000000000e+01
3.337033861565447523e+01 2.154305325239328539e+01 9.500000000000000000e+01
3.298520575203355065e+01 2.156821723851191308e+01 9.500000000000000000e+01
3.259918591894737716e+01 2.159318558771116159e+01 9.500000000000000000e+01
3.221230239279822882e+01 2.161796264709465021e+01 9.500000000000000000e+01
3.182457795890892172e+01 2.164255269143669835e+01 9.500000000000000000e+01
3.143603492574120395e+01 2.166695992440671859e+01 9.500000000000000000e+01
3.104669513876893205e+01 2.169118847981122755e+01 9.500000000000000000e+01
3.065657999401237177e+01 2.171524242284999673e+01 9.500000000000000000e+01
3.026571045123970194e+01 2.173912575138326275e+01 9.500000000000000000e+01
2.987410704684255336e+01 2.176284239720718006e+01 9.500000000000000000e+01
2.948178990639169328e+01 2.178639622733487258e+01 9.500000000000000000e+01
2.908877875688038728e+01 2.180979104528066870e+01 9.500000000000000000e+01
2.869509293866177657e+01 2.183303059234543753e+01 9.500000000000000000e+01
2.830075141708764974e+01 2.185611854890094108e+01 9.500000000000000000e+01
2.790577279385514586e+01 2.187905853567150416e+01 9.500000000000000000e+01
2.751017531806904515e+01 2.190185411501127177e+01 9.500000000000000000e+01
2.711397689702634395e+01 2.192450879217569693e+01 9.500000000000000000e+01
2.671719510673004194e+01 2.194702601658585195e+01 9.500000000000000000e+01
2.631984720213963413e+01 2.196940918308440160e+01 9.500000000000000000e+01
2.592195012716473101e+01 2.199166163318220413e+01 9.500000000000000000e+01
2.552352052440923202e+01 2.201378665629457743e+01 9.500000000000000000e+01
2.512457474467252894e+01 2.203578749096636002e+01 9.500000000000000000e+01
2.472512885621489076e+01 2.205766732608514147e+01 9.500000000000000000e+01
2.432519865379331847e+01 2.207942930208186283e+01 9.500000000000000000e+01
2.392479966747488973e+01 2.210107651211842139e+01 9.500000000000000000e+01
2.352394717123403822e+01 2.212261200326160804e+01 9.500000000000000000e+01
2.312265619133984629e+01 2.214403877764315354e+01 9.500000000000000000e+01
2.272094151454039590e+01 2.216535979360538633e+01 9.500000000000000000e+01
2.231881769604942178e+01 2.218657796683242367e+01 9.500000000000000000e+01
2.191629906734251421e+01 2.220769617146641650e+01 9.500000000000000000e+01
2.151339974376783459e+01 2.222871724120898307e+01 9.500000000000000000e+01
2.111013363197799819e+01 2.224964397040745823e+01 9.500000000000000000e+01
2.070651443718832851e+01 2.227047911512605083e+01 9.500000000000000000e+01
2.030255567026764396e+01 2.229122539420180615e+01 9.500000000000000000e+01
1.989827065466680622e+01 2.231188549028538048e+01 9.500000000000000000e+01
1.949367253319046256e+01 2.233246205086670599e+01 9.500000000000000000e+01
1.908877427461746734e+01 2.235295768928556370e+01 9.500000000000000000e+01
1.868358868017518049e+01 2.237337498572716754e+01 9.500000000000000000e+01
1.827812838987240340e+01 2.239371648820296556e+01 9.500000000000000000e+01
1.787240588869651958e+01 2.241398471351661925e+01 9.500000000000000000e+01
1.746643351267912081e+01 2.243418214821555523e+01 9.500000000000000000e+01
1.706022345483527047e+01 2.245431124952806456e+01 9.500000000000000000e+01
1.665378777098091945e+01 2.247437444628626579e+01 9.500000000000000000e+01
1.624713838543299360e+01 2.249437413983512002e+01 9.500000000000000000e+01
1.584028709659672884e+01 2.251431270492770409e+01 9.500000000000000000e+01
1.543324558244457378e+01 2.253419249060699059e+01 9.500000000000000000e+01
1.502602540589064439e+01 2.255401582107439395e+01 9.500000000000000000e+01
1.461863802006552682e+01 2.257378499654527815e+01 9.500000000000000000e+01
1.421109477349471462e+01 2.259350229409181310e+01 9.500000000000000000e+01
1.380340691518529006e+01 2.261316996847328298e+01 9.500000000000000000e+01
1.339558559962436135e+01 2.263279025295426905e+01 9.500000000000000000e+01
1.298764189169335381e+01 2.265236536011088475e+01 9.500000000000000000e+01
1.257958677150144133e+01 2.267189748262541471e+01 9.500000000000000000e+01
1.217143113914238306e+01 2.269138879406956022e+01 9.500000000000000000e+01
1.176318581937778696e+01 2.271084144967667839e+01 9.500000000000000000e+01
1.135486156625048260e+01 2.273025758710324240e+01 9.500000000000000000e+01
1.094646906763158434e+01 2.274963932717977144e+01 9.500000000000000000e+01
1.053801894970427355e+01 2.276898877465162840e+01 9.500000000000000000e+01
1.012952178138789527e+01 2.278830801890986990e+01 9.500000000000000000e+01
9.720988078705339319e+00 2.280759913471250755e+01 9.500000000000000000e+01
9.312428309097047219e+00 2.282686418289641495e+01 9.500000000000000000e+01
8.903852895684646995e+00 2.284610521108016101e+01 9.500000000000000000e+01
8.495272221487134345e+00 2.286532425435812854e+01 9.500000000000000000e+01
8.086696633592973527e+00 2.288452333598611688e+01 9.500000000000000000e+01
7.678136447290453859e+00 2.290370446805870230e+01 9.500000000000000000e+01
7.269601950159830572e+00 2.292286965217869366e+01 9.500000000000000000e+01
6.861103406129461568e+00 2.294202088011889984e+01 9.500000000000000000e+01
6.452651059499239672e+00 2.296116013447647930e+01 9.500000000000000000e+01
6.044255138933658067e+00 2.298028938932014853e+01 9.500000000000000000e+01
5.635925861427527828e+00 2.299941061083050897e+01 9.500000000000000000e+01
5.227673436246686123e+00 2.301852575793372324e+01 9.500000000000000000e+01
4.819508068846602988e+00 2.303763678292878581e+01 9.500000000000000000e+01
4.411439964771276756e+00 2.305674563210866168e+01 9.500000000000000000e+01
4.003479333534983198e+00 2.307585424637550986e+01 9.500000000000000000e+01
3.595636392489499844e+00 2.309496456185022950e+01 9.500000000000000000e+01
3.187921370679116073e+00 2.311407851047650297e+01 9.500000000000000000e+01
2.780344512686086844e+00 2.313319802061966257e+01 9.500000000000000000e+01
2.372916082468677246e+00 2.315232501766051243e+01 9.500000000000000000e+01
1.965646367194524124e+00 2.317146142458429381e+01 9.500000000000000000e+01
1.558545681071356936e+00 2.319060916256509586e+01 9.500000000000000000e+01
1.151624369177675744e+00 2.320977015154579348e+01 9.500000000000000000e+01
7.448928112956197944e-01 2.322894631081375394e+01 9.500000000000000000e+01
3.383614257482292498e-01 2.324813955957255018e+01 9.500000000000000000e+01
-6.795932675636975895e-02 2.326735181750966319e+01 9.500000000000000000e+01
-4.740589392718920214e-01 2.328658500536058540e+01 9.500000000000000000e+01
-8.799268547493664938e-01 2.330584104546929680e+01 9.500000000000000000e+01
-1.285552462159234244e+00 2.332512186234530205e+01 9.500000000000000000e+01
-1.690925092597543644e+00 2.334442938321746652e+01 9.500000000000000000e+01
-2.096034015374347081e+00 2.336376553858461946e+01 9.500000000000000000e+01
-2.500868434081782610e+00 2.338313226276315149e+01 9.500000000000000000e+01
-2.905417482639981674e+00 2.340253149443173442e+01 9.500000000000000000e+01
-3.309670221318388617e+00 2.342196517717317406e+01 9.500000000000000000e+01
-3.713615632730398186e+00 2.344143526001352384e+01 9.500000000000000000e+01
-4.117242617799319326e+00 2.346094369795864409e+01 9.500000000000000000e+01
-4.520539991693235393e+00 2.348049245252801853e+01 9.500000000000000000e+01
-4.923496479726948039e+00 2.350008349228624382e+01 9.500000000000000000e+01
-5.326100713228611561e+00 2.351971879337183324e+01 9.500000000000000000e+01
-5.728341225369160128e+00 2.353940034002375015e+01 9.500000000000000000e+01
-6.130206446952326083e+00 2.355913012510539417e+01 9.500000000000000000e+01
-6.531684702163154554e+00 2.357891015062618933e+01 9.500000000000000000e+01
-6.932764204272994668e+00 2.359874242826075630e+01 9.500000000000000000e+01
-7.333433051298808181e+00 2.361862897986557996e+01 9.500000000000000000e+01
-7.733679221614907284e+00 2.363857183799320794e+01 9.500000000000000000e+01
-8.133490569514835400e+00 2.365857304640384484e+01 9.500000000000000000e+01
-8.532854820721617273e+00 2.367863466057432831e+01 9.500000000000000000e+01
-8.931759567844093084e+00 2.369875874820433737e+01 9.500000000000000000e+01
-9.330192265777599303e+00 2.371894738971978001e+01 9.500000000000000000e+01
-9.728140227046846888e+00 2.373920267877318935e+01 9.500000000000000000e+01
-1.012559061708896380e+01 2.375952672274091881e+01 9.500000000000000000e+01
-1.052253044947506133e+01 2.377992164321710788e+01 9.500000000000000000e+01
-1.091894658106786764e+01 2.380038957650405962e+01 9.500000000000000000e+01
-1.131482570711417779e+01 2.382093267409887716e+01 9.500000000000000000e+01
-1.171015435626972767e+01 2.384155310317612830e+01 9.500000000000000000e+01
-1.210491888555476514e+01 2.386225304706621486e+01 9.500000000000000000e+01
-1.249910547523869120e+01 2.388303470572917675e+01 9.500000000000000000e+01
-1.289270012365182616e+01 2.390390029622355428e+01 9.500000000000000000e+01
-1.328568864192242849e+01 2.392485205316999597e+01 9.500000000000000000e+01
-1.367805664863777793e+01 2.394589222920917493e+01 9.500000000000000000e+01
-1.406978956442688933e+01 2.396702309545360521e+01 9.500000000000000000e+01
-1.446087260646398853e+01 2.400000000000000000e+01 9.500000000000000000e+01
