4.798245515420722285e+01 0.000000000000000000e+00 9.500000000000000000e+01
4.829940918451871568e+01 4.259231801519652166e-02 9.500000000000000000e+01
4.861374772263951627e+01 8.143777628309513406e-02 9.500000000000000000e+01
4.892540711128825137e+01 1.207437139599747966e-01 9.500000000000000000e+01
4.923432233887860576e+01 1.605170582963056369e-01 9.500000000000000000e+01
4.954042703022220451e+01 2.007646730967596604e-01 9.500000000000000000e+01
4.984365343929095360e+01 2.414933444814455765e-01 9.500000000000000000e+01
5.014393244423897045e+01 2.827097657234717287e-01 9.500000000000000000e+01
5.044119354489671281e+01 3.244205211365401853e-01 9.500000000000000000e+01
5.073536486295937209e+01 3.666320689889108753e-01 9.500000000000000000e+01
5.102637314510162980e+01 4.093507234230286951e-01 9.500000000000000000e+01
5.131414376925929588e+01 4.525826353636969723e-01 9.500000000000000000e+01
5.159860075432986548e+01 4.963337724020385755e-01 9.500000000000000000e+01
5.187966677354880574e+01 5.406098976470786743e-01 9.500000000000000000e+01
5.215726317180903493e+01 5.854165475425794352e-01 9.500000000000000000e+01
5.243130998719553304e+01 6.307590086528106488e-01 9.500000000000000000e+01
5.270172597701241557e+01 6.766422934279727741e-01 9.500000000000000000e+01
5.296842864858474798e+01 7.230711149679239780e-01 9.500000000000000000e+01
5.323133429511732118e+01 7.700498608111958632e-01 9.500000000000000000e+01
5.349035803689486812e+01 8.175825657859635553e-01 9.500000000000000000e+01
5.374541386810498977e+01 8.656728839697248601e-01 9.500000000000000000e+01
5.399641470955989320e+01 9.143240598154804832e-01 9.500000000000000000e+01
5.424327246758826249e+01 9.635388985143014118e-01 9.500000000000000000e+01
5.448589809935530326e+01 1.013319735676488920e+00 9.500000000000000000e+01
5.472420168485826508e+01 1.063668406427207502e+00 9.500000000000000000e+01
5.495809250582609451e+01 1.114586214026302313e+00 9.500000000000000000e+01
5.518747913173177011e+01 1.166073898136576581e+00 9.500000000000000000e+01
5.541226951310147797e+01 1.218131602879997555e+00 9.500000000000000000e+01
5.563237108227518490e+01 1.270758844836458179e+00 9.500000000000000000e+01
5.584769086174016195e+01 1.323954481155235952e+00 9.500000000000000000e+01
5.605813558012152242e+01 1.377716677964902159e+00 9.500000000000000000e+01
5.626361179587063077e+01 1.432042879282362069e+00 9.500000000000000000e+01
5.646402602864571918e+01 1.486929776636705558e+00 9.500000000000000000e+01
5.665928489832698034e+01 1.542373279637341943e+00 9.500000000000000000e+01
5.684929527155240692e+01 1.598368487728844212e+00 9.500000000000000000e+01
5.703396441559974761e+01 1.654909663386701313e+00 9.500000000000000000e+01
5.721320015937560299e+01 1.711990207017884069e+00 9.500000000000000000e+01
5.738691106120456453e+01 1.769602633838381012e+00 9.500000000000000000e+01
5.755500658303969885e+01 1.827738553005371136e+00 9.500000000000000000e+01
5.771739727064152703e+01 1.886388649284711505e+00 9.500000000000000000e+01
5.787399493919761539e+01 1.945542667534716719e+00 9.500000000000000000e+01
5.802471286377741677e+01 2.005189400283676537e+00 9.500000000000000000e+01
5.816946597394015583e+01 2.065316678672145745e+00 9.500000000000000000e+01
5.830817105173806425e+01 2.125911367020353993e+00 9.500000000000000000e+01
5.844074693228219530e+01 2.186959361266572976e+00 9.500000000000000000e+01
5.856711470596857083e+01 2.248445591503893226e+00 9.500000000000000000e+01
5.868719792139449964e+01 2.310354028819947558e+00 9.500000000000000000e+01
5.880092278793513572e+01 2.372667696617222433e+00 9.500000000000000000e+01
5.890821837689616558e+01 2.435368686560866358e+00 9.500000000000000000e+01
5.900901682011224381e+01 2.498438179265726422e+00 9.500000000000000000e+01
5.910325350482558804e+01 2.561856469796258473e+00 9.500000000000000000e+01
5.919086726365200235e+01 2.625602998011115297e+00 9.500000000000000000e+01
5.927180055842836737e+01 2.689656383739729595e+00 9.500000000000000000e+01
5.934599965673312028e+01 2.753994466731883861e+00 9.500000000000000000e+01
5.941341479988271601e+01 2.818594351272659893e+00 9.500000000000000000e+01
5.947400036123158884e+01 2.883432455306451647e+00 9.500000000000000000e+01
5.952771499364268237e+01 2.948484563864379293e+00 9.500000000000000000e+01
5.957452176504681773e+01 3.013725886540954857e+00 9.500000000000000000e+01
5.961438828107775834e+01 3.079131118719240501e+00 9.500000000000000000e+01
5.964728679384708698e+01 3.144674506198849251e+00 9.500000000000000000e+01
5.967319429601777614e+01 3.210329912840257371e+00 9.500000000000000000e+01
5.969209259943701795e+01 3.276070890801410673e+00 9.500000000000000000e+01
5.970396839770469199e+01 3.341870752910073517e+00 9.500000000000000000e+01
5.970881331217541543e+01 3.407702646688427262e+00 9.500000000000000000e+01
5.970881331217541543e+01 3.407702646688427262e+00 9.500000000000000000e+01
5.970662392102387628e+01 3.473539629525049133e+00 9.500000000000000000e+01
5.969740177113677504e+01 3.539354744474615622e+00 9.500000000000000000e+01
5.968115337273571441e+01 3.605121096157590355e+00 9.500000000000000000e+01
5.965789017677397510e+01 3.670811926230809874e+00 9.500000000000000000e+01
5.962762853529105911e+01 3.736400687905422124e+00 9.500000000000000000e+01
5.959038964504563296e+01 3.801861119001078038e+00 9.500000000000000000e+01
5.954619947487935150e+01 3.867167313043947452e+00 9.500000000000000000e+01
5.949508867739104545e+01 3.932293787941253616e+00 9.500000000000000000e+01
5.943709248561726355e+01 3.997215551795438415e+00 9.500000000000000000e+01
5.937225059552407913e+01 4.061908165456721953e+00 9.500000000000000000e+01
5.930060703521078835e+01 4.126347801452601161e+00 9.500000000000000000e+01
5.922221002181198202e+01 4.190511298976208998e+00 9.500000000000000000e+01
5.913711180715441174e+01 4.254376214661578892e+00 9.500000000000000000e+01
5.904536851328482072e+01 4.317920868921751421e+00 9.500000000000000000e+01
5.894703995902717963e+01 4.381124387674701026e+00 9.500000000000000000e+01
5.884218947875930183e+01 4.443966739331178140e+00 9.500000000000000000e+01
5.873088373461408906e+01 4.506428766967264465e+00 9.500000000000000000e+01
5.861319252331416152e+01 4.568492215651632549e+00 9.500000000000000000e+01
5.848918857883868583e+01 4.630139754942959485e+00 9.500000000000000000e+01
5.835894737209986260e+01 4.691354996615542561e+00 9.500000000000000000e+01
5.822254690877376504e+01 4.752122507710969224e+00 9.500000000000000000e+01
5.808006752638786452e+01 4.812427819049924338e+00 9.500000000000000000e+01
5.793159169171713785e+01 4.872257429370534076e+00 9.500000000000000000e+01
5.777720379948136298e+01 4.931598805288292198e+00 9.500000000000000000e+01
5.761698997327317073e+01 4.990440377296691210e+00 9.500000000000000000e+01
5.745103786957486136e+01 5.048771532048035304e+00 9.500000000000000000e+01
5.727943648565189960e+01 5.106582601169770363e+00 9.500000000000000000e+01
5.710227597203264338e+01 5.163864846883748250e+00 9.500000000000000000e+01
5.691964745020931815e+01 5.220610444703939201e+00 9.500000000000000000e+01
5.673164283611746583e+01 5.276812463492591476e+00 9.500000000000000000e+01
5.653835466987418101e+01 5.332464843155985790e+00 9.500000000000000000e+01
5.633987595218253119e+01 5.387562370258958566e+00 9.500000000000000000e+01
5.613629998773478036e+01 5.442100651832701530e+00 9.500000000000000000e+01
5.592772023587986752e+01 5.496076087643088748e+00 9.500000000000000000e+01
5.571423016875268530e+01 5.549485841177638434e+00 9.500000000000000000e+01
5.549592313700198076e+01 5.602327809598098618e+00 9.500000000000000000e+01
5.527289224319484617e+01 5.654600592893254785e+00 9.500000000000000000e+01
5.504523022292290335e+01 5.706303462452812170e+00 9.500000000000000000e+01
5.481302933358601592e+01 5.757436329268908359e+00 9.500000000000000000e+01
5.457638125078540270e+01 5.807999711956568945e+00 9.500000000000000000e+01
5.433537697221834151e+01 5.857994704769218686e+00 9.500000000000000000e+01
5.409010672893160176e+01 5.907422945769706502e+00 9.500000000000000000e+01
5.384065990375997046e+01 5.956286585302036585e+00 9.500000000000000000e+01
5.358712495675079168e+01 6.004588254893688415e+00 9.500000000000000000e+01
5.332958935735202743e+01 6.052331036703768596e+00 9.500000000000000000e+01
5.306813952312383265e+01 6.099518433617975965e+00 9.500000000000000000e+01
5.280286076471892898e+01 6.146154340077669254e+00 9.500000000000000000e+01
5.253383723686528128e+01 6.192243013717497746e+00 9.500000000000000000e+01
5.226115189507636671e+01 6.237789047873834036e+00 9.500000000000000000e+01
5.198488645780950179e+01 6.282797345014872192e+00 9.500000000000000000e+01
5.170512137378834439e+01 6.327273091132742167e+00 9.500000000000000000e+01
5.142193579420685978e+01 6.371221731128174248e+00 9.500000000000000000e+01
5.113540754953173462e+01 6.414648945209464159e+00 9.500000000000000000e+01
5.084561313062418719e+01 6.457560626319267527e+00 9.500000000000000000e+01
5.055262767390681944e+01 6.499962858595563553e+00 9.500000000000000000e+01
5.025652495030657718e+01 6.541861896866585369e+00 9.500000000000000000e+01
4.995737735771230348e+01 6.583264147173621517e+00 9.500000000000000000e+01
4.965525591669346284e+01 6.624176148310636947e+00 9.500000000000000000e+01
4.935023026923508382e+01 6.664604554365123334e+00 9.500000000000000000e+01
4.904236868025320462e+01 6.704556118240821760e+00 9.500000000000000000e+01
4.873173804166514600e+01 6.744037676139639892e+00 9.500000000000000000e+01
4.841840387879865659e+01 6.783056132977433705e+00 9.500000000000000000e+01
4.810243035893466867e+01 6.821618448706038507e+00 9.500000000000000000e+01
4.778388030178802381e+01 6.859731625512155873e+00 9.500000000000000000e+01
4.746281519174146979e+01 6.897402695862276722e+00 9.500000000000000000e+01
4.713929519165853321e+01 6.934638711361833074e+00 9.500000000000000000e+01
4.681337915811008088e+01 6.971446732396023194e+00 9.500000000000000000e+01
4.648512465786091497e+01 7.007833818519319635e+00 9.500000000000000000e+01
4.615458798547047081e+01 7.043807019560587079e+00 9.500000000000000000e+01
4.582182418187294815e+01 7.079373367410655149e+00 9.500000000000000000e+01
4.548688705380993014e+01 7.114539868459571537e+00 9.500000000000000000e+01
4.514982919399827210e+01 7.149313496651096500e+00 9.500000000000000000e+01
4.481070200192353070e+01 7.183701187122601084e+00 9.500000000000000000e+01
4.446955570515821421e+01 7.217709830399191340e+00 9.500000000000000000e+01
4.412643938111100539e+01 7.251346267111651755e+00 9.500000000000000000e+01
4.378140097912105233e+01 7.284617283208710603e+00 9.500000000000000000e+01
4.343448734281769674e+01 7.317529605635011869e+00 9.500000000000000000e+01
4.308574423267324249e+01 7.350089898447145664e+00 9.500000000000000000e+01
4.273521634868210128e+01 7.382304759341169031e+00 9.500000000000000000e+01
4.238294735310538641e+01 7.414180716566009188e+00 9.500000000000000000e+01
4.202897989322630679e+01 7.445724226198257689e+00 9.500000000000000000e+01
4.167335562406556448e+01 7.476941669754886277e+00 9.500000000000000000e+01
4.131611523101204142e+01 7.507839352121500553e+00 9.500000000000000000e+01
4.095729845232755650e+01 7.538423499774784986e+00 9.500000000000000000e+01
4.059694410148949828e+01 7.568700259278822173e+00 9.500000000000000000e+01
4.023509008933845621e+01 7.598675696036027993e+00 9.500000000000000000e+01
3.987177344600144835e+01 7.628355793274400831e+00 9.500000000000000000e+01
3.950703034256563484e+01 7.657746451253758302e+00 9.500000000000000000e+01
3.914089611247947431e+01 7.686853486674621649e+00 9.500000000000000000e+01
3.877340527266182590e+01 7.715682632274245556e+00 9.500000000000000000e+01
3.840459154430153177e+01 7.744239536595292073e+00 9.500000000000000000e+01
3.803448787333347525e+01 7.772529763913317957e+00 9.500000000000000000e+01
3.766312645057800523e+01 7.800558794310273214e+00 9.500000000000000000e+01
3.729053873153394250e+01 7.828332023881802826e+00 9.500000000000000000e+01
3.691675545581649232e+01 7.855854765067014966e+00 9.500000000000000000e+01
3.654180666623307161e+01 7.883132247090034461e+00 9.500000000000000000e+01
3.616572172749242498e+01 7.910169616503337942e+00 9.500000000000000000e+01
3.578852934454287293e+01 7.936971937823580348e+00 9.500000000000000000e+01
3.541025758053739736e+01 7.963544194251115371e+00 9.500000000000000000e+01
3.503093387442425666e+01 7.989891288465142516e+00 9.500000000000000000e+01
3.465058505816301704e+01 8.016018043486841549e+00 9.500000000000000000e+01
3.426923737356656829e+01 8.041929203603435994e+00 9.500000000000000000e+01
3.388691648877104967e+01 8.067629435346640676e+00 9.500000000000000000e+01
3.350364751433576060e+01 8.093123328519347126e+00 9.500000000000000000e+01
3.311945501897610455e+01 8.118415397264909572e+00 9.500000000000000000e+01
3.273436304493369420e+01 8.143510081173761961e+00 9.500000000000000000e+01
3.234839512298718489e+01 8.168411746422524544e+00 9.500000000000000000e+01
3.196157428710913351e+01 8.193124686941063217e+00 9.500000000000000000e+01
3.157392308877358644e+01 8.217653125603376907e+00 9.500000000000000000e+01
3.118546361091992480e+01 8.242001215438511608e+00 9.500000000000000000e+01
3.079621748157892469e+01 8.266173040857879073e+00 9.500000000000000000e+01
3.040620588716700823e+01 8.290172618895844892e+00 9.500000000000000000e+01
3.001544958545482444e+01 8.314003900460535945e+00 9.500000000000000000e+01
2.962396891821666500e+01 8.337670771592151198e+00 9.500000000000000000e+01
2.923178382356755733e+01 8.361177054726283586e+00 9.500000000000000000e+01
2.883891384799447977e+01 8.384526509959986385e+00 9.500000000000000000e+01
2.844537815808870107e+01 8.407722836318439974e+00 9.500000000000000000e+01
2.805119555198599812e+01 8.430769673020401811e+00 9.500000000000000000e+01
2.765638447052199922e+01 8.453670600740688101e+00 9.500000000000000000e+01
2.726096300810939255e+01 8.476429142868113331e+00 9.500000000000000000e+01
2.686494892334408746e+01 8.499048766757507423e+00 9.500000000000000000e+01
2.646835964934744112e+01 8.521532884974572397e+00 9.500000000000000000e+01
2.607121230385143917e+01 8.543884856532386607e+00 9.500000000000000000e+01
2.567352369903390397e+01 8.566107988118607963e+00 9.500000000000000000e+01
2.527531035111079305e+01 8.588205535312445349e+00 9.500000000000000000e+01
2.487658848969254066e+01 8.610180703790627277e+00 9.500000000000000000e+01
2.447737406691115680e+01 8.632036650521660803e+00 9.500000000000000000e+01
2.407768276632558724e+01 8.653776484947753644e+00 9.500000000000000000e+01
2.367753001161177551e+01 8.675403270153955404e+00 9.500000000000000000e+01
2.327693097504476683e+01 8.696920024023922835e+00 9.500000000000000000e+01
2.287590058577978880e+01 8.718329720382099524e+00 9.500000000000000000e+01
2.247445353793935752e+01 8.739635290121826827e+00 9.500000000000000000e+01
2.207260429851396921e+01 8.760839622319195996e+00 9.500000000000000000e+01
2.167036711508346514e+01 8.781945565332383907e+00 9.500000000000000000e+01
2.126775602336691406e+01 8.802955927886273457e+00 9.500000000000000000e+01
2.086478485460894916e+01 8.823873480142150783e+00 9.500000000000000000e+01
2.046146724281088325e+01 8.844700954752291011e+00 9.500000000000000000e+01
2.005781663181522489e+01 8.865441047899205174e+00 9.500000000000000000e+01
1.965384628225272579e+01 8.886096420319310241e+00 9.500000000000000000e+01
1.924956927836133502e+01 8.906669698310574645e+00 9.500000000000000000e+01
1.884499853468659580e+01 8.927163474723670333e+00 9.500000000000000000e+01
1.844014680267226680e+01 8.947580309935796450e+00 9.500000000000000000e+01
1.803502667714874974e+01 8.967922732806171027e+00 9.500000000000000000e+01
1.762965060272285456e+01 8.988193241611590167e+00 9.500000000000000000e+01
1.722403088006581839e+01 9.008394304960004817e+00 9.500000000000000000e+01
1.681817967208424136e+01 9.028528362679480779e+00 9.500000000000000000e+01
1.641210900993705835e+01 9.048597826679189993e+00 9.500000000000000000e+01
1.600583079882924409e+01 9.068605081778864374e+00 9.500000000000000000e+01
1.559935682346346120e+01 9.088552486503697736e+00 9.500000000000000000e+01
1.519269875296439487e+01 9.108442373843850248e+00 9.500000000000000000e+01
1.478586814501467828e+01 9.128277051983269885e+00 9.500000000000000000e+01
1.437887644887739569e+01 9.148058805012922790e+00 9.500000000000000000e+01
1.397173500698848869e+01 9.167789893660422962e+00 9.500000000000000000e+01
1.356445505497415560e+01 9.187472556089984366e+00 9.500000000000000000e+01
1.315704772040499115e+01 9.207109008846963150e+00 9.500000000000000000e+01
1.274952402139771479e+01 9.226701448022950558e+00 9.500000000000000000e+01
1.234189486715961337e+01 9.246252050676954326e+00 9.500000000000000000e+01
1.193417106319533083e+01 9.265762976448526089e+00 9.500000000000000000e+01
1.152636332333800340e+01 9.285236369160790204e+00 9.500000000000000000e+01
1.111848228851962617e+01 9.304674358110549548e+00 9.500000000000000000e+01
1.071053854893843393e+01 9.324079058779085827e+00 9.500000000000000000e+01
1.030254266398834240e+01 9.343452572902350539e+00 9.500000000000000000e+01
9.894505174841196293e+00 9.362796988110908103e+00 9.500000000000000000e+01
9.486436607821547184e+00 9.382114377514024994e+00 9.500000000000000000e+01
9.078347470525631735e+00 9.401406799562716188e+00 9.500000000000000000e+01
8.670248244728279374e+00 9.420676298342447907e+00 9.500000000000000000e+01
8.262149379874475841e+00 9.439924904254652915e+00 9.500000000000000000e+01
7.854061289334067553e+00 9.459154634942612105e+00 9.500000000000000000e+01
7.445994349912391286e+00 9.478367496309115126e+00 9.500000000000000000e+01
7.037958904062650234e+00 9.497565483518105367e+00 9.500000000000000000e+01
6.629965263890932547e+00 9.516750581926348929e+00 9.500000000000000000e+01
6.222023716118870951e+00 9.535924767931152957e+00 9.500000000000000000e+01
5.814144527408106278e+00 9.555090009741855184e+00 9.500000000000000000e+01
5.406337949690190214e+00 9.574248268091036351e+00 9.500000000000000000e+01
4.998614225326285521e+00 9.593401496901716285e+00 9.500000000000000000e+01
4.590983592033941463e+00 9.612551643924026834e+00 9.500000000000000000e+01
4.183456287579834232e+00 9.631700651351355447e+00 9.500000000000000000e+01
3.776042554266154649e+00 9.650850456422750412e+00 9.500000000000000000e+01
3.368752643246831102e+00 9.670002992015975352e+00 9.500000000000000000e+01
2.961596818710234835e+00 9.689160187234012511e+00 9.500000000000000000e+01
2.554585361959750056e+00 9.708323967986645542e+00 9.500000000000000000e+01
2.147728575418893282e+00 9.727496257568013505e+00 9.500000000000000000e+01
1.741036786581545703e+00 9.746678977230683216e+00 9.500000000000000000e+01
1.334520351924012083e+00 9.765874046756527704e+00 9.500000000000000000e+01
9.281896607915721686e-01 9.785083385024458735e+00 9.500000000000000000e+01
5.220551392694149362e-01 9.804308910575191049e+00 9.500000000000000000e+01
1.161272540460705771e-01 9.823552542172953039e+00 9.500000000000000000e+01
-2.895834837246882287e-01 9.842816199364294860e+00 9.500000000000000000e+01
-6.950665145580289250e-01 9.862101803033882064e+00 9.500000000000000000e+01
-1.100311226764352002e+00 9.881411275957436402e+00 9.500000000000000000e+01
-1.505306952563717937e+00 9.900746543351765183e+00 9.500000000000000000e+01
-1.910042964185494352e+00 9.920109533421983983e+00 9.500000000000000000e+01
-2.314508469950001146e+00 9.939502177905970015e+00 9.500000000000000000e+01
-2.718692610329810133e+00 9.958926412616063928e+00 9.500000000000000000e+01
-3.122584453987928832e+00 9.978384177978130154e+00 9.500000000000000000e+01
-3.526172993790611443e+00 9.997877419567970492e+00 9.500000000000000000e+01
-3.929447142792592551e+00 1.001740808864519217e+01 9.500000000000000000e+01
-4.332395730192309280e+00 1.003697814268452504e+01 9.500000000000000000e+01
-4.735007497255181441e+00 1.005658954590465370e+01 9.500000000000000000e+01
-5.137271093202605776e+00 1.007624426979456445e+01 9.500000000000000000e+01
-5.539175071064692091e+00 1.009594429363747814e+01 9.500000000000000000e+01
-5.940707883494661168e+00 1.011569160503230869e+01 9.500000000000000000e+01
-6.341857878542701776e+00 1.013548820041267362e+01 9.500000000000000000e+01
-6.742613295387395844e+00 1.015533608556347644e+01 9.500000000000000000e+01
-7.142962260022542864e+00 1.017523727613496476e+01 9.500000000000000000e+01
-7.542892780897521909e+00 1.019519379815425353e+01 9.500000000000000000e+01
-7.942392744508946834e+00 1.021520768853425842e+01 9.500000000000000000e+01
-8.341449910941879153e+00 1.023528099557996995e+01 9.500000000000000000e+01
-8.740051909358355076e+00 1.025541577949192273e+01 9.500000000000000000e+01
-9.138186233431449423e+00 1.027561411286682791e+01 9.500000000000000000e+01
-9.535840236722856744e+00 1.029587808119515557e+01 9.500000000000000000e+01
-9.933001128001960112e+00 1.031620978335558547e+01 9.500000000000000000e+01
-1.032965596650467788e+01 1.033661133210610927e+01 9.500000000000000000e+01
-1.072579165712982707e+01 1.035708485457159966e+01 9.500000000000000000e+01
-1.112139494557164809e+01 1.037763249272763844e+01 9.500000000000000000e+01
-1.151645241338606773e+01 1.039825640388034600e+01 9.500000000000000000e+01
-1.191095047298933629e+01 1.041895876114196184e+01 9.500000000000000000e+01
-1.230487536258689829e+01 1.043974175390183312e+01 9.500000000000000000e+01
-1.269821314103105969e+01 1.046060758829255732e+01 9.500000000000000000e+01
-1.309094968260534309e+01 1.048155848765087406e+01 9.500000000000000000e+01
-1.348307067173437979e+01 1.050259669297290444e+01 9.500000000000000000e+01
-1.387456159761703667e+01 1.052372446336338463e+01 9.500000000000000000e+01
-1.426540774878180073e+01 1.054494407647836063e+01 9.500000000000000000e+01
-1.465559420756260600e+01 1.056625782896091970e+01 9.500000000000000000e+01
-1.504510584449345956e+01 1.058766803686938829e+01 9.500000000000000000e+01
-1.543392731262112605e+01 1.060917703609744045e+01 9.500000000000000000e+01
-1.582204304173354714e+01 1.063078718278551094e+01 9.500000000000000000e+01
-1.620943723250375612e+01 1.065250085372284694e+01 9.500000000000000000e+01
-1.659609385054733011e+01 1.067432044673953051e+01 9.500000000000000000e+01
-1.698199662039291269e+01 1.069624838108767761e+01 9.500000000000000000e+01
-1.736712901936446585e+01 1.071828709781103939e+01 9.500000000000000000e+01
-1.775147427137444822e+01 1.074043906010219551e+01 9.500000000000000000e+01
-1.813501534062727671e+01 1.076270675364635032e+01 9.500000000000000000e+01
-1.851773492523258824e+01 1.078509268695085765e+01 9.500000000000000000e+01
-1.889961545072754845e+01 1.080759939165939620e+01 9.500000000000000000e+01
-1.928063906350806533e+01 1.083022942284974910e+01 9.500000000000000000e+01
-1.966078762416871584e+01 1.085298535931401354e+01 9.500000000000000000e+01
-2.004004270075160932e+01 1.087586980382006807e+01 9.500000000000000000e+01
-2.041838556190408127e+01 1.089888538335295110e+01 9.500000000000000000e+01
-2.079579716994579641e+01 1.092203474933486085e+01 9.500000000000000000e+01
-2.117225817384617415e+01 1.094532057782232037e+01 9.500000000000000000e+01
-2.154774890211235672e+01 1.096874556967895842e+01 9.500000000000000000e+01
-2.192224935558975574e+01 1.099231245072238927e+01 9.500000000000000000e+01
-2.229573920017580235e+01 1.101602397184346671e+01 9.500000000000000000e+01
-2.266819775944889770e+01 1.103988290909613745e+01 9.500000000000000000e+01
-2.303960400721471657e+01 1.106389206375608580e+01 9.500000000000000000e+01
-2.340993655997207412e+01 1.108805426234620484e+01 9.500000000000000000e+01
-2.377917366930093834e+01 1.111237235662679268e+01 9.500000000000000000e+01
-2.414729321417579655e+01 1.113684922354844176e+01 9.500000000000000000e+01
-2.451427269320790003e+01 1.116148776516527441e+01 9.500000000000000000e+01
-2.488008921682004626e+01 1.118629090850620322e+01 9.500000000000000000e+01
-2.524471949935856330e+01 1.121126160540180727e+01 9.500000000000000000e+01
-2.560813985114709723e+01 1.123640283226415093e+01 9.500000000000000000e+01
-2.597032617048759562e+01 1.126171758981694992e+01 9.500000000000000000e+01
-2.633125393561426009e+01 1.128720890277323008e+01 9.500000000000000000e+01
-2.669089819660738883e+01 1.131287981945759569e+01 9.500000000000000000e+01
-2.704923356727351091e+01 1.133873341137002022e+01 9.500000000000000000e+01
-2.740623421699986295e+01 1.136477277268803654e+01 9.500000000000000000e+01
-2.776187386259165635e+01 1.139100101970402257e+01 9.500000000000000000e+01
-2.811612576010093534e+01 1.141742129019415408e+01 9.500000000000000000e+01
-2.846896269665726820e+01 1.144403674271553584e+01 9.500000000000000000e+01
-2.882035698231029741e+01 1.147085055582777002e+01 9.500000000000000000e+01
-2.917028044189626712e+01 1.149786592723525480e+01 9.500000000000000000e+01
-2.951870440694024467e+01 1.152508607284620723e+01 9.500000000000000000e+01
-2.986559970760788119e+01 1.155251422574448306e+01 9.500000000000000000e+01
-3.021093666472005879e+01 1.158015363506991058e+01 9.500000000000000000e+01
-3.055468508184662824e+01 1.160800756480293927e+01 9.500000000000000000e+01
-3.089681423749452094e+01 1.163607929244918537e+01 9.500000000000000000e+01
-3.123729287740823679e+01 1.166437210761937315e+01 9.500000000000000000e+01
-3.157608920700067046e+01 1.169288931050001779e+01 9.500000000000000000e+01
-3.191317088393421386e+01 1.172163421021023311e+01 9.500000000000000000e+01
-3.224850501087282595e+01 1.175061012303974906e+01 9.500000000000000000e+01
-3.258205812842719240e+01 1.177982037056333375e+01 9.500000000000000000e+01
-3.291379620831644814e+01 1.180926827762667841e+01 9.500000000000000000e+01
-3.324368464677116464e+01 1.183895717019864335e+01 9.500000000000000000e+01
-3.357168825820388491e+01 1.186889037308493045e+01 9.500000000000000000e+01
-3.389777126917458361e+01 1.189907120749798608e+01 9.500000000000000000e+01
-3.422189731268046842e+01 1.192950298847812185e+01 9.500000000000000000e+01
-3.454402942280032818e+01 1.196018902216070501e+01 9.500000000000000000e+01
-3.486413002972592068e+01 1.199113260288442362e+01 9.500000000000000000e+01
-3.518216095521371045e+01 1.202233701013551936e+01 9.500000000000000000e+01
-3.549808340849249078e+01 1.205380550532317407e+01 9.500000000000000000e+01
-3.581185798266385234e+01 1.208554132838114370e+01 9.500000000000000000e+01
-3.612344465163357654e+01 1.211754769419100697e+01 9.500000000000000000e+01
-3.643280276761469594e+01 1.214982778882248304e+01 9.500000000000000000e+01
-3.673989105924334808e+01 1.218238476558654781e+01 9.500000000000000000e+01
-3.704466763035129873e+01 1.221522174089726498e+01 9.500000000000000000e+01
-3.734708995943994125e+01 1.224834178993859446e+01 9.500000000000000000e+01
-3.764711489990222759e+01 1.228174794213274446e+01 9.500000000000000000e+01
-3.794469868104066990e+01 1.231544317640700470e+01 9.500000000000000000e+01
-3.823979690993112968e+01 1.234943041625646565e+01 9.500000000000000000e+01
-3.853236457418323369e+01 1.238371252460052219e+01 9.500000000000000000e+01
-3.882235604564957043e+01 1.241829229843155602e+01 9.500000000000000000e+01
-3.910972508513778934e+01 1.245317246325483040e+01 9.500000000000000000e+01
-3.939442484817968193e+01 1.248835566731935742e+01 9.500000000000000000e+01
-3.967640789191347039e+01 1.252384447564009129e+01 9.500000000000000000e+01
-3.995562618313540071e+01 1.255964136381274443e+01 9.500000000000000000e+01
-4.023203110757873446e+01 1.259574871162334375e+01 9.500000000000000000e+01
-4.050557348047701112e+01 1.263216879645554513e+01 9.500000000000000000e+01
-4.077620355847037104e+01 1.266890378649982196e+01 9.500000000000000000e+01
-4.104387105291307591e+01 1.270595573376968623e+01 9.500000000000000000e+01
-4.130852514463996528e+01 1.274332656693129984e+01 9.500000000000000000e+01
-4.157011450024995725e+01 1.278101808395397754e+01 9.500000000000000000e+01
-4.182858728996296094e+01 1.281903194459062334e+01 9.500000000000000000e+01
-4.208389120710639020e+01 1.285736966269823967e+01 9.500000000000000000e+01
-4.233597348928555704e+01 1.289603259841037008e+01 9.500000000000000000e+01
-4.258478094129038993e+01 1.293502195017469880e+01 9.500000000000000000e+01
-4.283025995978921685e+01 1.297433874667068920e+01 9.500000000000000000e+01
-4.307235655985702749e+01 1.301398383862377983e+01 9.500000000000000000e+01
-4.331101640338322056e+01 1.305395789053440403e+01 9.500000000000000000e+01
-4.354618482939998358e+01 1.309426137234176402e+01 9.500000000000000000e+01
-4.377780688636820372e+01 1.313489455104410375e+01 9.500000000000000000e+01
-4.400582736645408488e+01 1.317585748229915055e+01 9.500000000000000000e+01
-4.423019084182327276e+01 1.321715000203001544e+01 9.500000000000000000e+01
-4.445084170297529624e+01 1.325877171806387622e+01 9.500000000000000000e+01
-4.466772419913339576e+01 1.330072200183245634e+01 9.500000000000000000e+01
-4.488078248069936649e+01 1.334299998016516575e+01 9.500000000000000000e+01
-4.508996064377461011e+01 1.338560452720752458e+01 9.500000000000000000e+01
-4.529520277674232176e+01 1.342853425649914989e+01 9.500000000000000000e+01
-4.549645300889528698e+01 1.347178751324726065e+01 9.500000000000000000e+01
-4.569365556108689930e+01 1.351536236683307024e+01 9.500000000000000000e+01
-4.588675479837196036e+01 1.355925660359001839e+01 9.500000000000000000e+01
-4.607569528459493569e+01 1.360346771989375547e+01 9.500000000000000000e+01
-4.626042183887248882e+01 1.364799291560522576e+01 9.500000000000000000e+01
-4.644087959390598286e+01 1.369282908790880526e+01 9.500000000000000000e+01
-4.661701405604948434e+01 1.373797282558829558e+01 9.500000000000000000e+01
-4.678877116704581596e+01 1.378342040378403155e+01 9.500000000000000000e+01
-4.695609736733289452e+01 1.382916777927446184e+01 9.500000000000000000e+01
-4.711893966080931762e+01 1.387521058632557924e+01 9.500000000000000000e+01
-4.727724568093722013e+01 1.392154413315116734e+01 9.500000000000000000e+01
-4.743096375804724829e+01 1.396816339902611404e+01 9.500000000000000000e+01
-4.758004298769938600e+01 1.401506303209404258e+01 9.500000000000000000e+01
-4.772443329994082717e+01 1.406223734790914293e+01 9.500000000000000000e+01
-4.786408552929072613e+01 1.410968032875024036e+01 9.500000000000000000e+01
-4.799895148527039623e+01 1.415738562374319542e+01 9.500000000000000000e+01
-4.812898402328657710e+01 1.420534654982507305e+01 9.500000000000000000e+01
-4.825413711566584851e+01 1.425355609358076947e+01 9.500000000000000000e+01
-4.837436592262761792e+01 1.430200691397946677e+01 9.500000000000000000e+01
-4.848962686297601010e+01 1.435069134603468122e+01 9.500000000000000000e+01
-4.859987768428199928e+01 1.439960140540778433e+01 9.500000000000000000e+01
-4.870507753232139692e+01 1.444872879397043697e+01 9.500000000000000000e+01
-4.880518701952852467e+01 1.449806490633686806e+01 9.500000000000000000e+01
-4.890016829222125949e+01 1.454760083737196652e+01 9.500000000000000000e+01
-4.898998509635050880e+01 1.459732739067593421e+01 9.500000000000000000e+01
-4.907460284152589480e+01 1.464723508804097385e+01 9.500000000000000000e+01
-4.915398866306932035e+01 1.469731417986985633e+01 9.500000000000000000e+01
-4.922811148185019192e+01 1.474755465654037145e+01 9.500000000000000000e+01
-4.929694206165972048e+01 1.479794626069416097e+01 9.500000000000000000e+01
-4.936045306388616893e+01 1.484847850042234718e+01 9.500000000000000000e+01
-4.941861909926031160e+01 1.489914066331465214e+01 9.500000000000000000e+01
-4.947141677644886926e+01 1.494992183133312480e+01 9.500000000000000000e+01
-4.951882474728311223e+01 1.500081089646569055e+01 9.500000000000000000e+01
-4.956082374842276295e+01 1.505179657710972485e+01 9.500000000000000000e+01
-4.959739663926733044e+01 1.510286743513043639e+01 9.500000000000000000e+01
-4.962852843594293972e+01 1.515401189353417699e+01 9.500000000000000000e+01
-4.965420634120844312e+01 1.520521825469228361e+01 9.500000000000000000e+01
-4.967441977014155441e+01 1.525647471904703956e+01 9.500000000000000000e+01
-4.968916037148586895e+01 1.530776940422775212e+01 9.500000000000000000e+01
-4.969842204455716939e+01 1.535909036450193277e+01 9.500000000000000000e+01
-4.970220095162999741e+01 1.541042561048395143e+01 9.500000000000000000e+01
-4.970049552574510443e+01 1.546176312902169769e+01 9.500000000000000000e+01
-4.969330647390047773e+01 1.551309090318026307e+01 9.500000000000000000e+01
-4.968063677561131186e+01 1.556439693224116638e+01 9.500000000000000000e+01
-4.966249167684514987e+01 1.561566925163523045e+01 9.500000000000000000e+01
-4.963887867936144005e+01 1.566689595272804425e+01 9.500000000000000000e+01
-4.960980752550621986e+01 1.571806520237768012e+01 9.500000000000000000e+01
-4.957529017853387643e+01 1.576916526218649928e+01 9.500000000000000000e+01
-4.953534079854901506e+01 1.582018450737087356e+01 9.500000000000000000e+01
-4.948997571418090047e+01 1.587111144517554528e+01 9.500000000000000000e+01
-4.943921339012255345e+01 1.592193473276296878e+01 9.500000000000000000e+01
-4.938307439068418603e+01 1.597264319451151238e+01 9.500000000000000000e+01
-4.932158133952738410e+01 1.602322583866094519e+01 9.500000000000000000e+01
-4.925475887576168077e+01 1.607367187324825863e+01 9.500000000000000000e+01
-4.918263360659929617e+01 1.612397072128182174e+01 9.500000000000000000e+01
-4.910523405677630393e+01 1.617411203510719275e+01 9.500000000000000000e+01
-4.902259061495853842e+01 1.622408570992356402e+01 9.500000000000000000e+01
-4.893473547736059714e+01 1.627388189641522942e+01 9.500000000000000000e+01
-4.884170258881292881e+01 1.632349101246851220e+01 9.500000000000000000e+01
-4.874352758151855625e+01 1.637290375395019026e+01 9.500000000000000000e+01
-4.864024771174409523e+01 1.642211110452940659e+01 9.500000000000000000e+01
-4.853190179469304866e+01 1.647110434453076877e+01 9.500000000000000000e+01
-4.841853013780976056e+01 1.651987505881195162e+01 9.500000000000000000e+01
-4.830017447276144793e+01 1.656841514366455570e+01 9.500000000000000000e+01
-4.817687788634416535e+01 1.661671681274225065e+01 9.500000000000000000e+01
-4.804868475055404531e+01 1.666477260202536925e+01 9.500000000000000000e+01
-4.791564065206132739e+01 1.671257537383564795e+01 9.500000000000000000e+01
-4.777779232131708653e+01 1.676011831991933221e+01 9.500000000000000000e+01
-4.763518756151691491e+01 1.680739496362108198e+01 9.500000000000000000e+01
-4.748787517763611987e+01 1.685439916117461934e+01 9.500000000000000000e+01
-4.733590490574300702e+01 1.690112510213964470e+01 9.500000000000000000e+01
-4.717932734278580398e+01 1.694756730901751496e+01 9.500000000000000000e+01
-4.701819387703940833e+01 1.699372063608073447e+01 9.500000000000000000e+01
-4.685255661938612803e+01 1.703958026745358367e+01 9.500000000000000000e+01
-4.668246833559346243e+01 1.708514171448326735e+01 9.500000000000000000e+01
-4.650798237974026250e+01 1.713040081244218982e+01 9.500000000000000000e+01
-4.632915262893035191e+01 1.717535371660332899e+01 9.500000000000000000e+01
-4.614603341942071069e+01 1.721999689773153008e+01 9.500000000000000000e+01
-4.595867948427940064e+01 1.726432713703379562e+01 9.500000000000000000e+01
-4.576714589267606215e+01 1.730834152061211739e+01 9.500000000000000000e+01
-4.557148799089586788e+01 1.735203743346217564e+01 9.500000000000000000e+01
-4.537176134515708270e+01 1.739541255306079037e+01 9.500000000000000000e+01
-4.516802168629943992e+01 1.743846484258456897e+01 9.500000000000000000e+01
-4.496032485640149190e+01 1.748119254380123877e+01 9.500000000000000000e+01
-4.474872675737256600e+01 1.752359416967421524e+01 9.500000000000000000e+01
-4.453328330155661519e+01 1.756566849671968100e+01 9.500000000000000000e+01
-4.431405036437443101e+01 1.760741455715421466e+01 9.500000000000000000e+01
-4.409108373902184042e+01 1.764883163086943796e+01 9.500000000000000000e+01
-4.386443909323332946e+01 1.768991923726859739e+01 9.500000000000000000e+01
-4.363417192811193956e+01 1.773067712699834786e+01 9.500000000000000000e+01
-4.340033753901904134e+01 1.777110527360733272e+01 9.500000000000000000e+01
-4.316299097851089783e+01 1.781120386516113641e+01 9.500000000000000000e+01
-4.292218702130202956e+01 1.785097329584172243e+01 9.500000000000000000e+01
-4.267798013123001510e+01 1.789041415755733766e+01 9.500000000000000000e+01
-4.243042443019086107e+01 1.792952723158717276e+01 9.500000000000000000e+01
-4.217957366900979110e+01 1.796831348028328534e+01 9.500000000000000000e+01
-4.192548120020697411e+01 1.800677403885031680e+01 9.500000000000000000e+01
-4.166819995261565879e+01 1.804491020722199934e+01 9.500000000000000000e+01
-4.140778240780533537e+01 1.808272344205154170e+01 9.500000000000000000e+01
-4.114428057826078344e+01 1.812021534883145790e+01 9.500000000000000000e+01
-4.087774598726501551e+01 1.815738767415659893e+01 9.500000000000000000e+01
-4.060822965043262656e+01 1.819424229814281091e+01 9.500000000000000000e+01
-4.033578205883783596e+01 1.823078122701204506e+01 9.500000000000000000e+01
-4.006045316368106057e+01 1.826700658585325598e+01 9.500000000000000000e+01
-3.978229236243646483e+01 1.830292061156722028e+01 9.500000000000000000e+01
-3.950134848642258589e+01 1.833852564600211821e+01 9.500000000000000000e+01
-3.921766978973794693e+01 1.837382412928536723e+01 9.500000000000000000e+01
-3.893130393950313817e+01 1.840881859335630821e+01 9.500000000000000000e+01
-3.864229800735196108e+01 1.844351165570304829e+01 9.500000000000000000e+01
-3.835069846211345634e+01 1.847790601330611437e+01 9.500000000000000000e+01
-3.805655116362846968e+01 1.851200443679026364e+01 9.500000000000000000e+01
-3.775990135764433830e+01 1.854580976478532861e+01 9.500000000000000000e+01
-3.746079367173273056e+01 1.857932489849606128e+01 9.500000000000000000e+01
-3.715927211217664450e+01 1.861255279648014493e+01 9.500000000000000000e+01
-3.685538006177349502e+01 1.864549646963320839e+01 9.500000000000000000e+01
-3.654916027850336491e+01 1.867815897637870748e+01 9.500000000000000000e+01
-3.624065489501145976e+01 1.871054341806043908e+01 9.500000000000000000e+01
-3.592990541885694711e+01 1.874265293453465731e+01 9.500000000000000000e+01
-3.561695273348053803e+01 1.877449069995860143e+01 9.500000000000000000e+01
-3.530183709984540741e+01 1.880605991877171945e+01 9.500000000000000000e+01
-3.498459815870738510e+01 1.883736382186569003e+01 9.500000000000000000e+01
-3.466527493347206246e+01 1.886840566293905042e+01 9.500000000000000000e+01
-3.434390583359832050e+01 1.889918871503184761e+01 9.500000000000000000e+01
-3.402052865850865260e+01 1.892971626723592138e+01 9.500000000000000000e+01
-3.369518060196922704e+01 1.895999162157587037e+01 9.500000000000000000e+01
-3.336789825690349431e+01 1.899001809005583041e+01 9.500000000000000000e+01
-3.303871762060551021e+01 1.901979899186719791e+01 9.500000000000000000e+01
-3.270767410031950106e+01 1.904933765075211127e+01 9.500000000000000000e+01
-3.237480251915542340e+01 1.907863739251770241e+01 9.500000000000000000e+01
-3.204013712231004263e+01 1.910770154269600241e+01 9.500000000000000000e+01
-3.170371158356603303e+01 1.913653342434436766e+01 9.500000000000000000e+01
-3.136555901204189567e+01 1.916513635598143850e+01 9.500000000000000000e+01
-3.102571195916783608e+01 1.919351364965352147e+01 9.500000000000000000e+01
-3.068420242586320512e+01 1.922166860912644992e+01 9.500000000000000000e+01
-3.034106186989338383e+01 1.924960452819805568e+01 9.500000000000000000e+01
-2.999632121338437329e+01 1.927732468912632768e+01 9.500000000000000000e+01
-2.965001085047527241e+01 1.930483236116859658e+01 9.500000000000000000e+01
-2.930216065508986745e+01 1.933213079922704125e+01 9.500000000000000000e+01
-2.895279998880904770e+01 1.935922324259603045e+01 9.500000000000000000e+01
-2.860195770882808830e+01 1.938611291380677670e+01 9.500000000000000000e+01
-2.824966217598299068e+01 1.941280301756503590e+01 9.500000000000000000e+01
-2.789594126283090603e+01 1.943929673977766370e+01 9.500000000000000000e+01
-2.754082236177182708e+01 1.946559724666386515e+01 9.500000000000000000e+01
-2.718433239319816153e+01 1.949170768394725428e+01 9.500000000000000000e+01
-2.682649781366108499e+01 1.951763117612484777e+01 9.500000000000000000e+01
-2.646734462404209154e+01 1.954337082580927643e+01 9.500000000000000000e+01
-2.610689837771993993e+01 1.956892971314064056e+01 9.500000000000000000e+01
-2.574518418872397874e+01 1.959431089526454883e+01 9.500000000000000000e+01
-2.538222673986430067e+01 1.961951740587300463e+01 9.500000000000000000e+01
-2.501805029083191201e+01 1.964455225480491407e+01 9.500000000000000000e+01
-2.465267868626064285e+01 1.966941842770312832e+01 9.500000000000000000e+01
-2.428613536374452408e+01 1.969411888572514968e+01 9.500000000000000000e+01
-2.391844336180491126e+01 1.971865656530443189e+01 9.500000000000000000e+01
-2.354962532780105278e+01 1.974303437795981608e+01 9.500000000000000000e+01
-2.317970352577953719e+01 1.976725521015027809e+01 9.500000000000000000e+01
-2.280869984425828179e+01 1.979132192317259253e+01 9.500000000000000000e+01
-2.243663580394035506e+01 1.981523735309948364e+01 9.500000000000000000e+01
-2.206353256535472696e+01 1.983900431075597126e+01 9.500000000000000000e+01
-2.168941093642036222e+01 1.986262558173175918e+01 9.500000000000000000e+01
-2.131429137993034573e+01 1.988610392642757674e+01 9.500000000000000000e+01
-2.093819402095501303e+01 1.990944208013343797e+01 9.500000000000000000e+01
-2.056113865416002895e+01 1.993264275313700651e+01 9.500000000000000000e+01
-2.018314475103934669e+01 1.995570863086022229e+01 9.500000000000000000e+01
-1.980423146706046111e+01 1.997864237402247767e+01 9.500000000000000000e+01
-1.942441764872079446e+01 2.000144661882877273e+01 9.500000000000000000e+01
-1.904372184051511496e+01 2.002412397718122605e+01 9.500000000000000000e+01
-1.866216229181178221e+01 2.004667703691254843e+01 9.500000000000000000e+01
-1.827975696363906266e+01 2.006910836204006543e+01 9.500000000000000000e+01
-1.789652353537947960e+01 2.009142049303898858e+01 9.500000000000000000e+01
-1.751247941137328468e+01 2.011361594713372369e+01 9.500000000000000000e+01
-1.712764172743085922e+01 2.013569721860592310e+01 9.500000000000000000e+01
-1.674202735725394930e+01 2.015766677911837590e+01 9.500000000000000000e+01
-1.635565291876635285e+01 2.017952707805355317e+01 9.500000000000000000e+01
-1.596853478035506235e+01 2.020128054286576358e+01 9.500000000000000000e+01
-1.558068906702149725e+01 2.022292957944626224e+01 9.500000000000000000e+01
-1.519213166644479251e+01 2.024447657250011900e+01 9.500000000000000000e+01
-1.480287823495737420e+01 2.026592388593426364e+01 9.500000000000000000e+01
-1.441294420343366234e+01 2.028727386325583026e+01 9.500000000000000000e+01
-1.402234478309416588e+01 2.030852882798012615e+01 9.500000000000000000e+01
-1.363109497122455416e+01 2.032969108404753911e+01 9.500000000000000000e+01
-1.323920955681248302e+01 2.035076291624875111e+01 9.500000000000000000e+01
-1.284670312610269782e+01 2.037174659065771110e+01 9.500000000000000000e+01
-1.245359006807188429e+01 2.039264435507176643e+01 9.500000000000000000e+01
-1.205988457982560469e+01 2.041345843945849126e+01 9.500000000000000000e+01
-1.166560067191736749e+01 2.043419105640873212e+01 9.500000000000000000e+01
-1.127075217359332626e+01 2.045484440159544803e+01 9.500000000000000000e+01
-1.087535273796256519e+01 2.047542065423792224e+01 9.500000000000000000e+01
-1.047941584709565355e+01 2.049592197757099044e+01 9.500000000000000000e+01
-1.008295481705322949e+01 2.051635051931894793e+01 9.500000000000000000e+01
-9.685982802845840567e+00 2.053670841217388343e+01 9.500000000000000000e+01
-9.288512803327252598e+00 2.055699777427803099e+01 9.500000000000000000e+01
-8.890557666023230610e+00 2.057722070971001926e+01 9.500000000000000000e+01
-8.492130091897083233e+00 2.059737930897473035e+01 9.500000000000000000e+01
-8.093242640054750581e+00 2.061747564949655498e+01 9.500000000000000000e+01
-7.693907732390348642e+00 2.063751179611592690e+01 9.500000000000000000e+01
-7.294137658174884464e+00 2.065748980158888415e+01 9.500000000000000000e+01
-6.893944578589949579e+00 2.067741170708958265e+01 9.500000000000000000e+01
-6.493340531207987709e+00 2.069727954271568748e+01 9.500000000000000000e+01
-6.092337434421778219e+00 2.071709532799641806e+01 9.500000000000000000e+01
-5.690947091824501314e+00 2.073686107240327914e+01 9.500000000000000000e+01
-5.289181196542737773e+00 2.075657877586340661e+01 9.500000000000000000e+01
-4.887051335524719597e+00 2.077625042927537891e+01 9.500000000000000000e+01
-4.484568993785207347e+00 2.079587801502762545e+01 9.500000000000000000e+01
-4.081745558609450875e+00 2.081546350751928287e+01 9.500000000000000000e+01
-3.678592323718671953e+00 2.083500887368357013e+01 9.500000000000000000e+01
-3.275120493398142152e+00 2.085451607351368963e+01 9.500000000000000000e+01
-2.871341186591159556e+00 2.087398706059124720e+01 9.500000000000000000e+01
-2.467265440960050071e+00 2.089342378261726196e+01 9.500000000000000000e+01
-2.062904216916661593e+00 2.091282818194586568e+01 9.500000000000000000e+01
-1.658268401624912958e+00 2.093220219612061328e+01 9.500000000000000000e+01
-1.253368812976510593e+00 2.095154775841368533e+01 9.500000000000000000e+01
-8.482162035431797253e-01 2.097086679836784384e+01 9.500000000000000000e+01
-4.428212645065809916e-01 2.099016124234145053e+01 9.500000000000000000e+01
-3.719462956846109059e-02 2.100943301405651553e+01 9.500000000000000000e+01
3.686531211563661703e-01 2.102868403514992224e+01 9.500000000000000000e+01
7.747114572630265927e-01 2.104791622572803433e+01 9.500000000000000000e+01
1.180969894192148928e+00 2.106713150492466013e+01 9.500000000000000000e+01
1.587417989376789462e+00 2.108633179146271175e+01 9.500000000000000000e+01
1.994045338398060530e+00 2.110551900421956617e+01 9.500000000000000000e+01
2.400841571146841158e+00 2.112469506279635212e+01 9.500000000000000000e+01
2.807796347990021424e+00 2.114386188809129052e+01 9.500000000000000000e+01
3.214899355938632297e+00 2.116302140287735511e+01 9.500000000000000000e+01
3.622140304815120615e+00 2.118217553238430995e+01 9.500000000000000000e+01
4.029508923418465116e+00 2.120132620488542585e+01 9.500000000000000000e+01
4.436994955683534414e+00 2.122047535228897175e+01 9.500000000000000000e+01
4.844588156833320447e+00 2.123962491073479342e+01 9.500000000000000000e+01
5.252278289521245647e+00 2.125877682119611478e+01 9.500000000000000000e+01
5.660055119960665237e+00 2.127793303008678194e+01 9.500000000000000000e+01
6.067908414040134701e+00 2.129709548987419510e+01 9.500000000000000000e+01
6.475827933420728044e+00 2.131626615969816285e+01 9.500000000000000000e+01
6.883803431613781498e+00 2.133544700599588495e+01 9.500000000000000000e+01
7.291824650036361710e+00 2.135464000313329791e+01 9.500000000000000000e+01
7.699881314041049585e+00 2.137384713404307490e+01 9.500000000000000000e+01
8.107963128918740381e+00 2.139307039086945750e+01 9.500000000000000000e+01
8.516059775870415294e+00 2.141231177562024968e+01 9.500000000000000000e+01
8.924160907946186327e+00 2.143157330082614820e+01 9.500000000000000000e+01
9.332256145948434778e+00 2.145085699020775039e+01 9.500000000000000000e+01
9.740335074295858320e+00 2.147016487935042051e+01 9.500000000000000000e+01
1.014838723684630395e+01 2.148949901638735938e+01 9.500000000000000000e+01
1.055640213267512628e+01 2.150886146269112942e+01 9.500000000000000000e+01
1.096436921180560731e+01 2.152825429357382347e+01 9.500000000000000000e+01
1.137227787088946762e+01 2.154767959899630725e+01 9.500000000000000000e+01
1.178011744883333733e+01 2.156713948428668459e+01 9.500000000000000000e+01
1.218787722236863047e+01 2.158663607086829117e+01 9.500000000000000000e+01
1.259554640156173200e+01 2.160617149699758599e+01 9.500000000000000000e+01
1.300311412526044741e+01 2.162574791851207223e+01 9.500000000000000000e+01
1.341056945647447485e+01 2.164536750958867728e+01 9.500000000000000000e+01
1.381790137768544291e+01 2.166503246351275536e+01 9.500000000000000000e+01
1.422509878608379985e+01 2.168474499345806095e+01 9.500000000000000000e+01
1.463215048872877944e+01 2.170450733327799853e+01 9.500000000000000000e+01
1.503904519762729031e+01 2.172432173830830138e+01 9.500000000000000000e+01
1.544577152472915671e+01 2.174419048618155159e+01 9.500000000000000000e+01
1.585231797683360178e+01 2.176411587765375089e+01 9.500000000000000000e+01
1.625867295040402283e+01 2.178410023744317670e+01 9.500000000000000000e+01
1.666482472628708678e+01 2.180414591508187172e+01 9.500000000000000000e+01
1.707076146433114161e+01 2.182425528577989482e+01 9.500000000000000000e+01
1.747647119790106629e+01 2.184443075130273115e+01 9.500000000000000000e+01
1.788194182828467405e+01 2.186467474086194684e+01 9.500000000000000000e+01
1.828716111898584273e+01 2.188498971201942922e+01 9.500000000000000000e+01
1.869211668990145014e+01 2.190537815160536184e+01 9.500000000000000000e+01
1.909679601137556659e+01 2.192584257665014036e+01 9.500000000000000000e+01
1.950118639812823673e+01 2.194638553533047443e+01 9.500000000000000000e+01
1.990527500305277186e+01 2.196700960792976787e+01 9.500000000000000000e+01
2.030904881087705860e+01 2.198771740781295847e+01 9.500000000000000000e+01
2.071249463168444649e+01 2.200851158241595940e+01 9.500000000000000000e+01
2.111559909428825321e+01 2.202939481424980173e+01 9.500000000000000000e+01
2.151834863945558141e+01 2.205036982191954920e+01 9.500000000000000000e+01
2.192072951297470595e+01 2.207143936115806326e+01 9.500000000000000000e+01
2.232272775856042202e+01 2.209260622587458656e+01 9.500000000000000000e+01
2.272432921059270328e+01 2.211387324921820507e+01 9.500000000000000000e+01
2.312551948668196289e+01 2.213524330465610035e+01 9.500000000000000000e+01
2.352628398005600729e+01 2.215671930706648496e+01 9.500000000000000000e+01
2.392660785176278182e+01 2.217830421384613970e+01 9.500000000000000000e+01
2.432647602268209042e+01 2.220000102603231440e+01 9.500000000000000000e+01
2.472587316534158575e+01 2.222181278943878624e+01 9.500000000000000000e+01
2.512478369552996327e+01 2.224374259580580571e+01 9.500000000000000000e+01
2.552319176370086140e+01 2.226579358396348951e+01 9.500000000000000000e+01
2.592108124616245846e+01 2.228796894100836568e+01 9.500000000000000000e+01
2.631843573604444586e+01 2.231027190349241707e+01 9.500000000000000000e+01
2.671523853403739324e+01 2.233270575862421126e+01 9.500000000000000000e+01
2.711147263889727910e+01 2.235527384548130314e+01 9.500000000000000000e+01
2.750712073770803912e+01 2.237797955623326729e+01 9.500000000000000000e+01
2.790216519589638011e+01 2.240082633737439366e+01 9.500000000000000000e+01
2.829658804699089814e+01 2.242381769096521893e+01 9.500000000000000000e+01
2.869037098211966708e+01 2.244695717588161088e+01 9.500000000000000000e+01
2.908349533923867369e+01 2.247024840907043597e+01 9.500000000000000000e+01
2.947594209208435601e+01 2.249369506681018294e+01 9.500000000000000000e+01
2.986769183884359791e+01 2.251730088597531676e+01 9.500000000000000000e+01
3.025872479053385788e+01 2.254106966530246581e+01 9.500000000000000000e+01
3.064902075908666390e+01 2.256500526665681150e+01 9.500000000000000000e+01
3.103855914512804048e+01 2.258911161629651687e+01 9.500000000000000000e+01
3.142731892544844996e+01 2.261339270613308727e+01 9.500000000000000000e+01
3.181527864015604123e+01 2.263785259498519054e+01 9.500000000000000000e+01
3.220241637950699953e+01 2.266249540982332178e+01 9.500000000000000000e+01
3.258870977040547245e+01 2.268732534700238546e+01 9.500000000000000000e+01
3.297413596256876644e+01 2.271234667347913927e+01 9.500000000000000000e+01
3.335867161435017891e+01 2.273756372801096148e+01 9.500000000000000000e+01
3.374229287821491852e+01 2.276298092233232495e+01 9.500000000000000000e+01
3.412497538586396928e+01 2.278860274230487803e+01 9.500000000000000000e+01
3.450669423299990513e+01 2.281443374903683363e+01 9.500000000000000000e+01
3.488742396373186949e+01 2.284047857996687725e+01 9.500000000000000000e+01
3.526713855461451885e+01 2.286674194990753151e+01 9.500000000000000000e+01
3.564581139831810219e+01 2.289322865204245261e+01 9.500000000000000000e+01
3.602341528692760875e+01 2.291994355887173995e+01 9.500000000000000000e+01
3.639992239486760894e+01 2.294689162309882846e+01 9.500000000000000000e+01
3.677530426145364828e+01 2.297407787845214600e+01 9.500000000000000000e+01
3.714953177306802701e+01 2.300150744043404671e+01 9.500000000000000000e+01
3.752257514496241697e+01 2.302918550698921862e+01 9.500000000000000000e+01
3.789440390268856618e+01 2.305711735908396776e+01 9.500000000000000000e+01
3.826498686316019615e+01 2.308530836118729823e+01 9.500000000000000000e+01
3.863429211535095220e+01 2.311376396164408575e+01 9.500000000000000000e+01
3.900228700063504306e+01 2.314248969292986757e+01 9.500000000000000000e+01
3.936893809277690082e+01 2.317149117177622486e+01 9.500000000000000000e+01
3.973421117758144305e+01 2.320077409915488076e+01 9.500000000000000000e+01
4.009807123221454361e+01 2.323034426010780251e+01 9.500000000000000000e+01
4.046048240420913800e+01 2.326020752341010223e+01 9.500000000000000000e+01
4.082140799017225419e+01 2.329036984105134422e+01 9.500000000000000000e+01
4.118081041421142885e+01 2.332083724752006759e+01 9.500000000000000000e+01
4.153865120610317518e+01 2.335161585887573565e+01 9.500000000000000000e+01
4.189489097922643168e+01 2.338271187159094566e+01 9.500000000000000000e+01
4.224948940829023769e+01 2.341413156114602856e+01 9.500000000000000000e+01
4.260240520688603993e+01 2.344588128035725205e+01 9.500000000000000000e+01
4.295359610489988711e+01 2.347796745741855418e+01 9.500000000000000000e+01
4.330301882582413953e+01 2.351039659363589962e+01 9.500000000000000000e+01
4.365062906401134057e+01 2.354317526083238477e+01 9.500000000000000000e+01
4.399638146191950483e+01 2.357631009840081404e+01 9.500000000000000000e+01
4.434022958740160192e+01 2.360980780997989470e+01 9.500000000000000000e+01
4.468212591109725196e+01 2.364367515972861611e+01 9.500000000000000000e+01
4.502202178399222987e+01 2.367791896817277930e+01 9.500000000000000000e+01
4.535986741521505650e+01 2.371254610759638126e+01 9.500000000000000000e+01
4.569561185014757854e+01 2.374756349694954238e+01 9.500000000000000000e+01
4.602920294893379349e+01 2.378297809624391945e+01 9.500000000000000000e+01
4.636058736547661852e+01 2.381879690040540609e+01 9.500000000000000000e+01
4.668971052702149649e+01 2.385502693255333284e+01 9.500000000000000000e+01
4.701651661443324315e+01 2.389167523667449800e+01 9.500000000000000000e+01
4.734094854327942414e+01 2.392874886965977765e+01 9.500000000000000000e+01
4.766294794584469230e+01 2.400000000000000000e+01 9.500000000000000000e+01
