-3.410648897532958301e+01 0.000000000000000000e+00 6.000000000000000000e+01
-3.371254282172283467e+01 2.211648648089631353e-02 6.000000000000000000e+01
-3.331900509806069977e+01 3.656128783379066632e-02 6.000000000000000000e+01
-3.292588160096798333e+01 5.101262025942879946e-02 6.000000000000000000e+01
-3.253317816503642490e+01 6.547174054521930076e-02 6.000000000000000000e+01
-3.214090066414060232e+01 7.993988689388582813e-02 6.000000000000000000e+01
-3.174905501273809705e+01 9.441827972766933530e-02 6.000000000000000000e+01
-3.135764716715548062e+01 1.089081224599777881e-01 6.000000000000000000e+01
-3.096668312686210101e+01 1.234106022359865856e-01 6.000000000000000000e+01
-3.057616893573112193e+01 1.379268906436798281e-01 6.000000000000000000e+01
-3.018611068329052571e+01 1.524581443966279981e-01 6.000000000000000000e+01
-2.979651450596378837e+01 1.670055059898457317e-01 6.000000000000000000e+01
-2.940738658830182217e+01 1.815701043299004502e-01 6.000000000000000000e+01
-2.901873316420704896e+01 1.961530553404386978e-01 6.000000000000000000e+01
-2.863056051814985636e+01 2.107554625442047969e-01 6.000000000000000000e+01
-2.824287498637887950e+01 2.253784176225889779e-01 6.000000000000000000e+01
-2.785568295812551654e+01 2.400230009536577225e-01 6.000000000000000000e+01
-2.746899087680323248e+01 2.546902821295911057e-01 6.000000000000000000e+01
-2.708280524120286969e+01 2.693813204543908379e-01 6.000000000000000000e+01
-2.669713260668375909e+01 2.840971654226808196e-01 6.000000000000000000e+01
-2.631197958636163392e+01 2.988388571803815563e-01 6.000000000000000000e+01
-2.592735285229444742e+01 3.136074269679552384e-01 6.000000000000000000e+01
-2.554325913666522041e+01 3.284038975469752430e-01 6.000000000000000000e+01
-2.515970523296394035e+01 3.432292836106167200e-01 6.000000000000000000e+01
-2.477669799716774435e+01 3.580845921787127462e-01 6.000000000000000000e+01
-2.439424434892036331e+01 3.729708229779800654e-01 6.000000000000000000e+01
-2.401235127271141678e+01 3.878889688079140696e-01 6.000000000000000000e+01
-2.363102581905523536e+01 4.028400158929342778e-01 6.000000000000000000e+01
-2.325027510567009870e+01 4.178249442212385034e-01 6.000000000000000000e+01
-2.287010631865813437e+01 4.328447278708272283e-01 6.000000000000000000e+01
-2.249052671368576384e+01 4.479003353231714724e-01 6.000000000000000000e+01
-2.211154361716559791e+01 4.629927297648882001e-01 6.000000000000000000e+01
-2.173316442743936960e+01 4.781228693778649674e-01 6.000000000000000000e+01
-2.135539661596230943e+01 4.932917076181618787e-01 6.000000000000000000e+01
-2.097824772848977659e+01 5.085001934840450710e-01 6.000000000000000000e+01
-2.060172538626502003e+01 5.237492717735009462e-01 6.000000000000000000e+01
-2.022583728720980645e+01 5.390398833314890004e-01 6.000000000000000000e+01
-1.985059120711659730e+01 5.543729652872647629e-01 6.000000000000000000e+01
-1.947599500084332291e+01 5.697494512820149293e-01 6.000000000000000000e+01
-1.910205660351080681e+01 5.851702716870538223e-01 6.000000000000000000e+01
-1.872878403170223294e+01 6.006363538128350887e-01 6.000000000000000000e+01
-1.835618538466587424e+01 6.161486221089662596e-01 6.000000000000000000e+01
-1.798426884552009497e+01 6.317079983554669820e-01 6.000000000000000000e+01
-1.761304268246117033e+01 6.473154018454289060e-01 6.000000000000000000e+01
-1.724251524997441010e+01 6.629717495592643006e-01 6.000000000000000000e+01
-1.687269499004768036e+01 6.786779563307164809e-01 6.000000000000000000e+01
-1.650359043338799481e+01 6.944349350047754887e-01 6.000000000000000000e+01
-1.613521020064139577e+01 7.102435965876277013e-01 6.000000000000000000e+01
-1.576756300361520324e+01 7.261048503888012373e-01 6.000000000000000000e+01
-1.540065764650374014e+01 7.420196041555912059e-01 6.000000000000000000e+01
-1.503450302711656050e+01 7.579887641998949155e-01 6.000000000000000000e+01
-1.466910813810936709e+01 7.740132355175604051e-01 6.000000000000000000e+01
-1.430448206821798607e+01 7.900939219003113578e-01 6.000000000000000000e+01
-1.394063400349420867e+01 8.062317260403779606e-01 6.000000000000000000e+01
-1.357757322854432758e+01 8.224275496278427022e-01 6.000000000000000000e+01
-1.321530912776939637e+01 8.386822934408232344e-01 6.000000000000000000e+01
-1.285385118660701664e+01 8.549968574285220502e-01 6.000000000000000000e+01
-1.249320899277475405e+01 8.713721407871614089e-01 6.000000000000000000e+01
-1.213339223751394691e+01 8.878090420289009854e-01 6.000000000000000000e+01
-1.177441071683433549e+01 9.043084590436908377e-01 6.000000000000000000e+01
-1.141627433275824366e+01 9.208712891541408485e-01 6.000000000000000000e+01
-1.105899309456409796e+01 9.374984291633745581e-01 6.000000000000000000e+01
-1.070257712002900163e+01 9.541907753958761562e-01 6.000000000000000000e+01
-1.034703663666907936e+01 9.709492237313197549e-01 6.000000000000000000e+01
-9.992381982977311949e+00 9.877746696313751684e-01 6.000000000000000000e+01
-9.638623609658560909e+00 1.004668008159423920e+00 6.000000000000000000e+01
-9.285772080860130728e+00 1.021630133993206124e+00 6.000000000000000000e+01
-8.933838075398336187e+00 1.038661941430289115e+00 6.000000000000000000e+01
-8.582832387979397737e+00 1.055764324386367470e+00 6.000000000000000000e+01
-8.232765930414261746e+00 1.072938176386299292e+00 6.000000000000000000e+01
-7.883649732827080925e+00 1.090184390547818349e+00 6.000000000000000000e+01
-7.535494944855553712e+00 1.107503859557877446e+00 6.000000000000000000e+01
-7.188312836843571141e+00 1.124897475641507327e+00 6.000000000000000000e+01
-6.842114801024197668e+00 1.142366130523152057e+00 6.000000000000000000e+01
-6.496912352692961967e+00 1.159910715380378710e+00 6.000000000000000000e+01
-6.152717131370473602e+00 1.177532120789851922e+00 6.000000000000000000e+01
-5.809540901952997771e+00 1.195231236665527552e+00 6.000000000000000000e+01
-5.467395555850749211e+00 1.213008952188922240e+00 6.000000000000000000e+01
-5.126293112112510819e+00 1.230866155731380029e+00 6.000000000000000000e+01
-4.786245718535409921e+00 1.248803734768243912e+00 6.000000000000000000e+01
-4.447265652759592847e+00 1.266822575784790850e+00 6.000000000000000000e+01
-4.109365323345779863e+00 1.284923564173842125e+00 6.000000000000000000e+01
-3.772557270834873577e+00 1.303107584124951535e+00 6.000000000000000000e+01
-3.436854168789014174e+00 1.321375518504995572e+00 6.000000000000000000e+01
-3.102268824811639458e+00 1.339728248730128302e+00 6.000000000000000000e+01
-2.768814181546531028e+00 1.358166654628883530e+00 6.000000000000000000e+01
-2.436503317653493816e+00 1.376691614296388755e+00 6.000000000000000000e+01
-2.105349448759642250e+00 1.395304003939510817e+00 6.000000000000000000e+01
-1.775365928385202130e+00 1.414004697712779368e+00 6.000000000000000000e+01
-1.446566248841288926e+00 1.432794567545053077e+00 6.000000000000000000e+01
-1.118964042099383605e+00 1.451674482956667456e+00 6.000000000000000000e+01
-7.925730806297675013e-01 1.470645310867026101e+00 6.000000000000000000e+01
-4.674072782075738286e-01 1.489707915392467719e+00 6.000000000000000000e+01
-1.434806906852704178e-01 1.508863157634236618e+00 6.000000000000000000e+01
1.791924832712927795e-01 1.528111895456489622e+00 6.000000000000000000e+01
5.005979014841566155e-01 1.547454983254118899e+00 6.000000000000000000e+01
8.207210776043811773e-01 1.566893271710329216e+00 6.000000000000000000e+01
1.139547380494875695e+00 1.586427607543781981e+00 6.000000000000000000e+01
1.457062033656587152e+00 1.606058833245177286e+00 6.000000000000000000e+01
1.773250114700747782e+00 1.625787786803161383e+00 6.000000000000000000e+01
2.088096554869026011e+00 1.645615301419412813e+00 6.000000000000000000e+01
2.401586138603468701e+00 1.665542205212754867e+00 6.000000000000000000e+01
2.713703503169301534e+00 1.685569320912224445e+00 6.000000000000000000e+01
3.024433138331952708e+00 1.705697465538907442e+00 6.000000000000000000e+01
3.333759386091446952e+00 1.725927450076464975e+00 6.000000000000000000e+01
3.641666440476333033e+00 1.746260079130236287e+00 6.000000000000000000e+01
3.948138347399227310e+00 1.766696150574765367e+00 6.000000000000000000e+01
4.253159004577431901e+00 1.787236455189717965e+00 6.000000000000000000e+01
4.556712161520126259e+00 1.807881776284019804e+00 6.000000000000000000e+01
4.858781419585703532e+00 1.828632889308180687e+00 6.000000000000000000e+01
5.159350232111531653e+00 1.849490561454703030e+00 6.000000000000000000e+01
5.458401904618654932e+00 1.870455551246482440e+00 6.000000000000000000e+01
5.755919595094987962e+00 1.891528608113192123e+00 6.000000000000000000e+01
6.051886314358870145e+00 1.912710471955522351e+00 6.000000000000000000e+01
6.346284926506752910e+00 1.934001872697305391e+00 6.000000000000000000e+01
6.639098149447585584e+00 1.955403529825460840e+00 6.000000000000000000e+01
6.930308555526557335e+00 1.976916151917718745e+00 6.000000000000000000e+01
7.219898572241929990e+00 1.998540436158181777e+00 6.000000000000000000e+01
7.507850483057556978e+00 2.020277067840679397e+00 6.000000000000000000e+01
7.794146428314022046e+00 2.042126719859959305e+00 6.000000000000000000e+01
8.078768406242224032e+00 2.064090052190768798e+00 6.000000000000000000e+01
8.361698274081639681e+00 2.086167711354860010e+00 6.000000000000000000e+01
8.642917749307308384e+00 2.108360329876015626e+00 6.000000000000000000e+01
8.922408410968232673e+00 2.130668525723200979e+00 6.000000000000000000e+01
9.200151701140384830e+00 2.153092901741905152e+00 6.000000000000000000e+01
9.476128926498070371e+00 2.175634045073879808e+00 6.000000000000000000e+01
9.750321260006106883e+00 2.198292526565375216e+00 6.000000000000000000e+01
1.002270974273684168e+01 2.221068900164086646e+00 6.000000000000000000e+01
1.029327528581480955e+01 2.243963702305017627e+00 6.000000000000000000e+01
1.056199867249215707e+01 2.266977451285447476e+00 6.000000000000000000e+01
1.082886056035869338e+01 2.290110646629332170e+00 6.000000000000000000e+01
1.109384148368879330e+01 2.313363768441348167e+00 6.000000000000000000e+01
1.135692185592934145e+01 2.336737276750930015e+00 6.000000000000000000e+01
1.161808197233127693e+01 2.360231610846659667e+00 6.000000000000000000e+01
1.187730201272775510e+01 2.383847188601300182e+00 6.000000000000000000e+01
1.213456204446243270e+01 2.407584405787969395e+00 6.000000000000000000e+01
1.238984202547067071e+01 2.431443635387820379e+00 6.000000000000000000e+01
1.264312180751627146e+01 2.455425226889709656e+00 6.000000000000000000e+01
1.289438113958732224e+01 2.479529505582371840e+00 6.000000000000000000e+01
1.314359967145315800e+01 2.503756771839590556e+00 6.000000000000000000e+01
1.339075695738562111e+01 2.528107300398974466e+00 6.000000000000000000e+01
1.363583246004731464e+01 2.552581339634930391e+00 6.000000000000000000e+01
1.387880555454872500e+01 2.577179110826436581e+00 6.000000000000000000e+01
1.411965553267727813e+01 2.601900807420361783e+00 6.000000000000000000e+01
1.435836160730008970e+01 2.626746594290966019e+00 6.000000000000000000e+01
1.459490291694273090e+01 2.651716606996398440e+00 6.000000000000000000e+01
1.482925853054602250e+01 2.676810951032949859e+00 6.000000000000000000e+01
1.506140745240217349e+01 2.702029701087885094e+00 6.000000000000000000e+01
1.529132862727264275e+01 2.727372900291753055e+00 6.000000000000000000e+01
1.551900094568838817e+01 2.752840559471033455e+00 6.000000000000000000e+01
1.574440324943424940e+01 2.778432656402123335e+00 6.000000000000000000e+01
1.596751433721822444e+01 2.804149135067593779e+00 6.000000000000000000e+01
1.618831297052646789e+01 2.829989904915768406e+00 6.000000000000000000e+01
1.640677787966471968e+01 2.855954840124679261e+00 6.000000000000000000e+01
1.662288776998638085e+01 2.882043778871521411e+00 6.000000000000000000e+01
1.683662132830708558e+01 2.908256522608660077e+00 6.000000000000000000e+01
1.704795722950616010e+01 2.934592835347494599e+00 6.000000000000000000e+01
1.725687414331374114e+01 2.961052442951247254e+00 6.000000000000000000e+01
1.746335074128327847e+01 2.987635032438015426e+00 6.000000000000000000e+01
1.766736570394846595e+01 3.014340251295342554e+00 6.000000000000000000e+01
1.786889772816237709e+01 3.041167706807552662e+00 6.000000000000000000e+01
1.806792553461826145e+01 3.068116965397269524e+00 6.000000000000000000e+01
1.826442787554888625e+01 3.095187551982425678e+00 6.000000000000000000e+01
1.845838354260271075e+01 3.122378949350173460e+00 6.000000000000000000e+01
1.864977137489392689e+01 3.149690597549100080e+00 6.000000000000000000e+01
1.883857026722293782e+01 3.177121893301190436e+00 6.000000000000000000e+01
1.902475917846437525e+01 3.204672189434986773e+00 6.000000000000000000e+01
1.920831714011817226e+01 3.232340794341395984e+00 6.000000000000000000e+01
1.938922326501988636e+01 3.260126971453665146e+00 6.000000000000000000e+01
1.956745675620527081e+01 3.288029938752995207e+00 6.000000000000000000e+01
1.974299691592414518e+01 3.316048868301265884e+00 6.000000000000000000e+01
1.991582315479816856e+01 3.344182885802422955e+00 6.000000000000000000e+01
2.008591500111647932e+01 3.372431070194014335e+00 6.000000000000000000e+01
2.025325211026291328e+01 3.400792453270328863e+00 6.000000000000000000e+01
2.041781427426817785e+01 3.429266019338701899e+00 6.000000000000000000e+01
2.057958143147964591e+01 3.457850704910396811e+00 6.000000000000000000e+01
2.073853367634142586e+01 3.486545398427562059e+00 6.000000000000000000e+01
2.089465126927658289e+01 3.515348940027706703e+00 6.000000000000000000e+01
2.104791464666309508e+01 3.544260121347045711e+00 6.000000000000000000e+01
2.119830443089486849e+01 3.573277685364205869e+00 6.000000000000000000e+01
2.134580144051838246e+01 3.602400326285522869e+00 6.000000000000000000e+01
2.149038670043569610e+01 3.631626689473330671e+00 6.000000000000000000e+01
2.163204145216347030e+01 3.660955371418452398e+00 6.000000000000000000e+01
2.177074716413774524e+01 3.690384919758114890e+00 6.000000000000000000e+01
2.190648554205393950e+01 3.719913833340472653e+00 6.000000000000000000e+01
2.203923853923054565e+01 3.749540562336788785e+00 6.000000000000000000e+01
2.216898836698551989e+01 3.779263508402361360e+00 6.000000000000000000e+01
2.229571750501331451e+01 3.809081024887130074e+00 6.000000000000000000e+01
2.241940871175054895e+01 3.838991417096830894e+00 6.000000000000000000e+01
2.254004503471806231e+01 3.868992942605560703e+00 6.000000000000000000e+01
2.265760982082652930e+01 3.899083811620444706e+00 6.000000000000000000e+01
2.277208672663292788e+01 3.929262187399028328e+00 6.000000000000000000e+01
2.288345972853476340e+01 3.959526186719990903e+00 6.000000000000000000e+01
2.299171313288849205e+01 3.989873880407553752e+00 6.000000000000000000e+01
2.309683158603915487e+01 4.020303293910002296e+00 6.000000000000000000e+01
2.319880008424715001e+01 4.050812407932530057e+00 6.000000000000000000e+01
2.329760398349865369e+01 4.081399159124491582e+00 6.000000000000000000e+01
2.339322900918594073e+01 4.112061440821197067e+00 6.000000000000000000e+01
2.348566126564355017e+01 4.142797103840013762e+00 6.000000000000000000e+01
2.357488724552651504e+01 4.173603957330696446e+00 6.000000000000000000e+01
2.366089383901697829e+01 4.204479769679527301e+00 6.000000000000000000e+01
2.374366834284494487e+01 4.235422269466827316e+00 6.000000000000000000e+01
2.382319846910987593e+01 4.266429146477320522e+00 6.000000000000000000e+01
2.389947235388923374e+01 4.297498052762560583e+00 6.000000000000000000e+01
2.397247856562057322e+01 4.328626603754695878e+00 6.000000000000000000e+01
2.404220611324405610e+01 4.359812379430550777e+00 6.000000000000000000e+01
2.410864445409199419e+01 4.391052925524983941e+00 6.000000000000000000e+01
2.417178350151289123e+01 4.422345754792334382e+00 6.000000000000000000e+01
2.423161363221755238e+01 4.453688348314632783e+00 6.000000000000000000e+01
2.428812569333466342e+01 4.485078156855121456e+00 6.000000000000000000e+01
2.434131100916459900e+01 4.516512602255582820e+00 6.000000000000000000e+01
2.439116138761960428e+01 4.547989078875728453e+00 6.000000000000000000e+01
2.443766912633958555e+01 4.579504955072938088e+00 6.000000000000000000e+01
2.448082701847305387e+01 4.611057574720436314e+00 6.000000000000000000e+01
2.452062835811298314e+01 4.642644258761852605e+00 6.000000000000000000e+01
2.455706694537845181e+01 4.674262306800189393e+00 6.000000000000000000e+01
2.459013709113276391e+01 4.705908998718875580e+00 6.000000000000000000e+01
2.461983362133015163e+01 4.737581596332721467e+00 6.000000000000000000e+01
2.464615188098290588e+01 4.769277345066374352e+00 6.000000000000000000e+01
2.466908773774220620e+01 4.800993475657798548e+00 6.000000000000000000e+01
2.468863758508611284e+01 4.832727205884350674e+00 6.000000000000000000e+01
2.470479834510884842e+01 4.864475742308771444e+00 6.000000000000000000e+01
2.471756747090658379e+01 4.896236282042528032e+00 6.000000000000000000e+01
2.472694294855528341e+01 4.928006014523826472e+00 6.000000000000000000e+01
2.473292329867683748e+01 4.959782123307464374e+00 6.000000000000000000e+01
2.473550757759115726e+01 4.991561787863917132e+00 6.000000000000000000e+01
2.473550757759115726e+01 4.991561787863917132e+00 6.000000000000000000e+01
2.473469537805141627e+01 5.023342185384723990e+00 6.000000000000000000e+01
2.473048682956167710e+01 5.055120492591461456e+00 6.000000000000000000e+01
2.472288259827615775e+01 5.086893887545426374e+00 6.000000000000000000e+01
2.471188388648009848e+01 5.118659551455243317e+00 6.000000000000000000e+01
2.469749243165353647e+01 5.150414670479566581e+00 6.000000000000000000e+01
2.467971050511939524e+01 5.182156437522074555e+00 6.000000000000000000e+01
2.465854091027851780e+01 5.213882054015983591e+00 6.000000000000000000e+01
2.463398698043484103e+01 5.245588731695335127e+00 6.000000000000000000e+01
2.460605257621455166e+01 5.277273694350332001e+00 6.000000000000000000e+01
2.457474208258400239e+01 5.308934179564093192e+00 6.000000000000000000e+01
2.454006040547166378e+01 5.340567440428166890e+00 6.000000000000000000e+01
2.450201296800037198e+01 5.372170747234313204e+00 6.000000000000000000e+01
2.446060570633622078e+01 5.403741389140019891e+00 6.000000000000000000e+01
2.441584506516205266e+01 5.435276675805387647e+00 6.000000000000000000e+01
2.436773799278288521e+01 5.466773938999035742e+00 6.000000000000000000e+01
2.431629193587259863e+01 5.498230534170794215e+00 6.000000000000000000e+01
2.426151483387035768e+01 5.529643841989041242e+00 6.000000000000000000e+01
2.420341511303717397e+01 5.561011269840628657e+00 6.000000000000000000e+01
2.414200168018232162e+01 5.592330253291474484e+00 6.000000000000000000e+01
2.407728391607060914e+01 5.623598257505933340e+00 6.000000000000000000e+01
2.400927166852168426e+01 5.654812778623274916e+00 6.000000000000000000e+01
2.393797524521286491e+01 5.685971345089614104e+00 6.000000000000000000e+01
2.386340540619749362e+01 5.717071518943803277e+00 6.000000000000000000e+01
2.378557335615143131e+01 5.748110897055932256e+00 6.000000000000000000e+01
2.370449073635966286e+01 5.779087112317137453e+00 6.000000000000000000e+01
2.362016961645692703e+01 5.809997834779617953e+00 6.000000000000000000e+01
2.353262248593448547e+01 5.840840772745833576e+00 6.000000000000000000e+01
2.344186224542728780e+01 5.871613673806007405e+00 6.000000000000000000e+01
2.334790219779453579e+01 5.902314325823155627e+00 6.000000000000000000e+01
2.325075603900751986e+01 5.932940557865012288e+00 6.000000000000000000e+01
2.315043784885849121e+01 5.963490241082353371e+00 6.000000000000000000e+01
2.304696208150450332e+01 5.993961289533283221e+00 6.000000000000000000e+01
2.294034355585985807e+01 6.024351660953264798e+00 6.000000000000000000e+01
2.283059744585125728e+01 6.054659357470685954e+00 6.000000000000000000e+01
2.271773927054947961e+01 6.084882426267969713e+00 6.000000000000000000e+01
2.260178488419112597e+01 6.115018960188256969e+00 6.000000000000000000e+01
2.248275046610446282e+01 6.145067098287893437e+00 6.000000000000000000e+01
2.236065251055251224e+01 6.175025026334985512e+00 6.000000000000000000e+01
2.223550781650713404e+01 6.204890977254396311e+00 6.000000000000000000e+01
2.210733347736701049e+01 6.234663231519753879e+00 6.000000000000000000e+01
2.197614687063272498e+01 6.264340117492947613e+00 6.000000000000000000e+01
2.184196564755163905e+01 6.293920011711912288e+00 6.000000000000000000e+01
2.170480772274493830e+01 6.323401339127377341e+00 6.000000000000000000e+01
2.156469126382934220e+01 6.352782573289458945e+00 6.000000000000000000e+01
2.142163468104510216e+01 6.382062236485048778e+00 6.000000000000000000e+01
2.127565661690219301e+01 6.411238899826934734e+00 6.000000000000000000e+01
2.112677593585565816e+01 6.440311183295795772e+00 6.000000000000000000e+01
2.097501171402141296e+01 6.469277755736124291e+00 6.000000000000000000e+01
2.082038322894273463e+01 6.498137334807311483e+00 6.000000000000000000e+01
2.066290994941775239e+01 6.526888686891119562e+00 6.000000000000000000e+01
2.050261152539793841e+01 6.555530626956808327e+00 6.000000000000000000e+01
2.033950777796670906e+01 6.584062018385276716e+00 6.000000000000000000e+01
2.017361868940730574e+01 6.612481772753546316e+00 6.000000000000000000e+01
2.000496439336865606e+01 6.640788849581021225e+00 6.000000000000000000e+01
1.983356516513720180e+01 6.668982256038922252e+00 6.000000000000000000e+01
1.965944141202270146e+01 6.697061046624364522e+00 6.000000000000000000e+01
1.948261366386510574e+01 6.725024322800532417e+00 6.000000000000000000e+01
1.930310256366977839e+01 6.752871232604452878e+00 6.000000000000000000e+01
1.912092885837732226e+01 6.780600970223821911e+00 6.000000000000000000e+01
1.893611338977420999e+01 6.808212775544450146e+00 6.000000000000000000e+01
1.874867708554998558e+01 6.835705933669764534e+00 6.000000000000000000e+01
1.855864095050619866e+01 6.863079774413898271e+00 6.000000000000000000e+01
1.836602605792205267e+01 6.890333671769870882e+00 6.000000000000000000e+01
1.817085354108125017e+01 6.917467043354318612e+00 6.000000000000000000e+01
1.797314458496398970e+01 6.944479349830284143e+00 6.000000000000000000e+01
1.777292041810796164e+01 6.971370094309509824e+00 6.000000000000000000e+01
1.757020230464160093e+01 6.998138821735661708e+00 6.000000000000000000e+01
1.736501153649257034e+01 7.024785118249955218e+00 6.000000000000000000e+01
1.715736942577402502e+01 7.051308610540528932e+00 6.000000000000000000e+01
1.694729729735084689e+01 7.077708965176986666e+00 6.000000000000000000e+01
1.673481648158796631e+01 7.103985887931434817e+00 6.000000000000000000e+01
1.651994830728203212e+01 7.130139123087333886e+00 6.000000000000000000e+01
1.630271409477783351e+01 7.156168452737475150e+00 6.000000000000000000e+01
1.608313514927045063e+01 7.182073696072321489e+00 6.000000000000000000e+01
1.586123275429365087e+01 7.207854708659942489e+00 6.000000000000000000e+01
1.563702816539496432e+01 7.233511381718719768e+00 6.000000000000000000e+01
1.541054260399738851e+01 7.259043641384034906e+00 6.000000000000000000e+01
1.518179725144780257e+01 7.284451447969965798e+00 6.000000000000000000e+01
1.495081324325125927e+01 7.309734795227142534e+00 6.000000000000000000e+01
1.471761166349078387e+01 7.334893709597794853e+00 6.000000000000000000e+01
1.448221353943181633e+01 7.359928249468953076e+00 6.000000000000000000e+01
1.424463983630972663e+01 7.384838504424832806e+00 6.000000000000000000e+01
1.400491145229965895e+01 7.409624594499280903e+00 6.000000000000000000e+01
1.376304921366681455e+01 7.434286669429174488e+00 6.000000000000000000e+01
1.351907387009563877e+01 7.458824907909653135e+00 6.000000000000000000e+01
1.327300609019589039e+01 7.483239516851964979e+00 6.000000000000000000e+01
1.302486645718379243e+01 7.507530730644710104e+00 6.000000000000000000e+01
1.277467546473596371e+01 7.531698810419206858e+00 6.000000000000000000e+01
1.252245351301378840e+01 7.555744043319688963e+00 6.000000000000000000e+01
1.226822090485597805e+01 7.579666741778979144e+00 6.000000000000000000e+01
1.201199784213656407e+01 7.603467242800268977e+00 6.000000000000000000e+01
1.175380442228584066e+01 7.627145907245592937e+00 6.000000000000000000e+01
1.149366063497144808e+01 7.650703119131524232e+00 6.000000000000000000e+01
1.123158635893675061e+01 7.674139284932651961e+00 6.000000000000000000e+01
1.096760135899375932e+01 7.697454832893273036e+00 6.000000000000000000e+01
1.070172528316728133e+01 7.720650212347770491e+00 6.000000000000000000e+01
1.043397765998774318e+01 7.743725893050117826e+00 6.000000000000000000e+01
1.016437789592919572e+01 7.766682364512827341e+00 6.000000000000000000e+01
9.892945272989576821e+00 7.789520135355787467e+00 6.000000000000000000e+01
9.619698946410048634e+00 7.812239732665230640e+00 6.000000000000000000e+01
9.344657942530156802e+00 7.834841701363185251e+00 6.000000000000000000e+01
9.067841156775658717e+00 7.857326603587657665e+00 6.000000000000000000e+01
8.789267351775784221e+00 7.879695018083784142e+00 6.000000000000000000e+01
8.508955155606658494e+00 7.901947539606190674e+00 6.000000000000000000e+01
8.226923060157623979e+00 7.924084778332740164e+00 6.000000000000000000e+01
7.943189419617260327e+00 7.946107359289825034e+00 6.000000000000000000e+01
7.657772449075892496e+00 7.968015921789387335e+00 6.000000000000000000e+01
7.370690223241239458e+00 7.989811118877756080e+00 6.000000000000000000e+01
7.081960675264184601e+00 8.011493616796425243e+00 6.000000000000000000e+01
6.791601595671183489e+00 8.033064094454880788e+00 6.000000000000000000e+01
6.499630631400451719e+00 8.054523242915475834e+00 6.000000000000000000e+01
6.206065284938581783e+00 8.075871764890491633e+00 6.000000000000000000e+01
5.910922913554648161e+00 8.097110374251361264e+00 6.000000000000000000e+01
5.614220728628391832e+00 8.118239795550090676e+00 6.000000000000000000e+01
5.315975795069938670e+00 8.139260763552854883e+00 6.000000000000000000e+01
5.016205030827562972e+00 8.160174022785831482e+00 6.000000000000000000e+01
4.714925206480939046e+00 8.180980327093159588e+00 6.000000000000000000e+01
4.412152944916573283e+00 8.201680439207038376e+00 6.000000000000000000e+01
4.107904721082906718e+00 8.222275130329910198e+00 6.000000000000000000e+01
3.802196861822040752e+00 8.242765179728660740e+00 6.000000000000000000e+01
3.495045545775376628e+00 8.263151374340793609e+00 6.000000000000000000e+01
3.186466803360521904e+00 8.283434508392447881e+00 6.000000000000000000e+01
2.876476516816533824e+00 8.303615383028249752e+00 6.000000000000000000e+01
2.565090420315288000e+00 8.323694805952845499e+00 6.000000000000000000e+01
2.252324100136013474e+00 8.343673591084021623e+00 6.000000000000000000e+01
1.938192994900811206e+00 8.363552558217358879e+00 6.000000000000000000e+01
1.622712395868360247e+00 8.383332532702219453e+00 6.000000000000000000e+01
1.305897447283765889e+00 8.403014345129051321e+00 6.000000000000000000e+01
9.877631467819796285e-01 8.422598831027794830e+00 6.000000000000000000e+01
6.683243458425549566e-01 8.442086830577332890e+00 6.000000000000000000e+01
3.475957502936213306e-01 8.461479188325821355e+00 6.000000000000000000e+01
2.559192086260600116e-02 8.480776752921791228e+00 6.000000000000000000e+01
-2.976727262279270647e-01 8.499980376855837960e+00 6.000000000000000000e+01
-6.221839186218554030e-01 8.519090916212855191e+00 6.000000000000000000e+01
-9.479275271502611844e-01 8.538109230434569596e+00 6.000000000000000000e+01
-1.274889565113316525e+00 8.557036182092312870e+00 6.000000000000000000e+01
-1.603056187525171872e+00 8.575872636669860327e+00 6.000000000000000000e+01
-1.932413690323895317e+00 8.594619462356201112e+00 6.000000000000000000e+01
-2.262948509547965337e+00 8.613277529848096137e+00 6.000000000000000000e+01
-2.594647220481082872e+00 8.631847712162315389e+00 6.000000000000000000e+01
-2.927496536767248969e+00 8.650330884457352099e+00 6.000000000000000000e+01
-3.261483309497286598e+00 8.668727923864549822e+00 6.000000000000000000e+01
-3.596594526268877434e+00 8.687039709328471915e+00 6.000000000000000000e+01
-3.932817310221085716e+00 8.705267121456357060e+00 6.000000000000000000e+01
-4.270138919045278314e+00 8.723411042376577385e+00 6.000000000000000000e+01
-4.608546743973683135e+00 8.741472355605964140e+00 6.000000000000000000e+01
-4.948028308746866166e+00 8.759451945925803784e+00 6.000000000000000000e+01
-5.288571268561603311e+00 8.777350699266492029e+00 6.000000000000000000e+01
-5.630163409000282115e+00 8.795169502600638012e+00 6.000000000000000000e+01
-5.972792644943186957e+00 8.812909243844552876e+00 6.000000000000000000e+01
-6.316447019464701995e+00 8.830570811767955774e+00 6.000000000000000000e+01
-6.661114702714719726e+00 8.848155095911883095e+00 6.000000000000000000e+01
-7.006783990786091820e+00 8.865662986514557531e+00 6.000000000000000000e+01
-7.353443304569616146e+00 8.883095374445275638e+00 6.000000000000000000e+01
-7.701081188596940130e+00 8.900453151146059838e+00 6.000000000000000000e+01
-8.049686309872955192e+00 8.917737208581112185e+00 6.000000000000000000e+01
-8.399247456698162750e+00 8.934948439193908243e+00 6.000000000000000000e+01
-8.749753537482133581e+00 8.952087735871860019e+00 6.000000000000000000e+01
-9.101193579548862544e+00 8.969155991918517756e+00 6.000000000000000000e+01
-9.453556727934573800e+00 8.986154101033143604e+00 6.000000000000000000e+01
-9.806832244179336300e+00 9.003082957297719346e+00 6.000000000000000000e+01
-1.016100950511240164e+01 9.019943455171210545e+00 6.000000000000000000e+01
-1.051607800163285056e+01 9.036736489491087099e+00 6.000000000000000000e+01
-1.087202733748530648e+01 9.053462955482077135e+00 6.000000000000000000e+01
-1.122884722803216562e+01 9.070123748772045857e+00 6.000000000000000000e+01
-1.158652749902245382e+01 9.086719765415033123e+00 6.000000000000000000e+01
-1.194505808535786606e+01 9.103251901921352029e+00 6.000000000000000000e+01
-1.230442902985682174e+01 9.119721055294805367e+00 6.000000000000000000e+01
-1.266463048201678454e+01 9.136128123076925789e+00 6.000000000000000000e+01
-1.302565269677539561e+01 9.152474003398305413e+00 6.000000000000000000e+01
-1.338748603327088027e+01 9.168759595036950927e+00 6.000000000000000000e+01
-1.375012095360206921e+01 9.184985797483712133e+00 6.000000000000000000e+01
-1.411354802158860799e+01 9.201153511014799946e+00 6.000000000000000000e+01
-1.447775790153140640e+01 9.217263636771383162e+00 6.000000000000000000e+01
-1.484274135697395458e+01 9.233317076846345728e+00 6.000000000000000000e+01
-1.520848924946463043e+01 9.249314734378197400e+00 6.000000000000000000e+01
-1.557499253732042277e+01 9.265257513652223054e+00 6.000000000000000000e+01
-1.594224227439201336e+01 9.281146320208911504e+00 6.000000000000000000e+01
-1.631022960883106165e+01 9.296982060959747329e+00 6.000000000000000000e+01
-1.667894578185903143e+01 9.312765644310415425e+00 6.000000000000000000e+01
-1.704838212653871565e+01 9.328497980291547975e+00 6.000000000000000000e+01
-1.741853006654760705e+01 9.344179980697072452e+00 6.000000000000000000e+01
-1.778938111495428842e+01 9.359812559230302753e+00 6.000000000000000000e+01
-1.816092687299695285e+01 9.375396631657880064e+00 6.000000000000000000e+01
-1.853315902886499700e+01 9.390933115971698442e+00 6.000000000000000000e+01
-1.890606935648309772e+01 9.406422932558937688e+00 6.000000000000000000e+01
-1.927964971429828012e+01 9.421867004380425570e+00 6.000000000000000000e+01
-1.965389204406980639e+01 9.437266257157425287e+00 6.000000000000000000e+01
-2.002878836966172926e+01 9.452621619567073807e+00 6.000000000000000000e+01
-2.040433079583855402e+01 9.467934023446666458e+00 6.000000000000000000e+01
-2.078051150706334482e+01 9.483204404006993826e+00 6.000000000000000000e+01
-2.115732276629886499e+01 9.498433700054956574e+00 6.000000000000000000e+01
-2.153475691381108348e+01 9.513622854225713965e+00 6.000000000000000000e+01
-2.191280636597541331e+01 9.528772813224632543e+00 6.000000000000000000e+01
-2.229146361408521315e+01 9.543884528079265905e+00 6.000000000000000000e+01
-2.267072122316249860e+01 9.558958954401752806e+00 6.000000000000000000e+01
-2.305057183077104810e+01 9.573997052661846752e+00 6.000000000000000000e+01
-2.343100814583092628e+01 9.588999788471021191e+00 6.000000000000000000e+01
-2.381202294743506798e+01 9.603968132877872321e+00 6.000000000000000000e+01
-2.419360908366707363e+01 9.618903062675368432e+00 6.000000000000000000e+01
-2.457575947042028375e+01 9.633805560720180239e+00 6.000000000000000000e+01
-2.495846709021767751e+01 9.648676616264641126e+00 6.000000000000000000e+01
-2.534172499103237541e+01 9.663517225301724523e+00 6.000000000000000000e+01
-2.572552628510841188e+01 9.678328390923558899e+00 6.000000000000000000e+01
-2.610986414778135511e+01 9.693111123693936904e+00 6.000000000000000000e+01
-2.649473181629834073e+01 9.707866442035390619e+00 6.000000000000000000e+01
-2.688012258863735937e+01 9.722595372631433364e+00 6.000000000000000000e+01
-2.726602982232506633e+01 9.737298950844470724e+00 6.000000000000000000e+01
-2.765244693325274739e+01 9.751978221150121584e+00 6.000000000000000000e+01
-2.803936739448996107e+01 9.766634237588556644e+00 6.000000000000000000e+01
-2.842678473509535664e+01 9.781268064233593407e+00 6.000000000000000000e+01
-2.881469253892407423e+01 9.795880775680283037e+00 6.000000000000000000e+01
-2.920308444343094578e+01 9.810473457551797338e+00 6.000000000000000000e+01
-2.959195413846914491e+01 9.825047207026450735e+00 6.000000000000000000e+01
-2.998129536508359294e+01 9.839603133385754319e+00 6.000000000000000000e+01
-3.037110191429804473e+01 9.854142358584409678e+00 6.000000000000000000e+01
-3.076136762589557350e+01 9.868666017843302996e+00 6.000000000000000000e+01
-3.115208638719127521e+01 9.883175260266462203e+00 6.000000000000000000e+01
-3.154325213179672005e+01 9.897671249483185107e+00 6.000000000000000000e+01
-3.193485883837483641e+01 9.912155164316423850e+00 6.000000000000000000e+01
-3.232690052938462344e+01 9.926628199478757963e+00 6.000000000000000000e+01
-3.271937126981455179e+01 9.941091566297197701e+00 6.000000000000000000e+01
-3.311226516590357960e+01 9.955546493468272473e+00 6.000000000000000000e+01
-3.350557636384877469e+01 9.969994227844843238e+00 6.000000000000000000e+01
-3.389929904849816467e+01 9.984436035256225139e+00 6.000000000000000000e+01
-3.429342744202790527e+01 9.998873201363284835e+00 6.000000000000000000e+01
-3.468795580260206890e+01 1.001330703255025334e+01 6.000000000000000000e+01
-3.508287842301401582e+01 1.002773885685511424e+01 6.000000000000000000e+01
-3.547818962930731601e+01 1.004217002494056743e+01 6.000000000000000000e+01
-3.587388377937557493e+01 1.005660191110764679e+01 6.000000000000000000e+01
-3.626995526153857696e+01 1.007103591435423340e+01 6.000000000000000000e+01
-3.666639849309355270e+01 1.008547345948077556e+01 6.000000000000000000e+01
-3.706320791883929644e+01 1.009991599824581776e+01 6.000000000000000000e+01
-3.746037800957194719e+01 1.011436501057388249e+01 6.000000000000000000e+01
-3.785790326054925004e+01 1.012882200581864645e+01 6.000000000000000000e+01
-3.825577818992194068e+01 1.014328852408433512e+01 6.000000000000000000e+01
-3.865399733712941099e+01 1.015776613760857394e+01 6.000000000000000000e+01
-3.905255526125764476e+01 1.017225645221012442e+01 6.000000000000000000e+01
-3.945144653935619061e+01 1.018676110880503671e+01 6.000000000000000000e+01
-3.985066576471162136e+01 1.020128178499520821e+01 6.000000000000000000e+01
-4.025020754507473697e+01 1.021582019673330954e+01 6.000000000000000000e+01
-4.065006650083757478e+01 1.023037810006859871e+01 6.000000000000000000e+01
-4.105023726315788224e+01 1.024495729297818158e+01 6.000000000000000000e+01
-4.145071447202625592e+01 1.025955961728876353e+01 6.000000000000000000e+01
-4.185149277427314729e+01 1.027418696069417514e+01 6.000000000000000000e+01
-4.225256682151041332e+01 1.028884125887437229e+01 6.000000000000000000e+01
-4.265393126800461943e+01 1.030352449772195733e+01 6.000000000000000000e+01
-4.305558076847554361e+01 1.031823871568270334e+01 6.000000000000000000e+01
-4.345750997581632191e+01 1.033298600621701802e+01 6.000000000000000000e+01
-4.385971353872906775e+01 1.034776852038975647e+01 6.000000000000000000e+01
-4.426218609927030201e+01 1.036258846959634106e+01 6.000000000000000000e+01
-4.466492229030040306e+01 1.037744812843364883e+01 6.000000000000000000e+01
-4.506791673283001387e+01 1.039234983772483645e+01 6.000000000000000000e+01
-4.547116403325648548e+01 1.040729600770782248e+01 6.000000000000000000e+01
-4.587465878048274703e+01 1.042228912139793451e+01 6.000000000000000000e+01
-4.627839554291065838e+01 1.043733173813600956e+01 6.000000000000000000e+01
-4.668236886529954432e+01 1.045242649733395801e+01 6.000000000000000000e+01
-4.708657326548115662e+01 1.046757612243087898e+01 6.000000000000000000e+01
-4.749100323092022080e+01 1.048278342507363980e+01 6.000000000000000000e+01
-4.789565321511027918e+01 1.049805130953700072e+01 6.000000000000000000e+01
-4.830051763379261587e+01 1.051338277739947102e+01 6.000000000000000000e+01
-4.870559086098594292e+01 1.052878093249236358e+01 6.000000000000000000e+01
-4.911086722481275046e+01 1.054424898614083084e+01 6.000000000000000000e+01
-4.951634100310805309e+01 1.055979026271729104e+01 6.000000000000000000e+01
-4.992200641879400536e+01 1.057540820552905814e+01 6.000000000000000000e+01
-5.032785763500376675e+01 1.059110638306397512e+01 6.000000000000000000e+01
-5.073388874993548825e+01 1.060688849561961433e+01 6.000000000000000000e+01
-5.114009379141628386e+01 1.062275838234379854e+01 6.000000000000000000e+01
-5.154646671115445145e+01 1.063872002871646849e+01 6.000000000000000000e+01
-5.195300137865609003e+01 1.065477757450543272e+01 6.000000000000000000e+01
-5.235969157478020009e+01 1.067093532223130126e+01 6.000000000000000000e+01
-5.276653098490444194e+01 1.068719774617987461e+01 6.000000000000000000e+01
-5.317351319167101309e+01 1.070356950200359414e+01 6.000000000000000000e+01
-5.358063166727929882e+01 1.072005543695733820e+01 6.000000000000000000e+01
-5.398787976528951305e+01 1.073666060081765750e+01 6.000000000000000000e+01
-5.439525071189761007e+01 1.075339025753910605e+01 6.000000000000000000e+01
-5.480273759663875666e+01 1.077024989770600527e+01 6.000000000000000000e+01
-5.521033336247201362e+01 1.078724525184331462e+01 6.000000000000000000e+01
-5.561803079519555837e+01 1.080438230465613714e+01 6.000000000000000000e+01
-5.602582251213553377e+01 1.082166731027379036e+01 6.000000000000000000e+01
-5.643370095004757303e+01 1.083910680858148190e+01 6.000000000000000000e+01
-5.684165835216298746e+01 1.085670764273050715e+01 6.000000000000000000e+01
-5.724968675430620380e+01 1.087447697792659440e+01 6.000000000000000000e+01
-5.765777797000141192e+01 1.089242232160557933e+01 6.000000000000000000e+01
-5.806592357447930652e+01 1.091055154511635905e+01 6.000000000000000000e+01
-5.847411488748523567e+01 1.092887290704282144e+01 6.000000000000000000e+01
-5.888234295477994351e+01 1.094739507830971625e+01 6.000000000000000000e+01
-5.929059852821333010e+01 1.096612716923197972e+01 6.000000000000000000e+01
-5.969887204423822880e+01 1.098507875868337003e+01 6.000000000000000000e+01
-6.010715360071809954e+01 1.100425992557842392e+01 6.000000000000000000e+01
-6.051543293186590944e+01 1.102368128288205362e+01 6.000000000000000000e+01
-6.092369938113458971e+01 1.104335401438366659e+01 6.000000000000000000e+01
-6.133194187185874569e+01 1.106328991449812271e+01 6.000000000000000000e+01
-6.174014887542588781e+01 1.108350143138416932e+01 6.000000000000000000e+01
-6.214830837672980834e+01 1.110400171370270783e+01 6.000000000000000000e+01
-6.255640783663012883e+01 1.112480466137314217e+01 6.000000000000000000e+01
-6.296443415111112074e+01 1.114592498072589777e+01 6.000000000000000000e+01
-6.337237360679534959e+01 1.116737824449455196e+01 6.000000000000000000e+01
-6.378021183242800873e+01 1.118918095714168892e+01 6.000000000000000000e+01
-6.418793374590011069e+01 1.121135062606999178e+01 6.000000000000000000e+01
-6.459552349632731705e+01 1.123390583933476350e+01 6.000000000000000000e+01
-6.500296440063992520e+01 1.125686635054721130e+01 6.000000000000000000e+01
-6.541023887407128257e+01 1.128025317174071596e+01 6.000000000000000000e+01
-6.581732835385496116e+01 1.130408867506607429e+01 6.000000000000000000e+01
-6.622421321534963568e+01 1.132839670428820256e+01 6.000000000000000000e+01
-6.663087267971037875e+01 1.135320269717772845e+01 6.000000000000000000e+01
-6.703728471210619944e+01 1.137853382002839098e+01 6.000000000000000000e+01
-6.744342590934962800e+01 1.140441911568778721e+01 6.000000000000000000e+01
-6.784927137564835675e+01 1.143088966666733874e+01 6.000000000000000000e+01
-6.825479458501034458e+01 1.145797877510096185e+01 6.000000000000000000e+01
-6.865996722862635693e+01 1.148572216155420911e+01 6.000000000000000000e+01
-6.906475904531488652e+01 1.151415818495134324e+01 6.000000000000000000e+01
-6.946913763283632193e+01 1.154332808619142270e+01 6.000000000000000000e+01
-6.987306823756114227e+01 1.157327625837201701e+01 6.000000000000000000e+01
-7.027651351960115278e+01 1.160405054693709381e+01 6.000000000000000000e+01
-7.067943329007557907e+01 1.163570258352113385e+01 6.000000000000000000e+01
-7.108178421667234659e+01 1.166828815778319317e+01 6.000000000000000000e+01
-7.148351949306757547e+01 1.170186763212185888e+01 6.000000000000000000e+01
-7.188458846706589611e+01 1.173650640484509822e+01 6.000000000000000000e+01
-7.228493622150088527e+01 1.177227542814948968e+01 6.000000000000000000e+01
-7.268450310096964984e+01 1.180925178815359011e+01 6.000000000000000000e+01
-7.308322417633692680e+01 1.184751935524292854e+01 6.000000000000000000e+01
-7.348102863760243508e+01 1.188716951413232081e+01 6.000000000000000000e+01
-7.387783910414295008e+01 1.192830198434663380e+01 6.000000000000000000e+01
-7.427357083947022431e+01 1.197102574327309377e+01 6.000000000000000000e+01
-7.466813085543685702e+01 1.201546006555140345e+01 6.000000000000000000e+01
-7.506141688820960667e+01 1.206173569433779669e+01 6.000000000000000000e+01
-7.545331622524427928e+01 1.210999616188830075e+01 6.000000000000000000e+01
-7.584370435885074357e+01 1.216039927891373296e+01 6.000000000000000000e+01
-7.623244343764230280e+01 1.221311881419101475e+01 6.000000000000000000e+01
-7.661938048211312946e+01 1.226834638784495901e+01 6.000000000000000000e+01
-7.700434532467667736e+01 1.232629360333914015e+01 6.000000000000000000e+01
-7.738714822761612311e+01 1.238719444421516336e+01 6.000000000000000000e+01
-7.776757712445798632e+01 1.245130796151254060e+01 6.000000000000000000e+01
-7.814539442122479329e+01 1.251892127585834125e+01 6.000000000000000000e+01
-7.852033328387521749e+01 1.259035291336233087e+01 6.000000000000000000e+01
-7.889209332715920198e+01 1.266595648511938776e+01 6.000000000000000000e+01
-7.926033560848601667e+01 1.274612470404269082e+01 6.000000000000000000e+01
-7.962467681899202887e+01 1.283129370670475744e+01 6.000000000000000000e+01
-7.998468255416419481e+01 1.292194760732537517e+01 6.000000000000000000e+01
-8.033985954040765876e+01 1.301862314978219004e+01 6.000000000000000000e+01
-8.068964669552804025e+01 1.312191423314329874e+01 6.000000000000000000e+01
-8.103340491596526363e+01 1.323247595580818903e+01 6.000000000000000000e+01
-8.137040552044143737e+01 1.335102763935080361e+01 6.000000000000000000e+01
-8.169981735116907373e+01 1.347835404007800797e+01 6.000000000000000000e+01
-8.202069265781972263e+01 1.361530361890469010e+01 6.000000000000000000e+01
-8.233195209013970839e+01 1.376278230860203600e+01 6.000000000000000000e+01
-8.263236943254077005e+01 1.392174069767446376e+01 6.000000000000000000e+01
-8.292055716172461644e+01 1.409315198160121696e+01 6.000000000000000000e+01
-8.319495452559533533e+01 1.427797751634303225e+01 6.000000000000000000e+01
-8.345382063647629423e+01 1.447711654716585983e+01 6.000000000000000000e+01
-8.369523600116640694e+01 1.469133701829924021e+01 6.000000000000000000e+01
-8.391711683614678918e+01 1.492118578898655201e+01 6.000000000000000000e+01
-8.411724715152530507e+01 1.516687967041997531e+01 6.000000000000000000e+01
-8.429333346337108424e+01 1.542818390321472144e+01 6.000000000000000000e+01
-8.444308550076547704e+01 1.570429188811268340e+01 6.000000000000000000e+01
-8.456432284987157288e+01 1.599372785966223454e+01 6.000000000000000000e+01
-8.465510199386173440e+01 1.629429985354894939e+01 6.000000000000000000e+01
-8.471385145188021681e+01 1.660312967154264641e+01 6.000000000000000000e+01
-8.473949665789557173e+01 1.691677612248294338e+01 6.000000000000000000e+01
-8.473155358332748222e+01 1.723144763469282026e+01 6.000000000000000000e+01
-8.469017312590555946e+01 1.754327593873515312e+01 6.000000000000000000e+01
-8.461612712209000620e+01 1.784860365499333312e+01 6.000000000000000000e+01
-8.451073890561175972e+01 1.814423410814670845e+01 6.000000000000000000e+01
-8.437577234915787017e+01 1.842760376602651107e+01 6.000000000000000000e+01
-8.421329957131952426e+01 1.869686048382384413e+01 6.000000000000000000e+01
-8.402556765911296566e+01 1.895085418111665376e+01 6.000000000000000000e+01
-8.381488015482715070e+01 1.918906248815799387e+01 6.000000000000000000e+01
-8.358350235227145220e+01 1.941147942340224475e+01 6.000000000000000000e+01
-8.333359312016877141e+01 1.961849230088758134e+01 6.000000000000000000e+01
-8.306716142847760409e+01 1.981076489696082277e+01 6.000000000000000000e+01
-8.278604329495260572e+01 1.998913709185637444e+01 6.000000000000000000e+01
-8.249189410240170162e+01 2.015454487137697726e+01 6.000000000000000000e+01
-8.218619154149104133e+01 2.030796040055816221e+01 6.000000000000000000e+01
-8.187024525346429016e+01 2.045034965211847222e+01 6.000000000000000000e+01
-8.154521020015154420e+01 2.058264423617619698e+01 6.000000000000000000e+01
-8.121210166471074388e+01 2.070572407835136630e+01 6.000000000000000000e+01
-8.087181049877656847e+01 2.082040800829529203e+01 6.000000000000000000e+01
-8.052511776601774329e+01 2.092744987941030388e+01 6.000000000000000000e+01
-8.017270830940147164e+01 2.102753839409400172e+01 6.000000000000000000e+01
-7.981518302240299079e+01 2.112129928929272893e+01 6.000000000000000000e+01
-7.945306976548268096e+01 2.120929892368790703e+01 6.000000000000000000e+01
-7.908683296576872124e+01 2.129204860369446095e+01 6.000000000000000000e+01
-7.871688199111056861e+01 2.137000920390396530e+01 6.000000000000000000e+01
-7.834357841481286755e+01 2.144359579444825670e+01 6.000000000000000000e+01
-7.796724229507375981e+01 2.151318209773043577e+01 6.000000000000000000e+01
-7.758815759059569928e+01 2.157910467239550556e+01 6.000000000000000000e+01
-7.720657682568494806e+01 2.164166677298406682e+01 6.000000000000000000e+01
-7.682272510735857907e+01 2.170114186674306467e+01 6.000000000000000000e+01
-7.643680358533732999e+01 2.175777680993076757e+01 6.000000000000000000e+01
-7.604899243436383927e+01 2.181179469850937735e+01 6.000000000000000000e+01
-7.565945342761462200e+01 2.186339741510232315e+01 6.000000000000000000e+01
-7.526833216033270446e+01 2.191276789741043984e+01 6.000000000000000000e+01
-7.487575997428258745e+01 2.196007215424734227e+01 6.000000000000000000e+01
-7.448185562619867994e+01 2.200546105486453641e+01 6.000000000000000000e+01
-7.408672673698805511e+01 2.204907191589249393e+01 6.000000000000000000e+01
-7.369047105295734923e+01 2.209102990842392700e+01 6.000000000000000000e+01
-7.329317754565360588e+01 2.213144930576752500e+01 6.000000000000000000e+01
-7.289492737293363689e+01 2.217043459036806752e+01 6.000000000000000000e+01
-7.249579472050550066e+01 2.220808143642100774e+01 6.000000000000000000e+01
-7.209584754033512866e+01 2.224447758286276411e+01 6.000000000000000000e+01
-7.169514819989535681e+01 2.227970360972114250e+01 6.000000000000000000e+01
-7.129375405419474987e+01 2.231383362927299885e+01 6.000000000000000000e+01
-7.089171795079415972e+01 2.234693590207950464e+01 6.000000000000000000e+01
-7.048908867655586619e+01 2.237907338674467184e+01 6.000000000000000000e+01
-7.008591135362910052e+01 2.241030423116012571e+01 6.000000000000000000e+01
-6.968222779112238641e+01 2.244068221204591040e+01 6.000000000000000000e+01
-6.927807679801769325e+01 2.247025712876029147e+01 6.000000000000000000e+01
-6.887349446211915449e+01 2.249907515661851676e+01 6.000000000000000000e+01
-6.846851439917971049e+01 2.252717916431919321e+01 6.000000000000000000e+01
-6.806316797579344779e+01 2.255460899951700071e+01 6.000000000000000000e+01
-6.765748450916697720e+01 2.258140174609078699e+01 6.000000000000000000e+01
-6.725149144647630806e+01 2.260759195622896200e+01 6.000000000000000000e+01
-6.684521452616610304e+01 2.263321186008082009e+01 6.000000000000000000e+01
-6.643867792324806487e+01 2.265829155539632467e+01 6.000000000000000000e+01
-6.603190438039611365e+01 2.268285917929188500e+01 6.000000000000000000e+01
-6.562491532641287506e+01 2.270694106403033175e+01 6.000000000000000000e+01
-6.521773098344795017e+01 2.273056187848507292e+01 6.000000000000000000e+01
-6.481037046418232705e+01 2.275374475676713004e+01 6.000000000000000000e+01
-6.440285186004707896e+01 2.277651141532599510e+01 6.000000000000000000e+01
-6.399519232141825142e+01 2.279888225968822724e+01 6.000000000000000000e+01
-6.358740813062050279e+01 2.282087648186801587e+01 6.000000000000000000e+01
-6.317951476847545678e+01 2.284251214937028962e+01 6.000000000000000000e+01
-6.277152697504722312e+01 2.286380628660662140e+01 6.000000000000000000e+01
-6.236345880516413587e+01 2.288477494945555790e+01 6.000000000000000000e+01
-6.195532367923142658e+01 2.290543329362127167e+01 6.000000000000000000e+01
-6.154713442979281268e+01 2.292579563737499271e+01 6.000000000000000000e+01
-6.113890334424980466e+01 2.294587551920287183e+01 6.000000000000000000e+01
-6.073064220410321212e+01 2.296568575082963193e+01 6.000000000000000000e+01
-6.032236232104319384e+01 2.298523846603938026e+01 6.000000000000000000e+01
-5.991407457017955807e+01 2.300454516567229746e+01 6.000000000000000000e+01
-5.950578942067437538e+01 2.302361675913793704e+01 6.000000000000000000e+01
-5.909751696401178833e+01 2.304246360275203642e+01 6.000000000000000000e+01
-5.868926694011627632e+01 2.306109553517383404e+01 6.000000000000000000e+01
-5.828104876150992197e+01 2.307952191019362331e+01 6.000000000000000000e+01
-5.787287153567941544e+01 2.309775162709661700e+01 6.000000000000000000e+01
-5.746474408580808557e+01 2.311579315880755914e+01 6.000000000000000000e+01
-5.705667497001238786e+01 2.313365457800117397e+01 6.000000000000000000e+01
-5.664867249920941816e+01 2.315134358134644543e+01 6.000000000000000000e+01
-5.624074475372962922e+01 2.316886751203719541e+01 6.000000000000000000e+01
-5.583289959877878061e+01 2.318623338074741724e+01 6.000000000000000000e+01
-5.542514469884332584e+01 2.320344788513737200e+01 6.000000000000000000e+01
-5.501748753112451595e+01 2.322051742802522156e+01 6.000000000000000000e+01
-5.460993539807932962e+01 2.323744813432872292e+01 6.000000000000000000e+01
-5.420249543913908497e+01 2.325424586687231354e+01 6.000000000000000000e+01
-5.379517464167000895e+01 2.327091624114682133e+01 6.000000000000000000e+01
-5.338797985123527212e+01 2.328746463910126607e+01 6.000000000000000000e+01
-5.298091778121184348e+01 2.330389622203963285e+01 6.000000000000000000e+01
-5.257399502181132078e+01 2.332021594268933740e+01 6.000000000000000000e+01
-5.216721804855031763e+01 2.333642855650244030e+01 6.000000000000000000e+01
-5.176059323021102898e+01 2.335253863224563275e+01 6.000000000000000000e+01
-5.135412683633020947e+01 2.336855056193055802e+01 6.000000000000000000e+01
-5.094782504425098324e+01 2.338446857013156333e+01 6.000000000000000000e+01
-5.054169394576952357e+01 2.340029672273460193e+01 6.000000000000000000e+01
-5.013573955340575594e+01 2.341603893515702950e+01 6.000000000000000000e+01
-4.972996780632529834e+01 2.343169898007530705e+01 6.000000000000000000e+01
-4.932438457593691084e+01 2.344728049469447484e+01 6.000000000000000000e+01
-4.891899567118913694e+01 2.346278698759085302e+01 6.000000000000000000e+01
-4.851380684358608164e+01 2.347822184515669264e+01 6.000000000000000000e+01
-4.810882379194331548e+01 2.349358833767366406e+01 6.000000000000000000e+01
-4.770405216690011940e+01 2.350888962503977098e+01 6.000000000000000000e+01
-4.729949757520640929e+01 2.352412876217259097e+01 6.000000000000000000e+01
-4.689516558379825284e+01 2.353930870410997400e+01 6.000000000000000000e+01
-4.649106172367743994e+01 2.355443231082777800e+01 6.000000000000000000e+01
-4.608719149360736367e+01 2.356950235179283482e+01 6.000000000000000000e+01
-4.568356036363779538e+01 2.358452151026797594e+01 6.000000000000000000e+01
-4.528017377847037750e+01 2.359949238738481370e+01 6.000000000000000000e+01
-4.487703716067439075e+01 2.361441750599866651e+01 6.000000000000000000e+01
-4.447415591376350363e+01 2.362929931433933461e+01 6.000000000000000000e+01
-4.407153542514229372e+01 2.364414018947013219e+01 6.000000000000000000e+01
-4.366918106893035656e+01 2.365894244056691065e+01 6.000000000000000000e+01
-4.326709820867360179e+01 2.367370831202796566e+01 6.000000000000000000e+01
-4.286529219994797302e+01 2.368843998642499571e+01 6.000000000000000000e+01
-4.246376839286392624e+01 2.370313958730449855e+01 6.000000000000000000e+01
-4.206253213447795503e+01 2.371780918184845888e+01 6.000000000000000000e+01
-4.166158877111590897e+01 2.373245078340264058e+01 6.000000000000000000e+01
-4.126094365061562286e+01 2.374706635387994424e+01 6.000000000000000000e+01
-4.086060212449248041e+01 2.376165780604630839e+01 6.000000000000000000e+01
-4.046056955003298583e+01 2.377622700569564884e+01 6.000000000000000000e+01
-4.006085129232235431e+01 2.379077577372017771e+01 6.000000000000000000e+01
-3.966145272620813245e+01 2.380530588808199965e+01 6.000000000000000000e+01
-3.926237923820596620e+01 2.381981908569151329e+01 6.000000000000000000e+01
-3.886363622834979736e+01 2.383431706419765561e+01 6.000000000000000000e+01
-3.846522911199075168e+01 2.384880148369498443e+01 6.000000000000000000e+01
-3.806716332154792326e+01 2.386327396835198300e+01 6.000000000000000000e+01
-3.766944430821387613e+01 2.387773610796492108e+01 6.000000000000000000e+01
-3.727207754361833025e+01 2.389218945944121586e+01 6.000000000000000000e+01
-3.687506852145210701e+01 2.390663554821610859e+01 6.000000000000000000e+01
-3.647842275905431109e+01 2.392107586960602461e+01 6.000000000000000000e+01
-3.608214579896541352e+01 2.393551189010211289e+01 6.000000000000000000e+01
-3.568624321044787706e+01 2.394994504860694562e+01 6.000000000000000000e+01
-3.529072059097688907e+01 2.396437675761729480e+01 6.000000000000000000e+01
-3.489558356770352532e+01 2.397880840435583849e+01 6.000000000000000000e+01
-3.450083779889140345e+01 2.400000000000000000e+01 6.000000000000000000e+01
