-4.746898099344572586e+01 0.000000000000000000e+00 7.500000000000000000e+01
-4.785819231614976843e+01 5.029650987005800100e-02 7.500000000000000000e+01
-4.824646600272940589e+01 7.894805624785146414e-02 7.500000000000000000e+01
-4.863376872948258267e+01 1.079490415042971135e-01 7.500000000000000000e+01
-4.902006609757484057e+01 1.373093171325993900e-01 7.500000000000000000e+01
-4.940532258879592575e+01 1.670390134529927684e-01 7.500000000000000000e+01
-4.978950151951264047e+01 1.971485473692671797e-01 7.500000000000000000e+01
-5.017256499275706716e+01 2.276486301712846716e-01 7.500000000000000000e+01
-5.055447384838681302e+01 2.585502753593768022e-01 7.500000000000000000e+01
-5.093518761125626071e+01 2.898648064629958943e-01 7.500000000000000000e+01
-5.131466443733835803e+01 3.216038648219956553e-01 7.500000000000000000e+01
-5.169286105773730355e+01 3.537794172945102344e-01 7.500000000000000000e+01
-5.206973272053595991e+01 3.864037638506154226e-01 7.500000000000000000e+01
-5.244523313042382284e+01 4.194895450055038943e-01 7.500000000000000000e+01
-5.281931438605511175e+01 4.530497490401015348e-01 7.500000000000000000e+01
-5.319192691509192628e+01 4.870977189505293348e-01 7.500000000000000000e+01
-5.356301940689296970e+01 5.216471590607186792e-01 7.500000000000000000e+01
-5.393253874281454330e+01 5.567121412246867074e-01 7.500000000000000000e+01
-5.430042992410040625e+01 5.923071105364887678e-01 7.500000000000000000e+01
-5.466663599734585688e+01 6.284468904566063996e-01 7.500000000000000000e+01
-5.503109797753384669e+01 6.651466872533587926e-01 7.500000000000000000e+01
-5.539375476865423309e+01 7.024220936470848553e-01 7.500000000000000000e+01
-5.575454308193366870e+01 7.402890915328896870e-01 7.500000000000000000e+01
-5.611339735172162335e+01 7.787640536449885742e-01 7.500000000000000000e+01
-5.647024964909948608e+01 8.178637440119477242e-01 7.500000000000000000e+01
-5.682502959330375347e+01 8.576053170373248991e-01 7.500000000000000000e+01
-5.717766426108175182e+01 8.980063150244409487e-01 7.500000000000000000e+01
-5.752807809412975359e+01 9.390846639473352520e-01 7.500000000000000000e+01
-5.787619280479839290e+01 9.808586672521086847e-01 7.500000000000000000e+01
-5.822192728028996100e+01 1.023346997454325225e+00 7.500000000000000000e+01
-5.856519748561682093e+01 1.066568685278492801e+00 7.500000000000000000e+01
-5.890591636563934941e+01 1.110543106065486674e+00 7.500000000000000000e+01
-5.924399374655684625e+01 1.155289963152775767e+00 7.500000000000000000e+01
-5.957933623728695238e+01 1.200829267911129872e+00 7.500000000000000000e+01
-5.991184713123500671e+01 1.247181316099960746e+00 7.500000000000000000e+01
-6.024142630902979789e+01 1.294366660182097784e+00 7.500000000000000000e+01
-6.056797014288272862e+01 1.342406077218078586e+00 7.500000000000000000e+01
-6.089137140331567366e+01 1.391320531940198668e+00 7.500000000000000000e+01
-6.121151916909790458e+01 1.441131134588268470e+00 7.500000000000000000e+01
-6.152829874133598764e+01 1.491859093073155673e+00 7.500000000000000000e+01
-6.184159156276955827e+01 1.543525659020958729e+00 7.500000000000000000e+01
-6.215127514344382575e+01 1.596152067241752404e+00 7.500000000000000000e+01
-6.245722299405305478e+01 1.649759468162492304e+00 7.500000000000000000e+01
-6.275930456837838989e+01 1.704368852765779208e+00 7.500000000000000000e+01
-6.305738521637795913e+01 1.760000969585360009e+00 7.500000000000000000e+01
-6.335132614962431319e+01 1.816676233327652268e+00 7.500000000000000000e+01
-6.364098442092471686e+01 1.874414624717192224e+00 7.500000000000000000e+01
-6.392621292009657452e+01 1.933235581204765907e+00 7.500000000000000000e+01
-6.420686038800796780e+01 1.993157878231910152e+00 7.500000000000000000e+01
-6.448277145112042774e+01 2.054199500815887980e+00 7.500000000000000000e+01
-6.475378667889049211e+01 2.116377505307747153e+00 7.500000000000000000e+01
-6.501974266648967671e+01 2.179707871283564025e+00 7.500000000000000000e+01
-6.528047214538665344e+01 2.244205343658061125e+00 7.500000000000000000e+01
-6.553580412439200131e+01 2.309883265260957774e+00 7.500000000000000000e+01
-6.578556406379223631e+01 2.376753400291667706e+00 7.500000000000000000e+01
-6.602957408518558680e+01 2.444825749267189874e+00 7.500000000000000000e+01
-6.626765321957127242e+01 2.514108356301581360e+00 7.500000000000000000e+01
-6.649961769613008755e+01 2.584607109802506741e+00 7.500000000000000000e+01
-6.672528127395641206e+01 2.656325537938814652e+00 7.500000000000000000e+01
-6.694445561875620854e+01 2.729264600520655559e+00 7.500000000000000000e+01
-6.715695072620211192e+01 2.803422479235326836e+00 7.500000000000000000e+01
-6.736257539323126764e+01 2.878794368493001521e+00 7.500000000000000000e+01
-6.756113773807817324e+01 2.955372269448637734e+00 7.500000000000000000e+01
-6.775244576925081219e+01 3.033144790071880426e+00 7.500000000000000000e+01
-6.793630800298473105e+01 3.112096954424427242e+00 7.500000000000000000e+01
-6.811253412794476958e+01 3.192210024563046034e+00 7.500000000000000000e+01
-6.828093571510038373e+01 3.273461338702773116e+00 7.500000000000000000e+01
-6.844132696978006436e+01 3.355824169435127402e+00 7.500000000000000000e+01
-6.859352552193369945e+01 3.439267605886403345e+00 7.500000000000000000e+01
-6.873735324961334925e+01 3.523756463706890774e+00 7.500000000000000000e+01
-6.887263712964757190e+01 3.609251226690920245e+00 7.500000000000000000e+01
-6.899921010845861247e+01 3.695708023627946925e+00 7.500000000000000000e+01
-6.911691198498665756e+01 3.783078643669127050e+00 7.500000000000000000e+01
-6.922559029677499609e+01 3.871310593056314975e+00 7.500000000000000000e+01
-6.932510119946907423e+01 3.960347195501197071e+00 7.500000000000000000e+01
-6.941531032932826406e+01 4.050127737826423768e+00 7.500000000000000000e+01
-6.949609363787561733e+01 4.140587661697867183e+00 7.500000000000000000e+01
-6.956733818754959486e+01 4.231658801404723391e+00 7.500000000000000000e+01
-6.962894289720058794e+01 4.323269666703279057e+00 7.500000000000000000e+01
-6.968081922651180093e+01 4.415345768758685452e+00 7.500000000000000000e+01
-6.972289178893298356e+01 4.507809986227773180e+00 7.500000000000000000e+01
-6.975509888349550636e+01 4.600582967560107761e+00 7.500000000000000000e+01
-6.977739293692215483e+01 4.693583564689008725e+00 7.500000000000000000e+01
-6.978974084873267714e+01 4.786729292475063069e+00 7.500000000000000000e+01
-6.979212423354820771e+01 4.879936807584431158e+00 7.500000000000000000e+01
-6.978453955647199791e+01 4.973122399961128259e+00 7.500000000000000000e+01
-6.976699815922559367e+01 5.066202489709446866e+00 7.500000000000000000e+01
-6.973952617658962083e+01 5.159094122054188603e+00 7.500000000000000000e+01
-6.970216434458554033e+01 5.251715453099262021e+00 7.500000000000000000e+01
-6.965496770367543888e+01 5.343986219356765766e+00 7.500000000000000000e+01
-6.959800520199792118e+01 5.435828184458503465e+00 7.500000000000000000e+01
-6.953135920524833580e+01 5.527165557070233604e+00 7.500000000000000000e+01
-6.945512492120590764e+01 5.617925374780774916e+00 7.500000000000000000e+01
-6.936940974807291127e+01 5.708037849601867997e+00 7.500000000000000000e+01
-6.927433255670081280e+01 5.797436671656205576e+00 7.500000000000000000e+01
-6.917002291741461306e+01 5.886059268614759254e+00 7.500000000000000000e+01
-6.905662028251403228e+01 5.973847019434725958e+00 7.500000000000000000e+01
-6.893427313562847303e+01 6.060745421913375175e+00 7.500000000000000000e+01
-6.880313811895383935e+01 6.146704214481194306e+00 7.500000000000000000e+01
-6.866337914902209150e+01 6.231677453485622742e+00 7.500000000000000000e+01
-6.851516653108309640e+01 6.315623547945063088e+00 7.500000000000000000e+01
-6.835867608144222629e+01 6.398505254368643591e+00 7.500000000000000000e+01
-6.819408826623455866e+01 6.480289634732953274e+00 7.500000000000000000e+01
-6.802158736416278373e+01 6.560947981080395230e+00 7.500000000000000000e+01
-6.784136065971530627e+01 6.640455710458049943e+00 7.500000000000000000e+01
-6.765359767234654953e+01 6.718792234057318069e+00 7.500000000000000000e+01
-6.745848942607192100e+01 6.795940804453604045e+00 7.500000000000000000e+01
-6.725622776293077720e+01 6.871888344793336323e+00 7.500000000000000000e+01
-6.704700470282125480e+01 6.946625263647294268e+00 7.500000000000000000e+01
-6.683101185132971978e+01 7.020145259057454012e+00 7.500000000000000000e+01
-6.660843985637295361e+01 7.092445115064687222e+00 7.500000000000000000e+01
-6.637947791375492557e+01 7.163524493728925968e+00 7.500000000000000000e+01
-6.614431332111209372e+01 7.233385725355281792e+00 7.500000000000000000e+01
-6.590313107918555602e+01 7.302033599329262437e+00 7.500000000000000000e+01
-6.565611353891114277e+01 7.369475157651789843e+00 7.500000000000000000e+01
-6.540344009245687573e+01 7.435719492957786336e+00 7.500000000000000000e+01
-6.514528690605544625e+01 7.500777552507166490e+00 7.500000000000000000e+01
-6.488182669227009569e+01 7.564661949359212656e+00 7.500000000000000000e+01
-6.461322851918917820e+01 7.627386781683505923e+00 7.500000000000000000e+01
-6.433965765395916492e+01 7.688967460925940856e+00 7.500000000000000000e+01
-6.406127543803111735e+01 7.749420549337212805e+00 7.500000000000000000e+01
-6.377823919150294074e+01 7.808763607184712185e+00 7.500000000000000000e+01
-6.349070214398285827e+01 7.867015049806187932e+00 7.500000000000000000e+01
-6.319881338947173077e+01 7.924194014523976648e+00 7.500000000000000000e+01
-6.290271786285613587e+01 7.980320237321242516e+00 7.500000000000000000e+01
-6.260255633571655665e+01 8.035413939084023127e+00 7.500000000000000000e+01
-6.229846542927925412e+01 8.089495721134387196e+00 7.500000000000000000e+01
-6.199057764247299218e+01 8.142586469717688402e+00 7.500000000000000000e+01
-6.167902139318986343e+01 8.194707269059755106e+00 7.500000000000000000e+01
-6.136392107098820503e+01 8.245879322575389025e+00 7.500000000000000000e+01
-6.104539709961488114e+01 8.296123881786773069e+00 7.500000000000000000e+01
-6.072356600785963820e+01 8.345462182496797610e+00 7.500000000000000000e+01
-6.039854050738647118e+01 8.393915387756971214e+00 7.500000000000000000e+01
-6.007042957631342261e+01 8.441504537171269362e+00 7.500000000000000000e+01
-5.973933854743228977e+01 8.488250502083792171e+00 7.500000000000000000e+01
-5.940536920007334487e+01 8.534173946209707040e+00 7.500000000000000000e+01
-5.906861985472639986e+01 8.579295291283505875e+00 7.500000000000000000e+01
-5.872918546962841191e+01 8.623634687315851366e+00 7.500000000000000000e+01
-5.838715773861940050e+01 8.667211987069459056e+00 7.500000000000000000e+01
-5.804262518965335715e+01 8.710046724384922001e+00 7.500000000000000000e+01
-5.769567328342673562e+01 8.752158096008379573e+00 7.500000000000000000e+01
-5.734638451165947970e+01 8.793564946594411680e+00 7.500000000000000000e+01
-5.699483849462546914e+01 8.834285756579044246e+00 7.500000000000000000e+01
-5.664111207758945454e+01 8.874338632638712809e+00 7.500000000000000000e+01
-5.628527942585728283e+01 8.913741300471748730e+00 7.500000000000000000e+01
-5.592741211819542002e+01 8.952511099658710947e+00 7.500000000000000000e+01
-5.556757923841555424e+01 8.990664980377152560e+00 7.500000000000000000e+01
-5.520584746495894279e+01 9.028219501764425559e+00 7.500000000000000000e+01
-5.484228115834718409e+01 9.065190831739403876e+00 7.500000000000000000e+01
-5.447694244639608740e+01 9.101594748110304778e+00 7.500000000000000000e+01
-5.410989130711421780e+01 9.137446640810971132e+00 7.500000000000000000e+01
-5.374118564923127650e+01 9.172761515122143550e+00 7.500000000000000000e+01
-5.337088139032019285e+01 9.207553995747685960e+00 7.500000000000000000e+01
-5.299903253249451751e+01 9.241838331627803882e+00 7.500000000000000000e+01
-5.262569123567731566e+01 9.275628401382869370e+00 7.500000000000000000e+01
-5.225090788845002976e+01 9.308937719291842328e+00 7.500000000000000000e+01
-5.187473117650139898e+01 9.341779441719005206e+00 7.500000000000000000e+01
-5.149720814870498486e+01 9.374166373911499761e+00 7.500000000000000000e+01
-5.111838428086178254e+01 9.406110977098471437e+00 7.500000000000000000e+01
-5.073830353715068497e+01 9.437625375829787444e+00 7.500000000000000000e+01
-5.035700842933490406e+01 9.468721365499316533e+00 7.500000000000000000e+01
-4.997454007377668006e+01 9.499410420003773226e+00 7.500000000000000000e+01
-4.959093824631555236e+01 9.529703699493767388e+00 7.500000000000000000e+01
-4.920624143506874049e+01 9.559612058178831973e+00 7.500000000000000000e+01
-4.882048689121285179e+01 9.589146052152733191e+00 7.500000000000000000e+01
-4.843371067780891792e+01 9.618315947209612915e+00 7.500000000000000000e+01
-4.804594771673214382e+01 9.647131726625190140e+00 7.500000000000000000e+01
-4.765723183376878325e+01 9.675603098880696251e+00 7.500000000000000000e+01
-4.726759580194261900e+01 9.703739505310251090e+00 7.500000000000000000e+01
-4.687707138313224675e+01 9.731550127655090421e+00 7.500000000000000000e+01
-4.648568936804127816e+01 9.759043895510579603e+00 7.500000000000000000e+01
-4.609347961458088605e+01 9.786229493654056810e+00 7.500000000000000000e+01
-4.570047108472466135e+01 9.813115369243609720e+00 7.500000000000000000e+01
-4.530669187989329316e+01 9.839709738879538037e+00 7.500000000000000000e+01
-4.491216927492641986e+01 9.866020595521899139e+00 7.500000000000000000e+01
-4.451692975069639147e+01 9.892055715258880610e+00 7.500000000000000000e+01
-4.412099902541823582e+01 9.917822663921914028e+00 7.500000000000000000e+01
-4.372440208470774081e+01 9.943328803544686068e+00 7.500000000000000000e+01
-4.332716321043857022e+01 9.968581298663934831e+00 7.500000000000000000e+01
-4.292930600844743338e+01 9.993587122460978023e+00 7.500000000000000000e+01
-4.253085343513462391e+01 1.001835306274347914e+01 7.500000000000000000e+01
-4.213182782300601303e+01 1.004288572776771282e+01 7.500000000000000000e+01
-4.173225090520027436e+01 1.006719155190209491e+01 7.500000000000000000e+01
-4.133214383904434186e+01 1.009127680113324388e+01 7.500000000000000000e+01
-4.093152722867796456e+01 1.011514757841620948e+01 7.500000000000000000e+01
-4.053042114678664376e+01 1.013880982887095961e+01 7.500000000000000000e+01
-4.012884515548139319e+01 1.016226934482738820e+01 7.500000000000000000e+01
-3.972681832636093446e+01 1.018553177072146099e+01 7.500000000000000000e+01
-3.932435925979240210e+01 1.020860260784526652e+01 7.500000000000000000e+01
-3.892148610344326443e+01 1.023148721895393898e+01 7.500000000000000000e+01
-3.851821657009695343e+01 1.025419083273256504e+01 7.500000000000000000e+01
-3.811456795478379433e+01 1.027671854812621888e+01 7.500000000000000000e+01
-3.771055715125540075e+01 1.029907533853651813e+01 7.500000000000000000e+01
-3.730620066783268385e+01 1.032126605588790369e+01 7.500000000000000000e+01
-3.690151464265333203e+01 1.034329543456715150e+01 7.500000000000000000e+01
-3.649651485834515086e+01 1.036516809523948091e+01 7.500000000000000000e+01
-3.609121675615108416e+01 1.038688854854459187e+01 7.500000000000000000e+01
-3.568563544952836963e+01 1.040846119867615371e+01 7.500000000000000000e+01
-3.527978573724560363e+01 1.042989034684804750e+01 7.500000000000000000e+01
-3.487368211599979162e+01 1.045118019465068393e+01 7.500000000000000000e+01
-3.446733879257334365e+01 1.047233484730083930e+01 7.500000000000000000e+01
-3.406076969555213196e+01 1.049335831678806130e+01 7.500000000000000000e+01
-3.365398848662325548e+01 1.051425452492107127e+01 7.500000000000000000e+01
-3.324700857147035293e+01 1.053502730627717732e+01 7.500000000000000000e+01
-3.283984311028558523e+01 1.055568041105781774e+01 7.500000000000000000e+01
-3.243250502791287460e+01 1.057621750785331827e+01 7.500000000000000000e+01
-3.202500702364077512e+01 1.059664218631970378e+01 7.500000000000000000e+01
-3.161736158065842517e+01 1.061695795977058587e+01 7.500000000000000000e+01
-3.120958097519014274e+01 1.063716826768685308e+01 7.500000000000000000e+01
-3.080167728532333271e+01 1.065727647814690293e+01 7.500000000000000000e+01
-3.039366239954145144e+01 1.067728589018016727e+01 7.500000000000000000e+01
-2.998554802497693572e+01 1.069719973604640728e+01 7.500000000000000000e+01
-2.957734569539489300e+01 1.071702118344340704e+01 7.500000000000000000e+01
-2.916906677891975264e+01 1.073675333764544781e+01 7.500000000000000000e+01
-2.876072248551691857e+01 1.075639924357496113e+01 7.500000000000000000e+01
-2.835232387423920386e+01 1.077596188780964326e+01 7.500000000000000000e+01
-2.794388186024866627e+01 1.079544420052732434e+01 7.500000000000000000e+01
-2.753540722162455268e+01 1.081484905739062974e+01 7.500000000000000000e+01
-2.712691060596540282e+01 1.083417928137369479e+01 7.500000000000000000e+01
-2.671840253679599897e+01 1.085343764453276805e+01 7.500000000000000000e+01
-2.630989341978659724e+01 1.087262686972284165e+01 7.500000000000000000e+01
-2.590139354879325495e+01 1.089174963226206749e+01 7.500000000000000000e+01
-2.549291311172775920e+01 1.091080856154585454e+01 7.500000000000000000e+01
-2.508446219626376816e+01 1.092980624261239164e+01 7.500000000000000000e+01
-2.467605079538761714e+01 1.094874521766132780e+01 7.500000000000000000e+01
-2.426768881280001722e+01 1.096762798752722290e+01 7.500000000000000000e+01
-2.385938606817577323e+01 1.098645701310940126e+01 7.500000000000000000e+01
-2.345115230228824288e+01 1.100523471675970022e+01 7.500000000000000000e+01
-2.304299718200407909e+01 1.102396348362963963e+01 7.500000000000000000e+01
-2.263493030515510185e+01 1.104264566297840489e+01 7.500000000000000000e+01
-2.222696120529230868e+01 1.106128356944305580e+01 7.500000000000000000e+01
-2.181909935632787167e+01 1.107987948427227387e+01 7.500000000000000000e+01
-2.141135417707062416e+01 1.109843565652490405e+01 7.500000000000000000e+01
-2.100373503565973721e+01 1.111695430423459641e+01 7.500000000000000000e+01
-2.059625125390140354e+01 1.113543761554167588e+01 7.500000000000000000e+01
-2.018891211151420961e+01 1.115388774979339814e+01 7.500000000000000000e+01
-1.978172685028602729e+01 1.117230683861373919e+01 7.500000000000000000e+01
-1.937470467814876685e+01 1.119069698694371162e+01 7.500000000000000000e+01
-1.896785477317347812e+01 1.120906027405330008e+01 7.500000000000000000e+01
-1.856118628749068478e+01 1.122739875452598568e+01 7.500000000000000000e+01
-1.815470835114012615e+01 1.124571445921676904e+01 7.500000000000000000e+01
-1.774843007585258547e+01 1.126400939618466523e+01 7.500000000000000000e+01
-1.734236055876866089e+01 1.128228555160050028e+01 7.500000000000000000e+01
-1.693650888609709426e+01 1.130054489063089740e+01 7.500000000000000000e+01
-1.653088413671614276e+01 1.131878935829924515e+01 7.500000000000000000e+01
-1.612549538572190144e+01 1.133702088032441146e+01 7.500000000000000000e+01
-1.572035170792572423e+01 1.135524136393800632e+01 7.500000000000000000e+01
-1.531546218130430681e+01 1.137345269868087883e+01 7.500000000000000000e+01
-1.491083589040565727e+01 1.139165675717951487e+01 7.500000000000000000e+01
-1.450648192971278405e+01 1.140985539590309017e+01 7.500000000000000000e+01
-1.410240940696908929e+01 1.142805045590173485e+01 7.500000000000000000e+01
-1.369862744646697728e+01 1.144624376352662587e+01 7.500000000000000000e+01
-1.329514519230274772e+01 1.146443713113260010e+01 7.500000000000000000e+01
-1.289197181160055194e+01 1.148263235776368418e+01 7.500000000000000000e+01
-1.248911649770683674e+01 1.150083122982222505e+01 7.500000000000000000e+01
-1.208658847335878583e+01 1.151903552172205636e+01 7.500000000000000000e+01
-1.168439699382792085e+01 1.153724699652624608e+01 7.500000000000000000e+01
-1.128255135004155996e+01 1.155546740656982863e+01 7.500000000000000000e+01
-1.088106087168446123e+01 1.157369849406806139e+01 7.500000000000000000e+01
-1.047993493028179834e+01 1.159194199171056461e+01 7.500000000000000000e+01
-1.007918294226663214e+01 1.161019962324174237e+01 7.500000000000000000e+01
-9.678814372032656266e+00 1.162847310402799295e+01 7.500000000000000000e+01
-9.278838734974613089e+00 1.164676414161191431e+01 7.500000000000000000e+01
-8.879265600518474244e+00 1.166507443625395979e+01 7.500000000000000000e+01
-8.480104595142323731e+00 1.168340568146186698e+01 7.500000000000000000e+01
-8.081365405390105394e+00 1.170175956450813715e+01 7.500000000000000000e+01
-7.683057780880168330e+00 1.172013776693589016e+01 7.500000000000000000e+01
-7.285191537309212428e+00 1.173854196505334890e+01 7.500000000000000000e+01
-6.887776559454415803e+00 1.175697383041724287e+01 7.500000000000000000e+01
-6.490822804174111837e+00 1.177543503030534922e+01 7.500000000000000000e+01
-6.094340303408941395e+00 1.179392722817843442e+01 7.500000000000000000e+01
-5.698339167185223708e+00 1.181245208413171177e+01 7.500000000000000000e+01
-5.302829586620894986e+00 1.183101125533616127e+01 7.500000000000000000e+01
-4.907821836936498094e+00 1.184960639646974556e+01 7.500000000000000000e+01
-4.513326280471496865e+00 1.186823916013874047e+01 7.500000000000000000e+01
-4.119353369707487111e+00 1.188691119728936485e+01 7.500000000000000000e+01
-3.725913650299889746e+00 1.190562415760974702e+01 7.500000000000000000e+01
-3.333017764118221926e+00 1.192437968992243214e+01 7.500000000000000000e+01
-2.940676452297275034e+00 1.194317944256745179e+01 7.500000000000000000e+01
-2.548900558299145747e+00 1.196202506377607655e+01 7.500000000000000000e+01
-2.157701030987568824e+00 1.198091820203533864e+01 7.500000000000000000e+01
-1.767088927715842805e+00 1.199986050644329616e+01 7.500000000000000000e+01
-1.377075417428506476e+00 1.201885362705514027e+01 7.500000000000000000e+01
-9.876717837779974696e-01 1.203789921522017359e+01 7.500000000000000000e+01
-5.988894282574956929e-01 1.205699892390954631e+01 7.500000000000000000e+01
-2.107398733496890220e-01 1.207615440803490969e+01 7.500000000000000000e+01
1.767652343065492515e-01 1.209536732475777754e+01 7.500000000000000000e+01
5.636141207320545243e-01 1.211463933378968250e+01 7.500000000000000000e+01
9.497948814046942578e-01 1.213397209768300122e+01 7.500000000000000000e+01
1.335295478037157535e+00 1.215336728211234352e+01 7.500000000000000000e+01
1.720103735335801742e+00 1.217282655614646636e+01 7.500000000000000000e+01
2.104207337738832617e+00 1.219235159251058143e+01 7.500000000000000000e+01
2.487593826134435471e+00 1.221194406783885356e+01 7.500000000000000000e+01
2.870250594558080959e+00 1.223160566291705997e+01 7.500000000000000000e+01
3.252164886868417870e+00 1.225133806291512073e+01 7.500000000000000000e+01
3.633323793402423174e+00 1.227114295760941509e+01 7.500000000000000000e+01
4.013714247608562324e+00 1.229102204159459433e+01 7.500000000000000000e+01
4.393323022658734978e+00 1.231097701448470438e+01 7.500000000000000000e+01
4.772136728038815612e+00 1.233100958110343015e+01 7.500000000000000000e+01
5.150141806117257914e+00 1.235112145166305275e+01 7.500000000000000000e+01
5.527324528692706629e+00 1.237131434193201152e+01 7.500000000000000000e+01
5.903670993520461430e+00 1.239158997339063895e+01 7.500000000000000000e+01
6.279167120817850112e+00 1.241195007337478806e+01 7.500000000000000000e+01
6.653798649749520067e+00 1.243239637520706431e+01 7.500000000000000000e+01
7.027551134892235041e+00 1.245293061831517889e+01 7.500000000000000000e+01
7.400409942680765241e+00 1.247355454833714461e+01 7.500000000000000000e+01
7.772360247834769531e+00 1.249426991721289326e+01 7.500000000000000000e+01
8.143387029767501062e+00 1.251507848326179229e+01 7.500000000000000000e+01
8.513475068977843563e+00 1.253598201124575873e+01 7.500000000000000000e+01
8.882608943425642778e+00 1.255698227241734166e+01 7.500000000000000000e+01
9.250773024892412266e+00 1.257808104455241605e+01 7.500000000000000000e+01
9.617951475328137434e+00 1.259928011196687514e+01 7.500000000000000000e+01
9.984128243185212526e+00 1.262058126551678505e+01 7.500000000000000000e+01
1.034928705974205876e+01 1.264198630258150047e+01 7.500000000000000000e+01
1.071341143541648044e+01 1.266349702702907720e+01 7.500000000000000000e+01
1.107648465607211286e+01 1.268511524916338118e+01 7.500000000000000000e+01
1.143848977931881272e+01 1.270684278565230763e+01 7.500000000000000000e+01
1.179940963080920469e+01 1.272868145943636087e+01 7.500000000000000000e+01
1.215922680053403582e+01 1.275063309961696412e+01 7.500000000000000000e+01
1.251792363911844674e+01 1.277269954132377627e+01 7.500000000000000000e+01
1.287548225412139580e+01 1.279488262556023237e+01 7.500000000000000000e+01
1.323188450634185465e+01 1.281718419902663086e+01 7.500000000000000000e+01
1.358711200613363701e+01 1.283960611391986006e+01 7.500000000000000000e+01
1.394114610973286794e+01 1.286215022770904959e+01 7.500000000000000000e+01
1.429396791560114544e+01 1.288481840288627112e+01 7.500000000000000000e+01
1.464555826078751188e+01 1.290761250669138605e+01 7.500000000000000000e+01
1.499589771731395160e+01 1.293053441081023891e+01 7.500000000000000000e+01
1.534496658858725837e+01 1.295358599104516095e+01 7.500000000000000000e+01
1.569274490584251147e+01 1.297676912695699336e+01 7.500000000000000000e+01
1.603921242462224228e+01 1.300008570147754483e+01 7.500000000000000000e+01
1.638434862129557601e+01 1.302353760049157216e+01 7.500000000000000000e+01
1.672813268962332600e+01 1.304712671238726251e+01 7.500000000000000000e+01
1.707054353737331454e+01 1.307085492757421896e+01 7.500000000000000000e+01
1.741155978299198281e+01 1.309472413796783208e+01 7.500000000000000000e+01
1.775115975233829957e+01 1.311873623643912268e+01 7.500000000000000000e+01
1.808932147548526004e+01 1.314289311622879453e+01 7.500000000000000000e+01
1.842602268359637208e+01 1.316719667032458752e+01 7.500000000000000000e+01
1.876124080588326848e+01 1.319164879080070385e+01 7.500000000000000000e+01
1.909495296665141240e+01 1.321625136811825207e+01 7.500000000000000000e+01
1.942713598244192141e+01 1.324100629038556676e+01 7.500000000000000000e+01
1.975776635927623559e+01 1.326591544257727584e+01 7.500000000000000000e+01
2.008682029001257874e+01 1.329098070571099655e+01 7.500000000000000000e+01
2.041427365182218878e+01 1.331620395598051054e+01 7.500000000000000000e+01
2.074010200379373003e+01 1.334158706384427795e+01 7.500000000000000000e+01
2.106428058467584918e+01 1.336713189306819416e+01 7.500000000000000000e+01
2.138678431076635178e+01 1.339284029972144019e+01 7.500000000000000000e+01
2.170758777395854011e+01 1.341871413112432698e+01 7.500000000000000000e+01
2.202666523995467429e+01 1.344475522474706608e+01 7.500000000000000000e+01
2.234399064665685586e+01 1.347096540705836532e+01 7.500000000000000000e+01
2.265953760274687312e+01 1.349734649232284589e+01 7.500000000000000000e+01
2.297327938646565926e+01 1.352390028134621325e+01 7.500000000000000000e+01
2.328518894460455968e+01 1.355062856016729178e+01 7.500000000000000000e+01
2.359523889172042033e+01 1.357753309869592329e+01 7.500000000000000000e+01
2.390340150958644116e+01 1.360461564929583744e+01 7.500000000000000000e+01
2.420964874689244439e+01 1.363187794531176422e+01 7.500000000000000000e+01
2.451395221920707357e+01 1.365932169953990361e+01 7.500000000000000000e+01
2.481628320921560160e+01 1.368694860264113444e+01 7.500000000000000000e+01
2.511661266724755848e+01 1.371476032149631052e+01 7.500000000000000000e+01
2.541491121210783533e+01 1.374275849750311096e+01 7.500000000000000000e+01
2.571114913222633902e+01 1.377094474481402919e+01 7.500000000000000000e+01
2.600529638714084513e+01 1.379932064851514539e+01 7.500000000000000000e+01
2.629732260932786048e+01 1.382788776274540155e+01 7.500000000000000000e+01
2.658719710639768508e+01 1.385664760875640056e+01 7.500000000000000000e+01
2.687488886366837804e+01 1.388560167291258907e+01 7.500000000000000000e+01
2.716036654713534304e+01 1.391475140463212945e+01 7.500000000000000000e+01
2.744359850685214397e+01 1.394409821426867246e+01 7.500000000000000000e+01
2.772455278073883633e+01 1.397364347093455450e+01 7.500000000000000000e+01
2.800319709883447672e+01 1.400338850026604476e+01 7.500000000000000000e+01
2.827949888800981526e+01 1.403333458213148077e+01 7.500000000000000000e+01
2.855342527715713885e+01 1.406348294828327816e+01 7.500000000000000000e+01
2.882494310287360761e+01 1.409383477995510958e+01 7.500000000000000000e+01
2.909401891565444132e+01 1.412439120540559401e+01 7.500000000000000000e+01
2.936061898661257885e+01 1.415515329741024431e+01 7.500000000000000000e+01
2.962470931474114977e+01 1.418612207070357734e+01 7.500000000000000000e+01
2.988625563473423696e+01 1.421729847937344893e+01 7.500000000000000000e+01
3.014522342538275623e+01 1.424868341421018414e+01 7.500000000000000000e+01
3.040157791855957825e+01 1.428027770001299324e+01 7.500000000000000000e+01
3.065528410881028520e+01 1.431208209285685484e+01 7.500000000000000000e+01
3.090630676356336082e+01 1.434409727732296602e+01 7.500000000000000000e+01
3.115461043397378660e+01 1.437632386369635640e+01 7.500000000000000000e+01
3.140015946641401712e+01 1.440876238513459029e+01 7.500000000000000000e+01
3.164291801462444198e+01 1.444141329481163538e+01 7.500000000000000000e+01
3.188285005253563753e+01 1.447427696304153599e+01 7.500000000000000000e+01
3.211991938777310907e+01 1.450735367438658407e+01 7.500000000000000000e+01
3.235408967585461681e+01 1.454064362475524419e+01 7.500000000000000000e+01
3.258532443508904919e+01 1.457414691849535515e+01 7.500000000000000000e+01
3.281358706218441057e+01 1.460786356548831932e+01 7.500000000000000000e+01
3.303884084857147485e+01 1.464179347825062827e+01 7.500000000000000000e+01
3.326104899744824905e+01 1.467593646904914273e+01 7.500000000000000000e+01
3.348017464154833789e+01 1.471029224703696237e+01 7.500000000000000000e+01
3.369618086163586668e+01 1.474486041541714698e+01 7.500000000000000000e+01
3.390903070572649369e+01 1.477964046864176240e+01 7.500000000000000000e+01
3.411868720903341057e+01 1.481463178965398164e+01 7.500000000000000000e+01
3.432511341463482069e+01 1.484983364718153709e+01 7.500000000000000000e+01
3.452827239485702648e+01 1.488524519308973559e+01 7.500000000000000000e+01
3.472812727336602023e+01 1.492086545980286338e+01 7.500000000000000000e+01
3.492464124795770886e+01 1.495669335780283049e+01 7.500000000000000000e+01
3.511777761403403275e+01 1.499272767321421718e+01 7.500000000000000000e+01
3.530749978875159911e+01 1.502896706548513706e+01 7.500000000000000000e+01
3.549377133582481036e+01 1.506541006517337600e+01 7.500000000000000000e+01
3.567655599096461572e+01 1.510205507184756968e+01 7.500000000000000000e+01
3.585581768793078794e+01 1.513890035211319152e+01 7.500000000000000000e+01
3.603152058517258638e+01 1.517594403777319556e+01 7.500000000000000000e+01
3.620362909303072030e+01 1.521318412413334364e+01 7.500000000000000000e+01
3.637210790147010187e+01 1.525061846846197966e+01 7.500000000000000000e+01
3.653692200831076775e+01 1.528824478861427849e+01 7.500000000000000000e+01
3.669803674792075299e+01 1.532606066183067206e+01 7.500000000000000000e+01
3.685541782033259750e+01 1.536406352371908923e+01 7.500000000000000000e+01
3.700903132074216018e+01 1.540225066743054150e+01 7.500000000000000000e+01
3.715884376934551625e+01 1.544061924303716182e+01 7.500000000000000000e+01
3.730482214146714881e+01 1.547916625712169925e+01 7.500000000000000000e+01
3.744693389793016536e+01 1.551788857258704191e+01 7.500000000000000000e+01
3.758514701561617244e+01 1.555678290869381009e+01 7.500000000000000000e+01
3.771943001816060104e+01 1.559584584133388319e+01 7.500000000000000000e+01
3.784975200672676721e+01 1.563507380354694476e+01 7.500000000000000000e+01
3.797608269079876919e+01 1.567446308628660567e+01 7.500000000000000000e+01
3.809839241893328676e+01 1.571400983944219476e+01 7.500000000000000000e+01
3.821665220940593599e+01 1.575371007312139682e+01 7.500000000000000000e+01
3.833083378068806724e+01 1.579355965919834404e+01 7.500000000000000000e+01
3.844090958168757766e+01 1.583355433313088056e+01 7.500000000000000000e+01
3.854685282168527749e+01 1.587368969604988500e+01 7.500000000000000000e+01
3.864863749989920905e+01 1.591396121712282330e+01 7.500000000000000000e+01
3.874623843460589256e+01 1.595436423619239719e+01 7.500000000000000000e+01
3.883963129174919260e+01 1.599489396669069308e+01 7.500000000000000000e+01
3.892879261296577909e+01 1.603554549882779057e+01 7.500000000000000000e+01
3.901369984295639171e+01 1.607631380305300794e+01 7.500000000000000000e+01
3.909433135613299015e+01 1.611719373378589992e+01 7.500000000000000000e+01
3.917066648247147498e+01 1.615818003341301790e+01 7.500000000000000000e+01
3.924268553250120561e+01 1.619926733654524753e+01 7.500000000000000000e+01
3.931036982136352975e+01 1.624045017452981199e+01 7.500000000000000000e+01
3.937370169187288127e+01 1.628172298020951203e+01 7.500000000000000000e+01
3.943266453651628467e+01 1.632308009292103890e+01 7.500000000000000000e+01
3.948724281832823380e+01 1.636451576372305539e+01 7.500000000000000000e+01
3.953742209058163581e+01 1.640602416084355042e+01 7.500000000000000000e+01
3.958318901523726652e+01 1.644759937533529737e+01 7.500000000000000000e+01
3.962453138009738751e+01 1.648923542692699939e+01 7.500000000000000000e+01
3.966143811461301283e+01 1.653092627005691284e+01 7.500000000000000000e+01
3.969389930429689173e+01 1.657266580007491541e+01 7.500000000000000000e+01
3.972190620369922698e+01 1.661444785959810133e+01 7.500000000000000000e+01
3.974545124790640926e+01 1.665626624500428932e+01 7.500000000000000000e+01
3.976452806252714822e+01 1.669811471304713990e+01 7.500000000000000000e+01
3.977913147213613598e+01 1.673998698757600678e+01 7.500000000000000000e+01
3.978925750714818577e+01 1.678187676634318493e+01 7.500000000000000000e+01
3.979490340910200530e+01 1.682377772788052894e+01 7.500000000000000000e+01
3.979606763433697125e+01 1.686568353842750767e+01 7.500000000000000000e+01
3.979606763433697125e+01 1.686568353842750767e+01 7.500000000000000000e+01
3.979274985605150761e+01 1.690758785889206095e+01 7.500000000000000000e+01
3.978495096473639592e+01 1.694948435182574187e+01 7.500000000000000000e+01
3.977267306698210803e+01 1.699136668839451403e+01 7.500000000000000000e+01
3.975591948266328757e+01 1.703322855532640290e+01 7.500000000000000000e+01
3.973469474050979500e+01 1.707506366181762658e+01 7.500000000000000000e+01
3.970900457207776668e+01 1.711686574637882785e+01 7.500000000000000000e+01
3.967885590413963826e+01 1.715862858360326726e+01 7.500000000000000000e+01
3.964425684951662276e+01 1.720034599083954419e+01 7.500000000000000000e+01
3.960521669638210795e+01 1.724201183475147303e+01 7.500000000000000000e+01
3.956174589606887793e+01 1.728362003774862643e+01 7.500000000000000000e+01
3.951385604941709317e+01 1.732516458427150496e+01 7.500000000000000000e+01
3.946155989170490130e+01 1.736663952691606383e+01 7.500000000000000000e+01
3.940487127620677654e+01 1.740803899238311203e+01 7.500000000000000000e+01
3.934380515642856579e+01 1.744935718723880314e+01 7.500000000000000000e+01
3.927837756707207717e+01 1.749058840347361965e+01 7.500000000000000000e+01
3.920860560378453386e+01 1.753172702384774695e+01 7.500000000000000000e+01
3.913450740175162679e+01 1.757276752701216083e+01 7.500000000000000000e+01
3.905610211319550018e+01 1.761370449239542779e+01 7.500000000000000000e+01
3.897340988384047478e+01 1.765453260484743936e+01 7.500000000000000000e+01
3.888645182841261061e+01 1.769524665903228922e+01 7.500000000000000000e+01
3.879525000523987188e+01 1.773584156356359642e+01 7.500000000000000000e+01
3.869982739002102790e+01 1.777631234487659384e+01 7.500000000000000000e+01
3.860020784883320744e+01 1.781665415083251602e+01 7.500000000000000000e+01
3.849641611044773271e+01 1.785686225405173744e+01 7.500000000000000000e+01
3.838847773802531549e+01 1.789693205497323092e+01 7.500000000000000000e+01
3.827641910026075323e+01 1.793685908463903189e+01 7.500000000000000000e+01
3.816026734204807980e+01 1.797663900720317542e+01 7.500000000000000000e+01
3.804005035473581842e+01 1.801626762216593036e+01 7.500000000000000000e+01
3.791579674604198402e+01 1.805574086633463793e+01 7.500000000000000000e+01
3.778753580969703307e+01 1.809505481551376960e+01 7.500000000000000000e+01
3.765529749488174360e+01 1.813420568592746207e+01 7.500000000000000000e+01
3.751911237552619838e+01 1.817318983537870380e+01 7.500000000000000000e+01
3.737901161953340079e+01 1.821200376414993016e+01 7.500000000000000000e+01
3.723502695799005835e+01 1.825064411565089628e+01 7.500000000000000000e+01
3.708719065442475227e+01 1.828910767681981042e+01 7.500000000000000000e+01
3.693553547417147342e+01 1.832739137828483678e+01 7.500000000000000000e+01
3.678009465389425259e+01 1.836549229429329699e+01 7.500000000000000000e+01
3.662090187132636743e+01 1.840340764241647875e+01 7.500000000000000000e+01
3.645799121527485909e+01 1.844113478303843223e+01 7.500000000000000000e+01
3.629139715593860416e+01 1.847867121863756878e+01 7.500000000000000000e+01
3.612115451558547363e+01 1.851601459286997198e+01 7.500000000000000000e+01
3.594729843963130378e+01 1.855316268946388547e+01 7.500000000000000000e+01
3.576986436816097381e+01 1.859011343093489188e+01 7.500000000000000000e+01
3.558888800792852436e+01 1.862686487713147088e+01 7.500000000000000000e+01
3.540440530487110493e+01 1.866341522362078820e+01 7.500000000000000000e+01
3.521645241716820607e+01 1.869976279992465606e+01 7.500000000000000000e+01
3.502506568887512373e+01 1.873590606761551669e+01 7.500000000000000000e+01
3.483028162415705964e+01 1.877184361828241421e+01 7.500000000000000000e+01
3.463213686214709242e+01 1.880757417137682808e+01 7.500000000000000000e+01
3.443066815244907275e+01 1.884309657194795307e+01 7.500000000000000000e+01
3.422591233130346211e+01 1.887840978827733096e+01 7.500000000000000000e+01
3.401790629843242897e+01 1.891351290942204955e+01 7.500000000000000000e+01
3.380668699457693549e+01 1.894840514267586329e+01 7.500000000000000000e+01
3.359229137973709101e+01 1.898308581095731995e+01 7.500000000000000000e+01
3.337475641212489563e+01 1.901755435013366125e+01 7.500000000000000000e+01
3.315411902783517917e+01 1.905181030628910221e+01 7.500000000000000000e+01
3.293041612123999329e+01 1.908585333294563924e+01 7.500000000000000000e+01
3.270368452610867394e+01 1.911968318824453306e+01 7.500000000000000000e+01
3.247396099745428444e+01 1.915329973209600922e+01 7.500000000000000000e+01
3.224128219410548013e+01 1.918670292330460470e+01 7.500000000000000000e+01
3.200568466200103757e+01 1.921989281667709903e+01 7.500000000000000000e+01
3.176720481820289166e+01 1.925286956011987982e+01 7.500000000000000000e+01
3.152587893562159138e+01 1.928563339173187785e+01 7.500000000000000000e+01
3.128174312844788929e+01 1.931818463689934617e+01 7.500000000000000000e+01
3.103483333828123136e+01 1.935052370539797550e+01 7.500000000000000000e+01
3.078518532094648563e+01 1.938265108850773899e+01 7.500000000000000000e+01
3.053283463398816977e+01 1.941456735614554319e+01 7.500000000000000000e+01
3.027781662483056024e+01 1.944627315402025758e+01 7.500000000000000000e+01
3.002016641959183829e+01 1.947776920081458485e+01 7.500000000000000000e+01
2.975991891253892874e+01 1.950905628539771186e+01 7.500000000000000000e+01
2.949710875616931105e+01 1.954013526407247880e+01 7.500000000000000000e+01
2.923177035190580852e+01 1.957100705786057304e+01 7.500000000000000000e+01
2.896393784138929206e+01 1.960167264982870705e+01 7.500000000000000000e+01
2.869364509835387622e+01 1.963213308245878963e+01 7.500000000000000000e+01
2.842092572106956183e+01 1.966238945506449909e+01 7.500000000000000000e+01
2.814581302533575524e+01 1.969244292125660678e+01 7.500000000000000000e+01
2.786834003800986181e+01 1.972229468645917905e+01 7.500000000000000000e+01
2.758853949105468217e+01 1.975194600547823853e+01 7.500000000000000000e+01
2.730644381608781401e+01 1.978139818012467899e+01 7.500000000000000000e+01
2.702208513941693724e+01 1.981065255689259530e+01 7.500000000000000000e+01
2.673549527754417454e+01 1.983971052469424734e+01 7.500000000000000000e+01
2.644670573312319561e+01 1.986857351265252802e+01 7.500000000000000000e+01
2.615574769135249156e+01 1.989724298795174917e+01 7.500000000000000000e+01
2.586265201678865111e+01 1.992572045374722478e+01 7.500000000000000000e+01
2.556744925056327844e+01 1.995400744713411001e+01 7.500000000000000000e+01
2.527016960798790279e+01 1.998210553717566640e+01 7.500000000000000000e+01
2.497084297653062279e+01 2.001001632299114519e+01 7.500000000000000000e+01
2.466949891414936147e+01 2.003774143190316082e+01 7.500000000000000000e+01
2.436616664796621023e+01 2.006528251764440540e+01 7.500000000000000000e+01
2.406087507326797237e+01 2.009264125862348394e+01 7.500000000000000000e+01
2.375365275281815514e+01 2.011981935624939766e+01 7.500000000000000000e+01
2.344452791646594747e+01 2.014681853331421379e+01 7.500000000000000000e+01
2.313352846103827432e+01 2.017364053243342426e+01 7.500000000000000000e+01
2.282068195050107917e+01 2.020028711454320813e+01 7.500000000000000000e+01
2.250601561637668624e+01 2.022676005745394434e+01 7.500000000000000000e+01
2.218955635840373120e+01 2.025306115445919275e+01 7.500000000000000000e+01
2.187133074542772349e+01 2.027919221299923791e+01 7.500000000000000000e+01
2.155136501650932246e+01 2.030515505337834981e+01 7.500000000000000000e+01
2.122968508223899420e+01 2.033095150753469582e+01 7.500000000000000000e+01
2.090631652624587389e+01 2.035658341786212944e+01 7.500000000000000000e+01
2.058128460689042427e+01 2.038205263608252693e+01 7.500000000000000000e+01
2.025461425912951441e+01 2.040736102216793668e+01 7.500000000000000000e+01
1.992633009654395693e+01 2.043251044331118393e+01 7.500000000000000000e+01
1.959645641351812984e+01 2.045750277294404285e+01 7.500000000000000000e+01
1.926501718756231085e+01 2.048233988980176079e+01 7.500000000000000000e+01
1.893203608176827402e+01 2.050702367703279805e+01 7.500000000000000000e+01
1.859753644738937695e+01 2.053155602135271707e+01 7.500000000000000000e+01
1.826154132653624274e+01 2.055593881224105601e+01 7.500000000000000000e+01
1.792407345498046567e+01 2.058017394118003551e+01 7.500000000000000000e+01
1.758515526505750159e+01 2.060426330093399727e+01 7.500000000000000000e+01
1.724480888866214912e+01 2.062820878486841636e+01 7.500000000000000000e+01
1.690305616032894065e+01 2.065201228630740715e+01 7.500000000000000000e+01
1.655991862039039830e+01 2.067567569792860738e+01 7.500000000000000000e+01
1.621541751820699062e+01 2.069920091119426431e+01 7.500000000000000000e+01
1.586957381546227985e+01 2.072258981581757453e+01 7.500000000000000000e+01
1.552240818951725743e+01 2.074584429926314399e+01 7.500000000000000000e+01
1.517394103681835382e+01 2.076896624628043497e+01 7.500000000000000000e+01
1.482419247635347048e+01 2.079195753846933670e+01 7.500000000000000000e+01
1.447318235315117363e+01 2.081482005387670853e+01 7.500000000000000000e+01
1.412093024181799095e+01 2.083755566662301106e+01 7.500000000000000000e+01
1.376745545010921390e+01 2.086016624655789897e+01 7.500000000000000000e+01
1.341277702252913251e+01 2.088265365894404013e+01 7.500000000000000000e+01
1.305691374395597215e+01 2.090501976416805263e+01 7.500000000000000000e+01
1.269988414328833848e+01 2.092726641747775673e+01 7.500000000000000000e+01
1.234170649710901202e+01 2.094939546874483227e+01 7.500000000000000000e+01
1.198239883336293765e+01 2.097140876225203598e+01 7.500000000000000000e+01
1.162197893504587576e+01 2.099330813650413674e+01 7.500000000000000000e+01
1.126046434390099549e+01 2.101509542406180486e+01 7.500000000000000000e+01
1.089787236412035476e+01 2.103677245139761709e+01 7.500000000000000000e+01
1.053422006604863626e+01 2.105834103877348440e+01 7.500000000000000000e+01
1.016952428988682833e+01 2.107980300013871400e+01 7.500000000000000000e+01
9.803801649393092177e+00 2.110116014304807663e+01 7.500000000000000000e+01
9.437068535579335560e+00 2.112241426859910476e+01 7.500000000000000000e+01
9.069341120400917333e+00 2.114356717138808506e+01 7.500000000000000000e+01
8.700635360437964039e+00 2.116462063948398864e+01 7.500000000000000000e+01
8.330967000566477765e+00 2.118557645441985215e+01 7.500000000000000000e+01
7.960351577617855057e+00 2.120643639120095614e+01 7.500000000000000000e+01
7.588804424025075157e+00 2.122720221832923215e+01 7.500000000000000000e+01
7.216340671454744893e+00 2.124787569784347241e+01 7.500000000000000000e+01
6.842975254423357079e+00 2.126845858537468814e+01 7.500000000000000000e+01
6.468722913897149596e+00 2.128895263021625794e+01 7.500000000000000000e+01
6.093598200874229320e+00 2.130935957540829051e+01 7.500000000000000000e+01
5.717615479948502610e+00 2.132968115783589980e+01 7.500000000000000000e+01
5.340788932854538373e+00 2.134991910834078155e+01 7.500000000000000000e+01
4.963132561992593672e+00 2.137007515184593132e+01 7.500000000000000000e+01
4.584660193933650874e+00 2.139015100749290355e+01 7.500000000000000000e+01
4.205385482903711392e+00 2.141014838879140925e+01 7.500000000000000000e+01
3.825321914247108435e+00 2.143006900378086144e+01 7.500000000000000000e+01
3.444482807868773477e+00 2.144991455520353441e+01 7.500000000000000000e+01
3.062881321654769895e+00 2.146968674068914495e+01 7.500000000000000000e+01
2.680530454871789203e+00 2.148938725295040086e+01 7.500000000000000000e+01
2.297443051544659998e+00 2.150901777998947395e+01 7.500000000000000000e+01
1.913631803812807064e+00 2.152858000531500693e+01 7.500000000000000000e+01
1.529109255265058920e+00 2.154807560816951550e+01 7.500000000000000000e+01
1.143887804253518325e+00 2.156750626376695834e+01 7.500000000000000000e+01
7.579797071863014768e-01 2.158687364354032567e+01 7.500000000000000000e+01
3.713970817998640817e-01 2.160617941539901210e+01 7.500000000000000000e+01
-1.584808958902364853e-02 2.162542524399599841e+01 7.500000000000000000e+01
-4.037439568510879928e-01 2.164461279100444813e+01 7.500000000000000000e+01
-7.922787988316467578e-01 2.166374371540391408e+01 7.500000000000000000e+01
-1.181441020156629218e+00 2.168281967377583541e+01 7.500000000000000000e+01
-1.571219148056623771e+00 2.170184232060836038e+01 7.500000000000000000e+01
-1.961601829208699854e+00 2.172081330861041337e+01 7.500000000000000000e+01
-2.352577826594926425e+00 2.173973428903492788e+01 7.500000000000000000e+01
-2.744136016377166865e+00 2.175860691201134500e+01 7.500000000000000000e+01
-3.136265384787269905e+00 2.177743282688716775e+01 7.500000000000000000e+01
-3.528955025031594417e+00 2.179621368257879510e+01 7.500000000000000000e+01
-3.922194134209483707e+00 2.181495112793148294e+01 7.500000000000000000e+01
-4.315972010244221835e+00 2.183364681208860958e+01 7.500000000000000000e+01
-4.710278048825994546e+00 2.185230238487019960e+01 7.500000000000000000e+01
-5.105101740365421747e+00 2.187091949716084827e+01 7.500000000000000000e+01
-5.500432666956979411e+00 2.188949980130708184e+01 7.500000000000000000e+01
-5.896260499350911566e+00 2.190804495152429610e+01 7.500000000000000000e+01
-6.292574993932725569e+00 2.192655660431341147e+01 7.500000000000000000e+01
-6.689365989708926818e+00 2.194503641888725909e+01 7.500000000000000000e+01
-7.086623405297818756e+00 2.196348605760708494e+01 7.500000000000000000e+01
-7.484337235924186871e+00 2.198190718642903363e+01 7.500000000000000000e+01
-7.882497550416334597e+00 2.200030147536111258e+01 7.500000000000000000e+01
-8.281094488204384874e+00 2.201867059893055867e+01 7.500000000000000000e+01
-8.680118256318154479e+00 2.203701623666206189e+01 7.500000000000000000e+01
-9.079559126383415446e+00 2.205534007356687809e+01 7.500000000000000000e+01
-9.479407431614792046e+00 2.207364380064325360e+01 7.500000000000000000e+01
-9.879653563803973526e+00 2.209192911538829662e+01 7.500000000000000000e+01
-1.028028797030145292e+01 2.211019772232167213e+01 7.500000000000000000e+01
-1.068130115099019584e+01 2.212845133352138305e+01 7.500000000000000000e+01
-1.108268365524967614e+01 2.214669166917197529e+01 7.500000000000000000e+01
-1.148442607890821421e+01 2.216492045812550060e+01 7.500000000000000000e+01
-1.188651906118214718e+01 2.218313943847558889e+01 7.500000000000000000e+01
-1.228895328159966205e+01 2.220135035814502444e+01 7.500000000000000000e+01
-1.269171945690759351e+01 2.221955497548725234e+01 7.500000000000000000e+01
-1.309480833795895727e+01 2.223775505990214896e+01 7.500000000000000000e+01
-1.349821070657942812e+01 2.225595239246659673e+01 7.500000000000000000e+01
-1.390191737241030623e+01 2.227414876658025378e+01 7.500000000000000000e+01
-1.430591916972617028e+01 2.229234598862705496e+01 7.500000000000000000e+01
-1.471020695422454949e+01 2.231054587865285299e+01 7.500000000000000000e+01
-1.511477159978549523e+01 2.232875027105989574e+01 7.500000000000000000e+01
-1.551960399519872169e+01 2.234696101531852719e+01 7.500000000000000000e+01
-1.592469504085538468e+01 2.236517997669673719e+01 7.500000000000000000e+01
-1.633003564540258523e+01 2.238340903700824924e+01 7.500000000000000000e+01
-1.673561672235712905e+01 2.240165009537961183e+01 7.500000000000000000e+01
-1.714142918667647564e+01 2.241990506903711022e+01 7.500000000000000000e+01
-1.754746395128353953e+01 2.243817589411407454e+01 7.500000000000000000e+01
-1.795371192354255996e+01 2.245646452647929436e+01 7.500000000000000000e+01
-1.836016400168304941e+01 2.247477294258736080e+01 7.500000000000000000e+01
-1.876681107116829850e+01 2.249310314035159664e+01 7.500000000000000000e+01
-1.917364400100559152e+01 2.251145714004047704e+01 7.500000000000000000e+01
-1.958065363999428143e+01 2.252983698519825495e+01 7.500000000000000000e+01
-1.998783081290856956e+01 2.254824474359077868e+01 7.500000000000000000e+01
-2.039516631661077284e+01 2.256668250817731547e+01 7.500000000000000000e+01
-2.080265091609201988e+01 2.258515239810932229e+01 7.500000000000000000e+01
-2.121027534043557594e+01 2.260365655975719079e+01 7.500000000000000000e+01
-2.161803027869925486e+01 2.262219716776588996e+01 7.500000000000000000e+01
-2.202590637571246290e+01 2.264077642614062924e+01 7.500000000000000000e+01
-2.243389422778325937e+01 2.265939656936354751e+01 7.500000000000000000e+01
-2.284198437831118511e+01 2.267805986354266068e+01 7.500000000000000000e+01
-2.325016731330056885e+01 2.269676860759413373e+01 7.500000000000000000e+01
-2.365843345676978871e+01 2.271552513445914911e+01 7.500000000000000000e+01
-2.406677316605097516e+01 2.273433181235662204e+01 7.500000000000000000e+01
-2.447517672697468427e+01 2.275319104607305576e+01 7.500000000000000000e+01
-2.488363434893436832e+01 2.277210527829092968e+01 7.500000000000000000e+01
-2.529213615982410701e+01 2.279107699095695949e+01 7.500000000000000000e+01
-2.570067220084419901e+01 2.281010870669174295e+01 7.500000000000000000e+01
-2.610923242116740184e+01 2.282920299024231170e+01 7.500000000000000000e+01
-2.651780667246020684e+01 2.284836244997907784e+01 7.500000000000000000e+01
-2.692638470325127287e+01 2.286758973943889828e+01 7.500000000000000000e+01
-2.733495615314042482e+01 2.288688755891581650e+01 7.500000000000000000e+01
-2.774351054684036200e+01 2.290625865710137887e+01 7.500000000000000000e+01
-2.815203728804361560e+01 2.292570583277615270e+01 7.500000000000000000e+01
-2.856052565310597657e+01 2.294523193655444615e+01 7.500000000000000000e+01
-2.896896478453844637e+01 2.296483987268404903e+01 7.500000000000000000e+01
-2.937734368429854115e+01 2.298453260090309058e+01 7.500000000000000000e+01
-2.978565120687157375e+01 2.300431313835603220e+01 7.500000000000000000e+01
-3.019387605213219317e+01 2.302418456157082005e+01 7.500000000000000000e+01
-3.060200675797650050e+01 2.304415000849959583e+01 7.500000000000000000e+01
-3.101003169271341875e+01 2.306421268062508645e+01 7.500000000000000000e+01
-3.141793904720479347e+01 2.308437584513502472e+01 7.500000000000000000e+01
-3.182571682674246105e+01 2.310464283716708422e+01 7.500000000000000000e+01
-3.223335284265034062e+01 2.312501706212672659e+01 7.500000000000000000e+01
-3.264083470359867079e+01 2.314550199808064690e+01 7.500000000000000000e+01
-3.304814980661763713e+01 2.316610119822825808e+01 7.500000000000000000e+01
-3.345528532779608355e+01 2.318681829345411671e+01 7.500000000000000000e+01
-3.386222821265143779e+01 2.320765699496397971e+01 7.500000000000000000e+01
-3.426896516615551747e+01 2.322862109700726307e+01 7.500000000000000000e+01
-3.467548264240033973e+01 2.324971447968908933e+01 7.500000000000000000e+01
-3.508176683388791872e+01 2.327094111187453862e+01 7.500000000000000000e+01
-3.548780366042675638e+01 2.329230505418853170e+01 7.500000000000000000e+01
-3.589357875761634631e+01 2.331381046211419772e+01 7.500000000000000000e+01
-3.629907746490236775e+01 2.333546158919308766e+01 7.500000000000000000e+01
-3.670428481318144520e+01 2.335726279033036690e+01 7.500000000000000000e+01
-3.710918551193596926e+01 2.337921852520827670e+01 7.500000000000000000e+01
-3.751376393587697322e+01 2.340133336181130375e+01 7.500000000000000000e+01
-3.791800411107323754e+01 2.342361198006626566e+01 7.500000000000000000e+01
-3.832188970054257737e+01 2.344605917560087249e+01 7.500000000000000000e+01
-3.872540398928135374e+01 2.346867986362394731e+01 7.500000000000000000e+01
-3.912852986870652217e+01 2.349147908293100073e+01 7.500000000000000000e+01
-3.953124982048347391e+01 2.351446200003828224e+01 7.500000000000000000e+01
-3.993354589971210089e+01 2.353763391344881128e+01 7.500000000000000000e+01
-4.033539971744181685e+01 2.356100025805373832e+01 7.500000000000000000e+01
-4.073679242248510946e+01 2.358456660967214091e+01 7.500000000000000000e+01
-4.113770468249855838e+01 2.360833868973254823e+01 7.500000000000000000e+01
-4.153811666429783855e+01 2.363232237009912495e+01 7.500000000000000000e+01
-4.193800801337248174e+01 2.365652367804546330e+01 7.500000000000000000e+01
-4.233735783256496887e+01 2.368094880137858738e+01 7.500000000000000000e+01
-4.273614465987633082e+01 2.370560409371569222e+01 7.500000000000000000e+01
-4.313434644536030049e+01 2.373049607991573495e+01 7.500000000000000000e+01
-4.353194052706493977e+01 2.375563146166778239e+01 7.500000000000000000e+01
-4.392890360598040189e+01 2.378101712323752537e+01 7.500000000000000000e+01
-4.432521171994943643e+01 2.380666013737301867e+01 7.500000000000000000e+01
-4.472084021649509111e+01 2.383256777137009053e+01 7.500000000000000000e+01
-4.511576372451980887e+01 2.385874749329740396e+01 7.500000000000000000e+01
-4.550995612482652319e+01 2.388520697838026408e+01 7.500000000000000000e+01
-4.590339051941295878e+01 2.391195411554168615e+01 7.500000000000000000e+01
-4.629603919948669244e+01 2.393899701409822711e+01 7.500000000000000000e+01
-4.668787361214867104e+01 2.396634401060697783e+01 7.500000000000000000e+01
-4.707886432568994906e+01 2.400000000000000000e+01 7.500000000000000000e+01
