-4.729147642036319432e+00 0.000000000000000000e+00 7.500000000000000000e+01
-4.335151916675830108e+00 2.171633910634451076e-02 7.500000000000000000e+01
-3.941685270557530263e+00 4.043554279918615962e-02 7.500000000000000000e+01
-3.548758165944846610e+00 5.919640417195033005e-02 7.500000000000000000e+01
-3.156381126147236316e+00 7.800057545544977766e-02 7.500000000000000000e+01
-2.764564779082538504e+00 9.684970331856672388e-02 7.500000000000000000e+01
-2.373319893815657888e+00 1.157454304109289955e-01 7.500000000000000000e+01
-1.982657399531063680e+00 1.346893976546988114e-01 7.500000000000000000e+01
-1.592588387099578950e+00 1.536832464204802295e-01 7.500000000000000000e+01
-1.203124100223059711e+00 1.727286200862532262e-01 7.500000000000000000e+01
-8.142759238048659087e-01 1.918271649134556389e-01 7.500000000000000000e+01
-4.260553743816315464e-01 2.109805304219509459e-01 7.500000000000000000e+01
-3.847409436077291189e-02 2.301903694930273470e-01 7.500000000000000000e+01
3.484561501171551945e-01 2.494583383739301385e-01 7.500000000000000000e+01
7.347234686135617476e-01 2.687860966820960207e-01 7.500000000000000000e+01
1.120315844095820967e+00 2.881753074502843570e-01 7.500000000000000000e+01
1.505221129663598223e+00 3.076276372209855725e-01 7.500000000000000000e+01
1.889427044793263288e+00 3.271447561834661677e-01 7.500000000000000000e+01
2.272921171395104967e+00 3.467283383422027909e-01 7.500000000000000000e+01
2.655690949839502935e+00 3.663800617056018338e-01 7.500000000000000000e+01
3.037723675024990300e+00 3.861016084857751829e-01 7.500000000000000000e+01
3.419006492515697104e+00 4.058946653024607665e-01 7.500000000000000000e+01
3.799526394749789926e+00 4.257609233859685482e-01 7.500000000000000000e+01
4.179270217311439772e+00 4.457020787756332258e-01 7.500000000000000000e+01
4.558224635253948165e+00 4.657198325112635318e-01 7.500000000000000000e+01
4.936376159460940549e+00 4.858158908158228262e-01 7.500000000000000000e+01
5.313711133034921374e+00 5.059919652681224012e-01 7.500000000000000000e+01
5.690215727703344051e+00 5.262497729646119504e-01 7.500000000000000000e+01
6.065875940234004560e+00 5.465910366695369005e-01 7.500000000000000000e+01
6.440677588854348379e+00 5.670174849529263650e-01 7.500000000000000000e+01
6.814606309669059669e+00 5.875308523158815355e-01 7.500000000000000000e+01
7.187647553073419182e+00 6.081328793027491741e-01 7.500000000000000000e+01
7.559786580159172154e+00 6.288253125997171900e-01 7.500000000000000000e+01
7.931008459111174247e+00 6.496099051193966467e-01 7.500000000000000000e+01
8.301298061594446054e+00 6.704884160709891905e-01 7.500000000000000000e+01
8.670640059129997468e+00 6.914626110155230876e-01 7.500000000000000000e+01
9.039018919460250601e+00 7.125342619057534188e-01 7.500000000000000000e+01
9.406418902903975976e+00 7.337051471101920797e-01 7.500000000000000000e+01
9.772824058700827266e+00 7.549770514207334582e-01 7.500000000000000000e+01
1.013821822134755024e+01 7.763517660434244849e-01 7.500000000000000000e+01
1.050258500692537744e+01 7.978310885716790590e-01 7.500000000000000000e+01
1.086590780942148093e+01 8.194168229414803273e-01 7.500000000000000000e+01
1.122816979704519547e+01 8.411107793678801459e-01 7.500000000000000000e+01
1.158935390854066938e+01 8.629147742621523509e-01 7.500000000000000000e+01
1.194944284949859004e+01 8.848306301289814435e-01 7.500000000000000000e+01
1.230841908866875478e+01 9.068601754429598261e-01 7.500000000000000000e+01
1.266626485427553028e+01 9.290052445036647288e-01 7.500000000000000000e+01
1.302296213033974936e+01 9.512676772686261550e-01 7.500000000000000000e+01
1.337849265300858193e+01 9.736493191633400768e-01 7.500000000000000000e+01
1.373283790689740336e+01 9.961520208676007959e-01 7.500000000000000000e+01
1.408597912144651332e+01 1.018777638077312586e+00 7.500000000000000000e+01
1.443789726729556300e+01 1.041528031240894103e+00 7.500000000000000000e+01
1.478857305268050304e+01 1.064405065269493633e+00 7.500000000000000000e+01
1.513798691985557987e+01 1.087410609220018642e+00 7.500000000000000000e+01
1.548611904154549634e+01 1.110546535950173386e+00 7.500000000000000000e+01
1.583294931743178147e+01 1.133814721744467180e+00 7.500000000000000000e+01
1.617845737067744949e+01 1.157217045910293063e+00 7.500000000000000000e+01
1.652262254449581391e+01 1.180755390343087852e+00 7.500000000000000000e+01
1.686542389876734660e+01 1.204431639059533987e+00 7.500000000000000000e+01
1.720684020671111725e+01 1.228247677697830165e+00 7.500000000000000000e+01
1.754684995161582250e+01 1.252205392983966270e+00 7.500000000000000000e+01
1.788543132363630050e+01 1.276306672162933475e+00 7.500000000000000000e+01
1.822256221666218323e+01 1.300553402393815894e+00 7.500000000000000000e+01
1.855822022526514914e+01 1.324947470107698422e+00 7.500000000000000000e+01
1.889238264173108561e+01 1.349490760327218597e+00 7.500000000000000000e+01
1.922502645318543557e+01 1.374185155946761938e+00 7.500000000000000000e+01
1.955612833881803070e+01 1.399032536972082186e+00 7.500000000000000000e+01
1.988566466721611192e+01 1.424034779718297727e+00 7.500000000000000000e+01
2.021361149381358757e+01 1.449193755965128672e+00 7.500000000000000000e+01
2.053994455846449441e+01 1.474511332068213720e+00 7.500000000000000000e+01
2.086463928315047767e+01 1.499989368025455017e+00 7.500000000000000000e+01
2.118767076983056796e+01 1.525629716497214128e+00 7.500000000000000000e+01
2.150901379844371775e+01 1.551434221779322886e+00 7.500000000000000000e+01
2.182864282507351916e+01 1.577404718727787536e+00 7.500000000000000000e+01
2.214653198028541681e+01 1.603543031634113047e+00 7.500000000000000000e+01
2.246265506764776276e+01 1.629850973050266161e+00 7.500000000000000000e+01
2.277698556244687822e+01 1.656330342562183811e+00 7.500000000000000000e+01
2.308949661060832170e+01 1.682982925510928318e+00 7.500000000000000000e+01
2.340016102783599550e+01 1.709810491660513243e+00 7.500000000000000000e+01
2.370895129898088882e+01 1.736814793811491953e+00 7.500000000000000000e+01
2.401583957765267030e+01 1.763997566359526203e+00 7.500000000000000000e+01
2.432079768608666370e+01 1.791360523798113391e+00 7.500000000000000000e+01
2.462379711527939818e+01 1.818905359164747493e+00 7.500000000000000000e+01
2.492480902540685150e+01 1.846633742429941272e+00 7.500000000000000000e+01
2.522380424653865205e+01 1.874547318828447384e+00 7.500000000000000000e+01
2.552075327966316820e+01 1.902647707132312682e+00 7.500000000000000000e+01
2.581562629803788056e+01 1.930936497865330947e+00 7.500000000000000000e+01
2.610839314887954288e+01 1.959415251458607177e+00 7.500000000000000000e+01
2.639902335541006551e+01 1.988085496347179459e+00 7.500000000000000000e+01
2.668748611927273373e+01 2.016948727007544573e+00 7.500000000000000000e+01
2.697375032333507150e+01 2.046006401936298236e+00 7.500000000000000000e+01
2.725778453489390785e+01 2.075259941570095634e+00 7.500000000000000000e+01
2.753955700929846273e+01 2.104710726147319466e+00 7.500000000000000000e+01
2.781903569400835963e+01 2.134360093512106094e+00 7.500000000000000000e+01
2.809618823310182023e+01 2.164209336861366406e+00 7.500000000000000000e+01
2.837098197225138918e+01 2.194259702435846116e+00 7.500000000000000000e+01
2.864338396418294863e+01 2.224512387156296178e+00 7.500000000000000000e+01
2.891336097463447530e+01 2.254968536206092278e+00 7.500000000000000000e+01
2.918087948883103877e+01 2.285629240561910080e+00 7.500000000000000000e+01
2.944590571849211713e+01 2.316495534474226403e+00 7.500000000000000000e+01
2.970840560938695063e+01 2.347568392899646028e+00 7.500000000000000000e+01
2.996834484945433630e+01 2.378848728887443364e+00 7.500000000000000000e+01
3.022568887750135502e+01 2.410337390922740575e+00 7.500000000000000000e+01
3.048040289249707158e+01 2.442035160229263813e+00 7.500000000000000000e+01
3.073245186347547175e+01 2.473942748034741346e+00 7.500000000000000000e+01
3.098180054006123640e+01 2.506060792802313308e+00 7.500000000000000000e+01
3.122841346363303217e+01 2.538389857431737617e+00 7.500000000000000000e+01
3.147225497913587233e+01 2.570930426434324900e+00 7.500000000000000000e+01
3.171328924755577816e+01 2.603682903085994926e+00 7.500000000000000000e+01
3.195148025906724243e+01 2.636647606563074397e+00 7.500000000000000000e+01
3.218679184686398287e+01 2.669824769065817449e+00 7.500000000000000000e+01
3.241918770168253872e+01 2.703214532934991254e+00 7.500000000000000000e+01
3.264863138702629897e+01 2.736816947767108932e+00 7.500000000000000000e+01
3.287508635509733779e+01 2.770631967534378681e+00 7.500000000000000000e+01
3.309851596344149272e+01 2.804659447715618814e+00 7.500000000000000000e+01
3.331888349231051194e+01 2.838899142444769819e+00 7.500000000000000000e+01
3.353615216274426558e+01 2.873350701684063147e+00 7.500000000000000000e+01
3.375028515537395890e+01 2.908013668429068055e+00 7.500000000000000000e+01
3.396124562994484108e+01 2.942887475953221976e+00 7.500000000000000000e+01
3.416899674555696720e+01 2.977971445099836689e+00 7.500000000000000000e+01
3.437350168161822239e+01 3.013264781629665823e+00 7.500000000000000000e+01
3.457472365950369664e+01 3.048766573632612165e+00 7.500000000000000000e+01
3.477262596491262059e+01 3.084475789012264713e+00 7.500000000000000000e+01
3.496717197091098228e+01 3.120391273052203651e+00 7.500000000000000000e+01
3.515832516164788046e+01 3.156511746073336955e+00 7.500000000000000000e+01
3.534604915672855441e+01 3.192835801191542533e+00 7.500000000000000000e+01
3.553030773622653982e+01 3.229361902185218014e+00 7.500000000000000000e+01
3.571106486631414612e+01 3.266088381482380232e+00 7.500000000000000000e+01
3.588828472548750881e+01 3.303013438277005775e+00 7.500000000000000000e+01
3.606193173136055918e+01 3.340135136784517567e+00 7.500000000000000000e+01
3.623197056799870097e+01 3.377451404646139022e+00 7.500000000000000000e+01
3.639836621376129244e+01 3.414960031491972803e+00 7.500000000000000000e+01
3.656108396961800366e+01 3.452658667672547921e+00 7.500000000000000000e+01
3.672008948790256255e+01 3.490544823168344468e+00 7.500000000000000000e+01
3.687534880146375826e+01 3.528615866686875435e+00 7.500000000000000000e+01
3.702682835317153831e+01 3.566869024956461409e+00 7.500000000000000000e+01
3.717449502573253994e+01 3.605301382225658990e+00 7.500000000000000000e+01
3.731831617176780469e+01 3.643909879977063948e+00 7.500000000000000000e+01
3.745825964410154540e+01 3.682691316863623943e+00 7.500000000000000000e+01
3.759429382620867699e+01 3.721642348875396689e+00 7.500000000000000000e+01
3.772638766276553923e+01 3.760759489744043726e+00 7.500000000000000000e+01
3.785451069024600912e+01 3.800039111591823726e+00 7.500000000000000000e+01
3.797863306750384282e+01 3.839477445831367852e+00 7.500000000000000000e+01
3.809872560627884042e+01 3.879070584321661297e+00 7.500000000000000000e+01
3.821475980156411367e+01 3.918814480785166587e+00 7.500000000000000000e+01
3.832670786176862521e+01 3.958704952490105011e+00 7.500000000000000000e+01
3.843454273860888293e+01 3.998737682201155330e+00 7.500000000000000000e+01
3.853823815666188324e+01 4.038908220401045135e+00 7.500000000000000000e+01
3.863776864251083509e+01 4.079211987784450599e+00 7.500000000000000000e+01
3.873310955341379724e+01 4.119644278024893858e+00 7.500000000000000000e+01
3.882423710542595074e+01 4.160200260814194806e+00 7.500000000000000000e+01
3.891112840090506353e+01 4.200874985173049581e+00 7.500000000000000000e+01
3.899376145533053517e+01 4.241663383030433110e+00 7.500000000000000000e+01
3.907211522336628917e+01 4.282560273068277468e+00 7.500000000000000000e+01
3.914616962409896672e+01 4.323560364826934510e+00 7.500000000000000000e+01
3.921590556538349404e+01 4.364658263065904542e+00 7.500000000000000000e+01
3.928130496722974385e+01 4.405848472373085301e+00 7.500000000000000000e+01
3.934235078416539011e+01 4.447125402014961537e+00 7.500000000000000000e+01
3.939902702651216515e+01 4.488483371018919144e+00 7.500000000000000000e+01
3.945131878051492436e+01 4.529916613477904086e+00 7.500000000000000000e+01
3.949921222726560188e+01 4.571419284066747579e+00 7.500000000000000000e+01
3.954269466036653569e+01 4.612985463758316307e+00 7.500000000000000000e+01
3.958175450228179670e+01 4.654609165726908415e+00 7.500000000000000000e+01
3.961638131932695472e+01 4.696284341425371878e+00 7.500000000000000000e+01
3.964656583525312783e+01 4.738004886821500783e+00 7.500000000000000000e+01
3.967229994338384813e+01 4.779764648778740188e+00 7.500000000000000000e+01
3.969357671726769610e+01 4.821557431565247853e+00 7.500000000000000000e+01
3.971039041981447326e+01 4.863377003474966820e+00 7.500000000000000000e+01
3.972273651088601554e+01 4.905217103543744628e+00 7.500000000000000000e+01
3.973061165331940714e+01 4.947071448342918565e+00 7.500000000000000000e+01
3.973401371736231624e+01 4.988933738832705522e+00 7.500000000000000000e+01
3.973401371736231624e+01 4.988933738832705522e+00 7.500000000000000000e+01
3.973294178350796102e+01 5.030797667257157713e+00 7.500000000000000000e+01
3.972739614372039085e+01 5.072656924062338035e+00 7.500000000000000000e+01
3.971737830104588340e+01 5.114505204819348450e+00 7.500000000000000000e+01
3.970289096761234049e+01 5.156336217133644872e+00 7.500000000000000000e+01
3.968393806102253052e+01 5.198143687522263079e+00 7.500000000000000000e+01
3.966052469915221934e+01 5.239921368240739064e+00 7.500000000000000000e+01
3.963265719337024251e+01 5.281663044041648547e+00 7.500000000000000000e+01
3.960034304020025786e+01 5.323362538847187686e+00 7.500000000000000000e+01
3.956359091145093743e+01 5.365013722318488831e+00 7.500000000000000000e+01
3.952241064284464045e+01 5.406610516305008218e+00 7.500000000000000000e+01
3.947681322117898617e+01 5.448146901157786992e+00 7.500000000000000000e+01
3.942681077006078993e+01 5.489616921891134815e+00 7.500000000000000000e+01
3.937241653425503074e+01 5.531014694177969204e+00 7.500000000000000000e+01
3.931364486269567493e+01 5.572334410164850205e+00 7.500000000000000000e+01
3.925051119020871937e+01 5.613570344093602671e+00 7.500000000000000000e+01
3.918303201800110003e+01 5.654716857717299483e+00 7.500000000000000000e+01
3.911122489297185467e+01 5.695768405499328502e+00 7.500000000000000000e+01
3.903510838590500498e+01 5.736719539585271477e+00 7.500000000000000000e+01
3.895470206860589002e+01 5.777564914538317886e+00 7.500000000000000000e+01
3.887002649004431021e+01 5.818299291829948316e+00 7.500000000000000000e+01
3.878110315157116617e+01 5.858917544078712680e+00 7.500000000000000000e+01
3.868795448127416137e+01 5.899414659030981056e+00 7.500000000000000000e+01
3.859060380754238651e+01 5.939785743278591212e+00 7.500000000000000000e+01
3.848907533190772767e+01 5.980026025709404891e+00 7.500000000000000000e+01
3.838339410123366235e+01 6.020130860687800123e+00 7.500000000000000000e+01
3.827358597932092721e+01 6.060095730963218408e+00 7.500000000000000000e+01
3.815967761800024505e+01 6.099916250305807530e+00 7.500000000000000000e+01
3.804169642778166605e+01 6.139588165869319880e+00 7.500000000000000000e+01
3.791967054812978688e+01 6.179107360282225514e+00 7.500000000000000000e+01
3.779362881743287517e+01 6.218469853469044573e+00 7.500000000000000000e+01
3.766360074273323733e+01 6.257671804204699484e+00 7.500000000000000000e+01
3.752961646928480377e+01 6.296709511405552462e+00 7.500000000000000000e+01
3.739170675000195132e+01 6.335579415161599393e+00 7.500000000000000000e+01
3.724990291486263772e+01 6.374278097514944896e+00 7.500000000000000000e+01
3.710423684032641489e+01 6.412802282990478275e+00 7.500000000000000000e+01
3.695474091882594792e+01 6.451148838885176318e+00 7.500000000000000000e+01
3.680144802838866269e+01 6.489314775323170359e+00 7.500000000000000000e+01
3.664439150244275112e+01 6.527297245084080934e+00 7.500000000000000000e+01
3.648360509985909772e+01 6.565093543212714877e+00 7.500000000000000000e+01
3.631912297527837552e+01 6.602701106418552790e+00 7.500000000000000000e+01
3.615097964977006484e+01 6.640117512273816303e+00 7.500000000000000000e+01
3.597920998186706498e+01 6.677340478219246478e+00 7.500000000000000000e+01
3.580384913901718136e+01 6.714367860386875719e+00 7.500000000000000000e+01
3.562493256949010600e+01 6.751197652249381953e+00 7.500000000000000000e+01
3.544249597477508473e+01 6.787827983105658269e+00 7.500000000000000000e+01
3.525657528250323480e+01 6.824257116412366209e+00 7.500000000000000000e+01
3.506720661992308408e+01 6.860483447971327919e+00 7.500000000000000000e+01
3.487442628795851363e+01 6.896505503982504948e+00 7.500000000000000000e+01
3.467827073587269382e+01 6.932321938972425102e+00 7.500000000000000000e+01
3.447877653656061625e+01 6.967931533607684358e+00 7.500000000000000000e+01
3.427598036248970459e+01 7.003333192403214724e+00 7.500000000000000000e+01
3.406991896230560712e+01 7.038525941334687452e+00 7.500000000000000000e+01
3.386062913811750263e+01 7.073508925364377475e+00 7.500000000000000000e+01
3.364814772347557437e+01 7.108281405889586679e+00 7.500000000000000000e+01
3.343251156205020180e+01 7.142842758122430524e+00 7.500000000000000000e+01
3.321375748702061514e+01 7.177192468409677950e+00 7.500000000000000000e+01
3.299192230117920133e+01 7.211330131500899299e+00 7.500000000000000000e+01
3.276704275775433217e+01 7.245255447773072177e+00 7.500000000000000000e+01
3.253915554195413051e+01 7.278968220419339552e+00 7.500000000000000000e+01
3.230829725323049928e+01 7.312468352609453603e+00 7.500000000000000000e+01
3.207450438826250405e+01 7.345755844628969022e+00 7.500000000000000000e+01
3.183781332465488489e+01 7.378830791004073575e+00 7.500000000000000000e+01
3.159826030534730279e+01 7.411693377618494338e+00 7.500000000000000000e+01
3.135588142372827747e+01 7.444343878828648897e+00 7.500000000000000000e+01
3.111071260944600070e+01 7.476782654582886600e+00 7.500000000000000000e+01
3.086278961490721429e+01 7.509010147550251091e+00 7.500000000000000000e+01
3.061214800245500101e+01 7.541026880263975052e+00 7.500000000000000000e+01
3.035882313221410200e+01 7.572833452284480238e+00 7.500000000000000000e+01
3.010285015059235647e+01 7.604430537386417832e+00 7.500000000000000000e+01
2.984426397942576514e+01 7.635818880773904027e+00 7.500000000000000000e+01
2.958309930575402547e+01 7.666999296327826841e+00 7.500000000000000000e+01
2.931939057221260825e+01 7.697972663888769773e+00 7.500000000000000000e+01
2.905317196802722890e+01 7.728739926578833241e+00 7.500000000000000000e+01
2.878447742059535130e+01 7.759302088165315858e+00 7.500000000000000000e+01
2.851334058764020085e+01 7.789660210468952961e+00 7.500000000000000000e+01
2.823979484992098676e+01 7.819815410819114909e+00 7.500000000000000000e+01
2.796387330448376929e+01 7.849768859558191814e+00 7.500000000000000000e+01
2.768560875843692060e+01 7.879521777597009446e+00 7.500000000000000000e+01
2.740503372323492925e+01 7.909075434023013607e+00 7.500000000000000000e+01
2.712218040945403530e+01 7.938431143762642250e+00 7.500000000000000000e+01
2.683708072204355588e+01 7.967590265299162589e+00 7.500000000000000000e+01
2.654976625603645957e+01 7.996554198446979456e+00 7.500000000000000000e+01
2.626026829270270468e+01 8.025324382183260497e+00 7.500000000000000000e+01
2.596861779612938648e+01 8.053902292537580720e+00 7.500000000000000000e+01
2.567484541021129729e+01 8.082289440540002090e+00 7.500000000000000000e+01
2.537898145603623945e+01 8.110487370228018023e+00 7.500000000000000000e+01
2.508105592964898278e+01 8.138497656712454287e+00 7.500000000000000000e+01
2.478109850017860794e+01 8.166321904302417778e+00 7.500000000000000000e+01
2.447913850831382376e+01 8.193961744689188365e+00 7.500000000000000000e+01
2.417520496511111361e+01 8.221418835188874397e+00 7.500000000000000000e+01
2.386932655112122248e+01 8.248694857043432194e+00 7.500000000000000000e+01
2.356153161581922006e+01 8.275791513779775954e+00 7.500000000000000000e+01
2.325184817732412057e+01 8.302710529626263991e+00 7.500000000000000000e+01
2.294030392239445604e+01 8.329453647986165166e+00 7.500000000000000000e+01
2.262692620668605059e+01 8.356022629967275961e+00 7.500000000000000000e+01
2.231174205525891807e+01 8.382419252967027390e+00 7.500000000000000000e+01
2.199477816332073132e+01 8.408645309312236193e+00 7.500000000000000000e+01
2.167606089719432205e+01 8.434702604952660110e+00 7.500000000000000000e+01
2.135561629549722795e+01 8.460592958207394432e+00 7.500000000000000000e+01
2.103347007052148854e+01 8.486318198563246540e+00 7.500000000000000000e+01
2.070964760980269759e+01 8.511880165523974640e+00 7.500000000000000000e+01
2.038417397786720286e+01 8.537280707509490085e+00 7.500000000000000000e+01
2.005707391814697260e+01 8.562521680803847346e+00 7.500000000000000000e+01
1.972837185505197510e+01 8.587604948551071260e+00 7.500000000000000000e+01
1.939809189619010255e+01 8.612532379797624316e+00 7.500000000000000000e+01
1.906625783472570035e+01 8.637305848580474787e+00 7.500000000000000000e+01
1.873289315186694637e+01 8.661927233059641296e+00 7.500000000000000000e+01
1.839802101947390511e+01 8.686398414694053827e+00 7.500000000000000000e+01
1.806166430277869850e+01 8.710721277459672507e+00 7.500000000000000000e+01
1.772384556320968230e+01 8.734897707108702392e+00 7.500000000000000000e+01
1.738458706131195441e+01 8.758929590468786941e+00 7.500000000000000000e+01
1.704391075975723524e+01 8.782818814781071737e+00 7.500000000000000000e+01
1.670183832643529342e+01 8.806567267076074401e+00 7.500000000000000000e+01
1.635839113762101604e+01 8.830176833586193652e+00 7.500000000000000000e+01
1.601359028121018824e+01 8.853649399193841418e+00 7.500000000000000000e+01
1.566745656001808307e+01 8.876986846914094897e+00 7.500000000000000000e+01
1.532001049513498359e+01 8.900191057410847151e+00 7.500000000000000000e+01
1.497127232933308960e+01 8.923263908545402856e+00 7.500000000000000000e+01
1.462126203051963280e+01 8.946207274956501365e+00 7.500000000000000000e+01
1.426999929523103461e+01 8.969023027670793624e+00 7.500000000000000000e+01
1.391750355216356105e+01 8.991713033742797734e+00 7.500000000000000000e+01
1.356379396573601248e+01 9.014279155923338394e+00 7.500000000000000000e+01
1.320888943967981000e+01 9.036723252355612246e+00 7.500000000000000000e+01
1.285280862065306806e+01 9.059047176297926995e+00 7.500000000000000000e+01
1.249556990187443084e+01 9.081252775872204808e+00 7.500000000000000000e+01
1.213719142677335228e+01 9.103341893837468390e+00 7.500000000000000000e+01
1.177769109265324765e+01 9.125316367387396710e+00 7.500000000000000000e+01
1.141708655436461584e+01 9.147178027971198944e+00 7.500000000000000000e+01
1.105539522798507157e+01 9.168928701136970005e+00 7.500000000000000000e+01
1.069263429450347580e+01 9.190570206396808217e+00 7.500000000000000000e+01
1.032882070350577308e+01 9.212104357112925967e+00 7.500000000000000000e+01
9.963971176859763190e+00 9.233532960404069456e+00 7.500000000000000000e+01
9.598102212397114030e+00 9.254857817071533432e+00 7.500000000000000000e+01
9.231230087590025946e+00 9.276080721544143870e+00 7.500000000000000000e+01
8.863370863221019746e+00 9.297203461841505145e+00 7.500000000000000000e+01
8.494540387043739926e+00 9.318227819555000124e+00 7.500000000000000000e+01
8.124754297433552708e+00 9.339155569845834393e+00 7.500000000000000000e+01
7.754028027025947623e+00 9.359988481459675214e+00 7.500000000000000000e+01
7.382376806341919284e+00 9.380728316757249274e+00 7.500000000000000000e+01
7.009815667398695993e+00 9.401376831760428487e+00 7.500000000000000000e+01
6.636359447304926995e+00 9.421935776213311797e+00 7.500000000000000000e+01
6.262022791839204849e+00 9.442406893657798506e+00 7.500000000000000000e+01
5.886820159011123543e+00 9.462791921523241001e+00 7.500000000000000000e+01
5.510765822604184905e+00 9.483092591229722146e+00 7.500000000000000000e+01
5.133873875699507039e+00 9.503310628304552310e+00 7.500000000000000000e+01
4.756158234180317912e+00 9.523447752511629005e+00 7.500000000000000000e+01
4.377632640216281068e+00 9.543505677993248781e+00 7.500000000000000000e+01
3.998310665727454527e+00 9.563486113424094270e+00 7.500000000000000000e+01
3.618205715827704338e+00 9.583390762176982491e+00 7.500000000000000000e+01
3.237331032246893781e+00 9.603221322500179014e+00 7.500000000000000000e+01
2.855699696732451276e+00 9.622979487705919155e+00 7.500000000000000000e+01
2.473324634429356461e+00 9.642666946369892855e+00 7.500000000000000000e+01
2.090218617239416155e+00 9.662285382541464074e+00 7.500000000000000000e+01
1.706394267159165201e+00 9.681836475964404443e+00 7.500000000000000000e+01
1.321864059597154251e+00 9.701321902307878275e+00 7.500000000000000000e+01
9.366403266702705288e-01 9.720743333407606102e+00 7.500000000000000000e+01
5.507352604798617657e-01 9.740102437516901190e+00 7.500000000000000000e+01
1.641609163676492900e-01 9.759400879567527554e+00 7.500000000000000000e+01
-2.230707838480282534e-01 9.778640321440212446e+00 7.500000000000000000e+01
-6.109480486551804868e-01 9.797822422244694351e+00 7.500000000000000000e+01
-9.994592136500106694e-01 9.816948838609183881e+00 7.500000000000000000e+01
-1.388592738356775325e+00 9.836021224979237587e+00 7.500000000000000000e+01
-1.778337203065436967e+00 9.855041233925868838e+00 7.500000000000000000e+01
-2.168681305686075866e+00 9.874010516462909948e+00 7.500000000000000000e+01
-2.559613858619636861e+00 9.892930722373627361e+00 7.500000000000000000e+01
-2.951123785644205189e+00 9.911803500546463752e+00 7.500000000000000000e+01
-3.343200118815747857e+00 9.930630499320018956e+00 7.500000000000000000e+01
-3.735831995382972615e+00 9.949413366837225325e+00 7.500000000000000000e+01
-4.129008654714869664e+00 9.968153751408769025e+00 7.500000000000000000e+01
-4.522719435240467156e+00 9.986853301885776801e+00 7.500000000000000000e+01
-4.916953771399440676e+00 1.000551366804189435e+01 7.500000000000000000e+01
-5.311701190602856393e+00 1.002413650096476871e+01 7.500000000000000000e+01
-5.706951310202730276e+00 1.004272345345704665e+01 7.500000000000000000e+01
-6.102693834469492096e+00 1.006127618044706473e+01 7.500000000000000000e+01
-6.498918551576066349e+00 1.007979633940923492e+01 7.500000000000000000e+01
-6.895615330587369307e+00 1.009828559079440424e+01 7.500000000000000000e+01
-7.292774118454131482e+00 1.011674559847024035e+01 7.500000000000000000e+01
-7.690384937009482336e+00 1.013517803017188257e+01 7.500000000000000000e+01
-8.088437879967314004e+00 1.015358455796302017e+01 7.500000000000000000e+01
-8.486923109920626374e+00 1.017196685870763595e+01 7.500000000000000000e+01
-8.885830855338857859e+00 1.019032661455259614e+01 7.500000000000000000e+01
-9.285151407562354464e+00 1.020866551342135864e+01 7.500000000000000000e+01
-9.684875117792739019e+00 1.022698524951908716e+01 7.500000000000000000e+01
-1.008499239407737313e+01 1.024528752384935260e+01 7.500000000000000000e+01
-1.048549369828647215e+01 1.026357404474284252e+01 7.500000000000000000e+01
-1.088636954308111804e+01 1.028184652839828317e+01 7.500000000000000000e+01
-1.128761048887038143e+01 1.030010669943596824e+01 7.500000000000000000e+01
-1.168920714075589729e+01 1.031835629146422129e+01 7.500000000000000000e+01
-1.209115014546195788e+01 1.033659704765914533e+01 7.500000000000000000e+01
-1.249343018824923668e+01 1.035483072135809657e+01 7.500000000000000000e+01
-1.289603798981016602e+01 1.037305907666722504e+01 7.500000000000000000e+01
-1.329896430314406430e+01 1.039128388908355483e+01 7.500000000000000000e+01
-1.370219991040965013e+01 1.040950694613204597e+01 7.500000000000000000e+01
-1.410573561975314050e+01 1.042773004801809478e+01 7.500000000000000000e+01
-1.450956226210940159e+01 1.044595500829596268e+01 7.500000000000000000e+01
-1.491367068797391227e+01 1.046418365455367194e+01 7.500000000000000000e+01
-1.531805176414339975e+01 1.048241782911488507e+01 7.500000000000000000e+01
-1.572269637042222357e+01 1.050065938975832580e+01 7.500000000000000000e+01
-1.612759539629249161e+01 1.051891021045535091e+01 7.500000000000000000e+01
-1.653273973754479087e+01 1.053717218212625184e+01 7.500000000000000000e+01
-1.693812029286715770e+01 1.055544721341595071e+01 7.500000000000000000e+01
-1.734372796038933728e+01 1.057373723148974953e+01 7.500000000000000000e+01
-1.774955363417931409e+01 1.059204418284979177e+01 7.500000000000000000e+01
-1.815558820068936186e+01 1.061037003417301250e+01 7.500000000000000000e+01
-1.856182253514811009e+01 1.062871677317128416e+01 7.500000000000000000e+01
-1.896824749789574227e+01 1.064708640947452878e+01 7.500000000000000000e+01
-1.937485393065879080e+01 1.066548097553766361e+01 7.500000000000000000e+01
-1.978163265276099736e+01 1.068390252757214220e+01 7.500000000000000000e+01
-2.018857445726668587e+01 1.070235314650306258e+01 7.500000000000000000e+01
-2.059567010705306345e+01 1.072083493895264006e+01 7.500000000000000000e+01
-2.100291033080715053e+01 1.073935003825111600e+01 7.500000000000000000e+01
-2.141028581894364535e+01 1.075790060547595317e+01 7.500000000000000000e+01
-2.181778721943952348e+01 1.077648883052047246e+01 7.500000000000000000e+01
-2.222540513358067216e+01 1.079511693319286358e+01 7.500000000000000000e+01
-2.263313011161650934e+01 1.081378716434677756e+01 7.500000000000000000e+01
-2.304095264831737921e+01 1.083250180704455978e+01 7.500000000000000000e+01
-2.344886317843032941e+01 1.085126317775437954e+01 7.500000000000000000e+01
-2.385685207202763536e+01 1.087007362758240170e+01 7.500000000000000000e+01
-2.426490962974327203e+01 1.088893554354137727e+01 7.500000000000000000e+01
-2.467302607789145696e+01 1.090785134985687854e+01 7.500000000000000000e+01
-2.508119156346170797e+01 1.092682350931263535e+01 7.500000000000000000e+01
-2.548939614898436901e+01 1.094585452463630126e+01 7.500000000000000000e+01
-2.589762980726028729e+01 1.096494693992721992e+01 7.500000000000000000e+01
-2.630588241594841747e+01 1.098410334212767125e+01 7.500000000000000000e+01
-2.671414375200419755e+01 1.100332636253913954e+01 7.500000000000000000e+01
-2.712240348596206374e+01 1.102261867838532083e+01 7.500000000000000000e+01
-2.753065117605421719e+01 1.104198301442354158e+01 7.500000000000000000e+01
-2.793887626215881426e+01 1.106142214460628637e+01 7.500000000000000000e+01
-2.834706805956845344e+01 1.108093889379472152e+01 7.500000000000000000e+01
-2.875521575257166873e+01 1.110053613952608842e+01 7.500000000000000000e+01
-2.916330838783812496e+01 1.112021681383685845e+01 7.500000000000000000e+01
-2.957133486759854435e+01 1.113998390514369419e+01 7.500000000000000000e+01
-2.997928394260987872e+01 1.115984046018431997e+01 7.500000000000000000e+01
-3.038714420489604251e+01 1.117978958602037842e+01 7.500000000000000000e+01
-3.079490408025344195e+01 1.119983445210453965e+01 7.500000000000000000e+01
-3.120255182051100107e+01 1.121997829241411893e+01 7.500000000000000000e+01
-3.161007549553273677e+01 1.124022440765356023e+01 7.500000000000000000e+01
-3.201746298495201870e+01 1.126057616752825119e+01 7.500000000000000000e+01
-3.242470196962431572e+01 1.128103701309204965e+01 7.500000000000000000e+01
-3.283177992278602630e+01 1.130161045917126295e+01 7.500000000000000000e+01
-3.323868410090593528e+01 1.132230009686756311e+01 7.500000000000000000e+01
-3.364540153421519619e+01 1.134310959614263936e+01 7.500000000000000000e+01
-3.405191901690110257e+01 1.136404270848735187e+01 7.500000000000000000e+01
-3.445822309694943186e+01 1.138510326967823971e+01 7.500000000000000000e+01
-3.486430006561911910e+01 1.140629520262427476e+01 7.500000000000000000e+01
-3.527013594653298156e+01 1.142762252030692238e+01 7.500000000000000000e+01
-3.567571648436627640e+01 1.144908932881646102e+01 7.500000000000000000e+01
-3.608102713311561160e+01 1.147069983048777786e+01 7.500000000000000000e+01
-3.648605304392819448e+01 1.149245832713869575e+01 7.500000000000000000e+01
-3.689077905247249589e+01 1.151436922341415325e+01 7.500000000000000000e+01
-3.729518966582823225e+01 1.153643703023938727e+01 7.500000000000000000e+01
-3.769926904887501706e+01 1.155866636838550399e+01 7.500000000000000000e+01
-3.810300101015615581e+01 1.158106197215071731e+01 7.500000000000000000e+01
-3.850636898719394452e+01 1.160362869316055523e+01 7.500000000000000000e+01
-3.890935603123170949e+01 1.162637150429047672e+01 7.500000000000000000e+01
-3.931194479137677433e+01 1.164929550371409306e+01 7.500000000000000000e+01
-3.971411749811674241e+01 1.167240591908044500e+01 7.500000000000000000e+01
-4.011585594618148320e+01 1.169570811182346937e+01 7.500000000000000000e+01
-4.051714147672079491e+01 1.171920758160694831e+01 7.500000000000000000e+01
-4.091795495876713318e+01 1.174290997090801625e+01 7.500000000000000000e+01
-4.131827676995173704e+01 1.176682106974222464e+01 7.500000000000000000e+01
-4.171808677643991814e+01 1.179094682053301923e+01 7.500000000000000000e+01
-4.211736431205146403e+01 1.181529332312833347e+01 7.500000000000000000e+01
-4.251608815652934936e+01 1.183986683996671552e+01 7.500000000000000000e+01
-4.291423651291971453e+01 1.186467380139524330e+01 7.500000000000000000e+01
-4.331178698402288774e+01 1.188972081114109969e+01 7.500000000000000000e+01
-4.370871654787595162e+01 1.191501465193831955e+01 7.500000000000000000e+01
-4.410500153222338326e+01 1.194056229131088642e+01 7.500000000000000000e+01
-4.450061758793270883e+01 1.196637088751273126e+01 7.500000000000000000e+01
-4.489553966130957718e+01 1.199244779562476637e+01 7.500000000000000000e+01
-4.528974196526470308e+01 1.201880057380829570e+01 7.500000000000000000e+01
-4.568319794928488875e+01 1.204543698971350452e+01 7.500000000000000000e+01
-4.607588026815684401e+01 1.207236502704085623e+01 7.500000000000000000e+01
-4.646776074939322854e+01 1.209959289225223777e+01 7.500000000000000000e+01
-4.685881035930668759e+01 1.212712902142760818e+01 7.500000000000000000e+01
-4.724899916767745367e+01 1.215498208726170759e+01 7.500000000000000000e+01
-4.763829631095855888e+01 1.218316100619391662e+01 7.500000000000000000e+01
-4.802666995396119631e+01 1.221167494566291190e+01 7.500000000000000000e+01
-4.841408724996139767e+01 1.224053333147585576e+01 7.500000000000000000e+01
-4.880051429916925088e+01 1.226974585527999118e+01 7.500000000000000000e+01
-4.918591610549925974e+01 1.229932248212228352e+01 7.500000000000000000e+01
-4.957025653158189016e+01 1.232927345808029784e+01 7.500000000000000000e+01
-4.995349825195471993e+01 1.235960931794468998e+01 7.500000000000000000e+01
-5.033560270437205020e+01 1.239034089293076057e+01 7.500000000000000000e+01
-5.071653003917202795e+01 1.242147931839303077e+01 7.500000000000000000e+01
-5.109623906664184290e+01 1.245303604151305521e+01 7.500000000000000000e+01
-5.147468720232171790e+01 1.248502282892660098e+01 7.500000000000000000e+01
-5.185183041019194405e+01 1.251745177425159028e+01 7.500000000000000000e+01
-5.222762314368811332e+01 1.255033530547329867e+01 7.500000000000000000e+01
-5.260201828449457651e+01 1.258368619213750783e+01 7.500000000000000000e+01
-5.297496707906939406e+01 1.261751755229636451e+01 7.500000000000000000e+01
-5.334641907286063400e+01 1.265184285914483908e+01 7.500000000000000000e+01
-5.371632204217833362e+01 1.268667594727825509e+01 7.500000000000000000e+01
-5.408462192369672294e+01 1.272203101849338225e+01 7.500000000000000000e+01
-5.445126274156864810e+01 1.275792264704675283e+01 7.500000000000000000e+01
-5.481618653214551529e+01 1.279436578427408833e+01 7.500000000000000000e+01
-5.517933326630999602e+01 1.283137576246464029e+01 7.500000000000000000e+01
-5.554064076944179362e+01 1.286896829787258589e+01 7.500000000000000000e+01
-5.590004463905508203e+01 1.290715949273571539e+01 7.500000000000000000e+01
-5.625747816016636449e+01 1.294596583615834717e+01 7.500000000000000000e+01
-5.661287221847265982e+01 1.298540420370143700e+01 7.500000000000000000e+01
-5.696615521144740057e+01 1.302549185550766708e+01 7.500000000000000000e+01
-5.731725295748953641e+01 1.306624643277338116e+01 7.500000000000000000e+01
-5.766608860329481701e+01 1.310768595236212697e+01 7.500000000000000000e+01
-5.801258252965558171e+01 1.314982879933669579e+01 7.500000000000000000e+01
-5.835665225593740502e+01 1.319269371716774764e+01 7.500000000000000000e+01
-5.869821234352656347e+01 1.323629979535759205e+01 7.500000000000000000e+01
-5.903717429859582921e+01 1.328066645419729674e+01 7.500000000000000000e+01
-5.937344647459264735e+01 1.332581342635485022e+01 7.500000000000000000e+01
-5.970693397491762511e+01 1.337176073497094819e+01 7.500000000000000000e+01
-6.003753855633201653e+01 1.341852866791816012e+01 7.500000000000000000e+01
-6.036515853370821816e+01 1.346613774785854112e+01 7.500000000000000000e+01
-6.068968868682282647e+01 1.351460869771507411e+01 7.500000000000000000e+01
-6.101102016998069644e+01 1.356396240115377161e+01 7.500000000000000000e+01
-6.132904042535800215e+01 1.361421985765674769e+01 7.500000000000000000e+01
-6.164363310105602523e+01 1.366540213175241725e+01 7.500000000000000000e+01
-6.195467797497098417e+01 1.371753029595876328e+01 7.500000000000000000e+01
-6.226205088570249302e+01 1.377062536698915096e+01 7.500000000000000000e+01
-6.256562367184893247e+01 1.382470823476980648e+01 7.500000000000000000e+01
-6.286526412116749185e+01 1.387979958382399914e+01 7.500000000000000000e+01
-6.316083593121004469e+01 1.393591980659217100e+01 7.500000000000000000e+01
-6.345219868318318390e+01 1.399308890828103280e+01 7.500000000000000000e+01
-6.373920783091551812e+01 1.405132640286928414e+01 7.500000000000000000e+01
-6.402171470695193989e+01 1.411065119994577799e+01 7.500000000000000000e+01
-6.429956654792219695e+01 1.417108148211792340e+01 7.500000000000000000e+01
-6.457260654145296996e+01 1.423263457280726207e+01 7.500000000000000000e+01
-6.484067389700059891e+01 1.429532679434614550e+01 7.500000000000000000e+01
-6.510360394307306819e+01 1.435917331640661665e+01 7.500000000000000000e+01
-6.536122825337638176e+01 1.442418799493080961e+01 7.500000000000000000e+01
-6.561337480446171355e+01 1.449038320189364271e+01 7.500000000000000000e+01
-6.585986816745212025e+01 1.455776964641288096e+01 7.500000000000000000e+01
-6.610052973638947549e+01 1.462635618793012604e+01 7.500000000000000000e+01
-6.633517799565498763e+01 1.469614964241796784e+01 7.500000000000000000e+01
-6.656362882876948106e+01 1.476715458282182780e+01 7.500000000000000000e+01
-6.678569587067083546e+01 1.483937313521873413e+01 7.500000000000000000e+01
-6.700119090528286847e+01 1.491280477246426273e+01 7.500000000000000000e+01
-6.720992430982957444e+01 1.498744610739990613e+01 7.500000000000000000e+01
-6.741170554690405936e+01 1.506329068799861659e+01 7.500000000000000000e+01
-6.760634370477066568e+01 1.514032879712909185e+01 7.500000000000000000e+01
-6.779364808575665791e+01 1.521854725991009616e+01 7.500000000000000000e+01
-6.797342884188302037e+01 1.529792926189334246e+01 7.500000000000000000e+01
-6.814549765608958865e+01 1.537845418154611465e+01 7.500000000000000000e+01
-6.830966846654223446e+01 1.546009744068850544e+01 7.500000000000000000e+01
-6.846575823057564492e+01 1.554283037666244027e+01 7.500000000000000000e+01
-6.861358772384429017e+01 1.562662014005566213e+01 7.500000000000000000e+01
-6.875298236924324158e+01 1.571142962176161184e+01 7.500000000000000000e+01
-6.888377308914763830e+01 1.579721741301232818e+01 7.500000000000000000e+01
-6.900579717353036813e+01 1.588393780176863324e+01 7.500000000000000000e+01
-6.911889915558511177e+01 1.597154080848148183e+01 7.500000000000000000e+01
-6.922293168564142718e+01 1.605997226374916664e+01 7.500000000000000000e+01
-6.931775639344115802e+01 1.614917392978929200e+01 7.500000000000000000e+01
-6.940324472829108515e+01 1.623908366692836225e+01 7.500000000000000000e+01
-6.947927876624406451e+01 1.632963564550038171e+01 7.500000000000000000e+01
-6.954575197332005132e+01 1.642076060265551618e+01 7.500000000000000000e+01
-6.960256991388216363e+01 1.651238614263711568e+01 7.500000000000000000e+01
-6.964965089364706330e+01 1.660443707811633018e+01 7.500000000000000000e+01
-6.968692652743978044e+01 1.669683580921278931e+01 7.500000000000000000e+01
-6.971434222269695624e+01 1.678950273590979947e+01 7.500000000000000000e+01
-6.973185757086618253e+01 1.688235669872924660e+01 7.500000000000000000e+01
-6.973944664021858841e+01 1.697531544179772212e+01 7.500000000000000000e+01
-6.973709816515025750e+01 1.706829609184126539e+01 7.500000000000000000e+01
-6.972481562875695715e+01 1.716121564621734308e+01 7.500000000000000000e+01
-6.970261723727051617e+01 1.725399146284652474e+01 7.500000000000000000e+01
-6.967053578679468728e+01 1.734654174485469014e+01 7.500000000000000000e+01
-6.962861842461258277e+01 1.743878601288068353e+01 7.500000000000000000e+01
-6.957692630910403864e+01 1.753064555833874039e+01 7.500000000000000000e+01
-6.951553417395420809e+01 1.762204387143455619e+01 7.500000000000000000e+01
-6.944452980380954443e+01 1.771290703839738256e+01 7.500000000000000000e+01
-6.936401342980285278e+01 1.780316410317995945e+01 7.500000000000000000e+01
-6.927409705439842469e+01 1.789274738976186541e+01 7.500000000000000000e+01
-6.917490371577764563e+01 1.798159278213561763e+01 7.500000000000000000e+01
-6.906656670249159902e+01 1.806963996002348338e+01 7.500000000000000000e+01
-6.894922872934527902e+01 1.815683258933376010e+01 7.500000000000000000e+01
-6.882304108546550481e+01 1.824311846728619102e+01 7.500000000000000000e+01
-6.868816276525430453e+01 1.832844962299230929e+01 7.500000000000000000e+01
-6.854475959247368166e+01 1.841278237504468152e+01 7.500000000000000000e+01
-6.839300334707110096e+01 1.849607734833423578e+01 7.500000000000000000e+01
-6.823307090357585025e+01 1.857829945286651352e+01 7.500000000000000000e+01
-6.806514338900778682e+01 1.865941782778009639e+01 7.500000000000000000e+01
-6.788940536727679387e+01 1.873940575408544973e+01 7.500000000000000000e+01
-6.770604405604690612e+01 1.881824053984225387e+01 7.500000000000000000e+01
-6.751524858102403925e+01 1.889590338158810212e+01 7.500000000000000000e+01
-6.731720927162666612e+01 1.897237920583012638e+01 7.500000000000000000e+01
-6.711211700103733335e+01 1.904765649432783547e+01 7.500000000000000000e+01
-6.690016257272893085e+01 1.912172709674183935e+01 7.500000000000000000e+01
-6.668153615472523654e+01 1.919458603401522723e+01 7.500000000000000000e+01
-6.645642676210144373e+01 1.926623129560330483e+01 7.500000000000000000e+01
-6.622502178756370483e+01 1.933666363338796046e+01 7.500000000000000000e+01
-6.598750657936706432e+01 1.940588635481507751e+01 7.500000000000000000e+01
-6.574406406534228609e+01 1.947390511748828601e+01 7.500000000000000000e+01
-6.549487442139661653e+01 1.954072772714807726e+01 7.500000000000000000e+01
-6.524011478253191854e+01 1.960636394066932198e+01 7.500000000000000000e+01
-6.497995899417513499e+01 1.967082527542778081e+01 7.500000000000000000e+01
-6.471457740143789295e+01 1.973412482612201302e+01 7.500000000000000000e+01
-6.444413667380412392e+01 1.979627708989357870e+01 7.500000000000000000e+01
-6.416879966268113833e+01 1.985729780036764680e+01 7.500000000000000000e+01
-6.388872528923177185e+01 1.991720377103913364e+01 7.500000000000000000e+01
-6.360406845992677205e+01 1.997601274825591489e+01 7.500000000000000000e+01
-6.331498000731050979e+01 2.003374327390048393e+01 7.500000000000000000e+01
-6.302160665355179958e+01 2.009041455774320539e+01 7.500000000000000000e+01
-6.272409099445242475e+01 2.014604635933280719e+01 7.500000000000000000e+01
-6.242257150170003399e+01 2.020065887920158332e+01 7.500000000000000000e+01
-6.211718254127730887e+01 2.025427265909188890e+01 7.500000000000000000e+01
-6.180805440607248613e+01 2.030690849085525684e+01 7.500000000000000000e+01
-6.149531336087089528e+01 2.035858733363391693e+01 7.500000000000000000e+01
-6.117908169804488949e+01 2.040933023890526243e+01 7.500000000000000000e+01
-6.085947780239375504e+01 2.045915828295065353e+01 7.500000000000000000e+01
-6.053661622371821238e+01 2.050809250629991709e+01 7.500000000000000000e+01
-6.021060775584065539e+01 2.055615385970006770e+01 7.500000000000000000e+01
-5.988155952090529865e+01 2.060336315616013181e+01 7.500000000000000000e+01
-5.954957505790699201e+01 2.064974102863240901e+01 7.500000000000000000e+01
-5.921475441450714072e+01 2.069530789290255512e+01 7.500000000000000000e+01
-5.887719424129637247e+01 2.074008391527645401e+01 7.500000000000000000e+01
-5.853698788775867712e+01 2.078408898466913612e+01 7.500000000000000000e+01
-5.819422549927863741e+01 2.082734268872033567e+01 7.500000000000000000e+01
-5.784899411461401542e+01 2.086986429358154993e+01 7.500000000000000000e+01
-5.750137776332947936e+01 2.091167272703997781e+01 7.500000000000000000e+01
-5.715145756275434508e+01 2.095278656466616951e+01 7.500000000000000000e+01
-5.679931181408760921e+01 2.099322401869250498e+01 7.500000000000000000e+01
-5.644501609732908776e+01 2.103300292935069749e+01 7.500000000000000000e+01
-5.608864336476462853e+01 2.107214075841596923e+01 7.500000000000000000e+01
-5.573026403277718543e+01 2.111065458472510059e+01 7.500000000000000000e+01
-5.536994607179641292e+01 2.114856110145369428e+01 7.500000000000000000e+01
-5.500775509423323228e+01 2.118587661495573471e+01 7.500000000000000000e+01
-5.464375444027829332e+01 2.122261704498484747e+01 7.500000000000000000e+01
-5.427800526146992866e+01 2.125879792613236319e+01 7.500000000000000000e+01
-5.391056660196206707e+01 2.129443441033193807e+01 7.500000000000000000e+01
-5.354149547744354720e+01 2.132954127029393732e+01 7.500000000000000000e+01
-5.317084695167886821e+01 2.136413290374569129e+01 7.500000000000000000e+01
-5.279867421065651456e+01 2.139822333836528756e+01 7.500000000000000000e+01
-5.242502863434459215e+01 2.143182623730762160e+01 7.500000000000000000e+01
-5.204995986606594016e+01 2.146495490523130911e+01 7.500000000000000000e+01
-5.167351587951447556e+01 2.149762229474433184e+01 7.500000000000000000e+01
-5.129574304344327373e+01 2.152984101319486498e+01 7.500000000000000000e+01
-5.091668618406221469e+01 2.156162332974120233e+01 7.500000000000000000e+01
-5.053638864518842411e+01 2.159298118264220534e+01 7.500000000000000000e+01
-5.015489234619836623e+01 2.162392618671564648e+01 7.500000000000000000e+01
-4.977223783783360034e+01 2.165446964091816184e+01 7.500000000000000000e+01
-4.938846435591573680e+01 2.168462253600556977e+01 7.500000000000000000e+01
-4.900360987302757110e+01 2.171439556223732481e+01 7.500000000000000000e+01
-4.861771114822088435e+01 2.174379911709310420e+01 7.500000000000000000e+01
-4.823080377481002756e+01 2.177284331297367714e+01 7.500000000000000000e+01
-4.784292222631300007e+01 2.180153798486166750e+01 7.500000000000000000e+01
-4.745409990060137773e+01 2.182989269792099662e+01 7.500000000000000000e+01
-4.706436916231937317e+01 2.185791675501692666e+01 7.500000000000000000e+01
-4.667376138363377436e+01 2.188561920414095141e+01 7.500000000000000000e+01
-4.628230698337369375e+01 2.191300884572723717e+01 7.500000000000000000e+01
-4.589003546462014782e+01 2.194009423984950402e+01 7.500000000000000000e+01
-4.549697545080254457e+01 2.196688371328896139e+01 7.500000000000000000e+01
-4.510315472035969719e+01 2.199338536646564535e+01 7.500000000000000000e+01
-4.470860024002027444e+01 2.201960708022691193e+01 7.500000000000000000e+01
-4.431333819675702301e+01 2.204555652248832942e+01 7.500000000000000000e+01
-4.391739402846730655e+01 2.207124115472319303e+01 7.500000000000000000e+01
-4.352079245343072245e+01 2.209666823829796201e+01 7.500000000000000000e+01
-4.312355749859383991e+01 2.212184484065197410e+01 7.500000000000000000e+01
-4.272571252672924658e+01 2.214677784132029714e+01 7.500000000000000000e+01
-4.232728026251603382e+01 2.217147393779959330e+01 7.500000000000000000e+01
-4.192828281758534814e+01 2.219593965125728019e+01 7.500000000000000000e+01
-4.152874171457529684e+01 2.222018133208478829e+01 7.500000000000000000e+01
-4.112867791023585085e+01 2.224420516529637482e+01 7.500000000000000000e+01
-4.072811181762420318e+01 2.226801717577507489e+01 7.500000000000000000e+01
-4.032706332742906596e+01 2.229162323336792539e+01 7.500000000000000000e+01
-3.992555182846061257e+01 2.231502905783273505e+01 7.500000000000000000e+01
-3.952359622734212508e+01 2.233824022363903339e+01 7.500000000000000000e+01
-3.912121496743705507e+01 2.236126216462589156e+01 7.500000000000000000e+01
-3.871842604704421831e+01 2.238410017851960632e+01 7.500000000000000000e+01
-3.831524703689338196e+01 2.240675943131430614e+01 7.500000000000000000e+01
-3.791169509697022022e+01 2.242924496151850633e+01 7.500000000000000000e+01
-3.750778699270049543e+01 2.245156168427110899e+01 7.500000000000000000e+01
-3.710353911052079923e+01 2.247371439532981441e+01 7.500000000000000000e+01
-3.669896747286218641e+01 2.249570777493556761e+01 7.500000000000000000e+01
-3.629408775257282116e+01 2.251754639155612026e+01 7.500000000000000000e+01
-3.588891528680314025e+01 2.253923470551222863e+01 7.500000000000000000e+01
-3.548346509037737917e+01 2.256077707248975983e+01 7.500000000000000000e+01
-3.507775186867386452e+01 2.258217774694094615e+01 7.500000000000000000e+01
-3.467179003003486315e+01 2.260344088537821960e+01 7.500000000000000000e+01
-3.426559369772719776e+01 2.262457054956366420e+01 7.500000000000000000e+01
-3.385917672147262891e+01 2.264557070959745744e+01 7.500000000000000000e+01
-3.345255268856656272e+01 2.266644524690837414e+01 7.500000000000000000e+01
-3.304573493460416955e+01 2.268719795714934051e+01 7.500000000000000000e+01
-3.263873655382923289e+01 2.270783255300126058e+01 7.500000000000000000e+01
-3.223157040912408178e+01 2.272835266688787925e+01 7.500000000000000000e+01
-3.182424914165464713e+01 2.274876185360466252e+01 7.500000000000000000e+01
-3.141678518018652966e+01 2.276906359286453707e+01 7.500000000000000000e+01
-3.100919075008671300e+01 2.278926129176314674e+01 7.500000000000000000e+01
-3.060147788202341346e+01 2.280935828716645020e+01 7.500000000000000000e+01
-3.019365842037895220e+01 2.282935784802306145e+01 7.500000000000000000e+01
-2.978574403138675919e+01 2.284926317760412928e+01 7.500000000000000000e+01
-2.937774621100520989e+01 2.286907741567292618e+01 7.500000000000000000e+01
-2.896967629254004351e+01 2.288880364058682559e+01 7.500000000000000000e+01
-2.856154545402594991e+01 2.290844487133372454e+01 7.500000000000000000e+01
-2.815336472537793000e+01 2.292800406950541614e+01 7.500000000000000000e+01
-2.774514499532318368e+01 2.294748414120980939e+01 7.500000000000000000e+01
-2.733689701812214068e+01 2.296688793892440472e+01 7.500000000000000000e+01
-2.692863142008922850e+01 2.298621826329281959e+01 7.500000000000000000e+01
-2.652035870592100153e+01 2.300547786486647439e+01 7.500000000000000000e+01
-2.611208926484092174e+01 2.302466944579336428e+01 7.500000000000000000e+01
-2.570383337656910072e+01 2.304379566145562208e+01 7.500000000000000000e+01
-2.529560121712399834e+01 2.306285912205787270e+01 7.500000000000000000e+01
-2.488740286446453354e+01 2.308186239416792063e+01 7.500000000000000000e+01
-2.447924830397925078e+01 2.310080800221152231e+01 7.500000000000000000e+01
-2.407114743382929234e+01 2.311969842992288093e+01 7.500000000000000000e+01
-2.366311007015271883e+01 2.313853612175231689e+01 7.500000000000000000e+01
-2.325514595213513047e+01 2.315732348423271958e+01 7.500000000000000000e+01
-2.284726474695415632e+01 2.317606288730621955e+01 7.500000000000000000e+01
-2.243947605460239103e+01 2.319475666561233140e+01 7.500000000000000000e+01
-2.203178941259522006e+01 2.321340711973915560e+01 7.500000000000000000e+01
-2.162421430056867777e+01 2.323201651743872276e+01 7.500000000000000000e+01
-2.121676014477246142e+01 2.325058709480781260e+01 7.500000000000000000e+01
-2.080943632246278696e+01 2.326912105743553383e+01 7.500000000000000000e+01
-2.040225216620087778e+01 2.328762058151865944e+01 7.500000000000000000e+01
-1.999521696806004556e+01 2.330608781494595760e+01 7.500000000000000000e+01
-1.958833998374755936e+01 2.332452487835253052e+01 7.500000000000000000e+01
-1.918163043664412726e+01 2.334293386614526611e+01 7.500000000000000000e+01
-1.877509752176561975e+01 2.336131684750029791e+01 7.500000000000000000e+01
-1.836875040965126260e+01 2.337967586733349279e+01 7.500000000000000000e+01
-1.796259825018134038e+01 2.339801294724486169e+01 7.500000000000000000e+01
-1.755665017632872704e+01 2.341633008643777814e+01 7.500000000000000000e+01
-1.715091530784730267e+01 2.343462926261380375e+01 7.500000000000000000e+01
-1.674540275490068097e+01 2.345291243284397353e+01 7.500000000000000000e+01
-1.634012162163502779e+01 2.347118153441730115e+01 7.500000000000000000e+01
-1.593508100969836683e+01 2.348943848566709391e+01 7.500000000000000000e+01
-1.553029002171011186e+01 2.350768518677599772e+01 7.500000000000000000e+01
-1.512575776468406907e+01 2.352592352056015201e+01 7.500000000000000000e+01
-1.472149335340732712e+01 2.354415535323326125e+01 7.500000000000000000e+01
-1.431750591377950776e+01 2.356238253515091685e+01 7.500000000000000000e+01
-1.391380458611480186e+01 2.358060690153588368e+01 7.500000000000000000e+01
-1.351039852841134703e+01 2.359883027318457493e+01 7.500000000000000000e+01
-1.310729691959277687e+01 2.361705445715520213e+01 7.500000000000000000e+01
-1.270450896272661545e+01 2.363528124743787373e+01 7.500000000000000000e+01
-1.230204388822776096e+01 2.365351242560683076e+01 7.500000000000000000e+01
-1.189991095705534718e+01 2.367174976145498633e+01 7.500000000000000000e+01
-1.149811946391601936e+01 2.368999501361087923e+01 7.500000000000000000e+01
-1.109667874049109138e+01 2.370824993013801674e+01 7.500000000000000000e+01
-1.069559815871076403e+01 2.372651624911679136e+01 7.500000000000000000e+01
-1.029488713410970746e+01 2.374479569920917754e+01 7.500000000000000000e+01
-9.894555129309006603e+00 2.376309000020686568e+01 7.500000000000000000e+01
-9.494611657687043405e+00 2.378140086356458838e+01 7.500000000000000000e+01
-9.095066287320745957e+00 2.379972999292172986e+01 7.500000000000000000e+01
-8.695928645295992965e+00 2.381807908461859213e+01 7.500000000000000000e+01
-8.297208422495648605e+00 2.383644982821842362e+01 7.500000000000000000e+01
-7.898915378952108490e+00 2.385484390705370927e+01 7.500000000000000000e+01
-7.501059349760664574e+00 2.387326299882577985e+01 7.500000000000000000e+01
-7.103650251331758980e+00 2.389170877629811685e+01 7.500000000000000000e+01
-6.706698087326433466e+00 2.391018290813168434e+01 7.500000000000000000e+01
-6.310212952924405982e+00 2.392868705990114719e+01 7.500000000000000000e+01
-5.914205035215363004e+00 2.394722289528255743e+01 7.500000000000000000e+01
-5.518684606960944095e+00 2.396579207729172722e+01 7.500000000000000000e+01
-5.123662011770337976e+00 2.400000000000000000e+01 7.500000000000000000e+01
