2.214891936129369299e+01 0.000000000000000000e+00 7.500000000000000000e+01
2.246481190172128706e+01 5.211590459001184950e-02 7.500000000000000000e+01
2.277891023547421057e+01 7.861578627591550572e-02 7.500000000000000000e+01
2.309118748671565768e+01 1.052888728567432375e-01 7.500000000000000000e+01
2.340161644974914879e+01 1.321369305979109843e-01 7.500000000000000000e+01
2.371016958841530098e+01 1.591617086611580856e-01 7.500000000000000000e+01
2.401681903573243204e+01 1.863649376603575269e-01 7.500000000000000000e+01
2.432153659379351751e+01 2.137483281615445985e-01 7.500000000000000000e+01
2.462429373393255005e+01 2.413135691264683413e-01 7.500000000000000000e+01
2.492506159717476066e+01 2.690623262990765596e-01 7.500000000000000000e+01
2.522381099498360157e+01 2.969962405343177791e-01 7.500000000000000000e+01
2.552051241031962192e+01 3.251169260688662743e-01 7.500000000000000000e+01
2.581513599902558909e+01 3.534259687333859423e-01 7.500000000000000000e+01
2.610765159155238990e+01 3.819249241060440059e-01 7.500000000000000000e+01
2.639802869504147154e+01 4.106153156072165356e-01 7.500000000000000000e+01
2.668623649577863688e+01 4.394986325352826517e-01 7.500000000000000000e+01
2.697224386203537705e+01 4.685763280437003075e-01 7.500000000000000000e+01
2.725601934731319531e+01 4.978498170596048489e-01 7.500000000000000000e+01
2.753753119400694516e+01 5.273204741443290322e-01 7.500000000000000000e+01
2.781674733750383410e+01 5.569896312965019192e-01 7.500000000000000000e+01
2.809363541073330595e+01 5.868585756984006085e-01 7.500000000000000000e+01
2.836816274918545844e+01 6.169285474065904218e-01 7.500000000000000000e+01
2.864029639641315228e+01 6.472007369879725358e-01 7.500000000000000000e+01
2.891000311003478274e+01 6.776762831025723299e-01 7.500000000000000000e+01
2.917724936825370818e+01 7.083562700347034724e-01 7.500000000000000000e+01
2.944200137691066033e+01 7.392417251742986473e-01 7.500000000000000000e+01
2.970422507708455129e+01 7.703336164504250849e-01 7.500000000000000000e+01
2.996388615325826166e+01 8.016328497193908609e-01 7.500000000000000000e+01
3.022095004206362390e+01 8.331402661098796791e-01 7.500000000000000000e+01
3.047538194162162029e+01 8.648566393280948672e-01 7.500000000000000000e+01
3.072714682149191745e+01 8.967826729259716911e-01 7.500000000000000000e+01
3.097620943324552556e+01 9.289189975358561613e-01 7.500000000000000000e+01
3.122253432167465093e+01 9.612661680754688298e-01 7.500000000000000000e+01
3.146608583665171466e+01 9.938246609270715570e-01 7.500000000000000000e+01
3.170682814565017793e+01 1.026594871095287909e+00 7.500000000000000000e+01
3.194472524693800963e+01 1.059577109348188495e+00 7.500000000000000000e+01
3.217974098345388256e+01 1.092771599346640476e+00 7.500000000000000000e+01
3.241183905737540272e+01 1.126178474767295601e+00 7.500000000000000000e+01
3.264098304538718764e+01 1.159797776424802418e+00 7.500000000000000000e+01
3.286713641465578206e+01 1.193629449399316034e+00 7.500000000000000000e+01
3.309026253951665097e+01 1.227673340175591710e+00 7.500000000000000000e+01
3.331032471887712632e+01 1.261929193800291893e+00 7.500000000000000000e+01
3.352728619433790413e+01 1.296396651064557481e+00 7.500000000000000000e+01
3.374111016903397342e+01 1.331075245719104405e+00 7.500000000000000000e+01
3.395175982719358387e+01 1.365964401729440558e+00 7.500000000000000000e+01
3.415919835441280838e+01 1.401063430579187807e+00 7.500000000000000000e+01
3.436338895864081167e+01 1.436371528629610150e+00 7.500000000000000000e+01
3.456429489186893278e+01 1.471887774543928273e+00 7.500000000000000000e+01
3.476187947251477794e+01 1.507611126785084243e+00 7.500000000000000000e+01
3.495610610848962807e+01 1.543540421195898960e+00 7.500000000000000000e+01
3.514693832093654180e+01 1.579674368670891837e+00 7.500000000000000000e+01
3.533433976862203707e+01 1.616011552928983130e+00 7.500000000000000000e+01
3.551827427296399264e+01 1.652550428396704740e+00 7.500000000000000000e+01
3.569870584367426147e+01 1.689289318211512514e+00 7.500000000000000000e+01
3.587559870499213588e+01 1.726226412354875173e+00 7.500000000000000000e+01
3.604891732248343317e+01 1.763359765925023748e+00 7.500000000000000000e+01
3.621862643037498231e+01 1.800687297559033562e+00 7.500000000000000000e+01
3.638469105939383041e+01 1.838206788014085991e+00 7.500000000000000000e+01
3.654707656507643065e+01 1.875915878917582713e+00 7.500000000000000000e+01
3.670574865651040142e+01 1.913812071695603301e+00 7.500000000000000000e+01
3.686067342546932224e+01 1.951892726689215651e+00 7.500000000000000000e+01
3.701181737589770648e+01 1.990155062467758418e+00 7.500000000000000000e+01
3.715914745370088212e+01 2.028596155347953012e+00 7.500000000000000000e+01
3.730263107679196821e+01 2.067212939127552218e+00 7.500000000000000000e+01
3.744223616534507215e+01 2.106002205041564324e+00 7.500000000000000000e+01
3.757793117220210632e+01 2.144960601948948220e+00 7.500000000000000000e+01
3.770968511337780882e+01 2.184084636756990605e+00 7.500000000000000000e+01
3.783746759860493825e+01 2.223370675090047932e+00 7.500000000000000000e+01
3.796124886186049707e+01 2.262814942208883462e+00 7.500000000000000000e+01
3.808099979181092465e+01 2.302413524185931148e+00 7.500000000000000000e+01
3.819669196211276585e+01 2.342162369341345141e+00 7.500000000000000000e+01
3.830829766150400673e+01 2.382057289943790845e+00 7.500000000000000000e+01
3.841578992361937139e+01 2.422093964179121706e+00 7.500000000000000000e+01
3.851914255646192231e+01 2.462267938389376187e+00 7.500000000000000000e+01
3.861833017146252445e+01 2.502574629583402377e+00 7.500000000000000000e+01
3.871332821205789543e+01 2.543009328219726140e+00 7.500000000000000000e+01
3.880411298171743795e+01 2.583567201261141033e+00 7.500000000000000000e+01
3.889066167134915020e+01 2.624243295499534501e+00 7.500000000000000000e+01
3.897295238601477507e+01 2.665032541148519396e+00 7.500000000000000000e+01
3.905096417088532235e+01 2.705929755700315908e+00 7.500000000000000000e+01
3.912467703636762195e+01 2.746929648042269356e+00 7.500000000000000000e+01
3.919407198233557210e+01 2.788026822827445628e+00 7.500000000000000000e+01
3.925913102139891464e+01 2.829215785092494606e+00 7.500000000000000000e+01
3.931983720114566694e+01 2.870490945115133918e+00 7.500000000000000000e+01
3.937617462529541967e+01 2.911846623502388542e+00 7.500000000000000000e+01
3.942812847370356621e+01 2.953277056499768793e+00 7.500000000000000000e+01
3.947568502115831279e+01 2.994776401510663710e+00 7.500000000000000000e+01
3.951883165491628347e+01 3.036338742814046032e+00 7.500000000000000000e+01
3.955755689092454475e+01 3.077958097467944576e+00 7.500000000000000000e+01
3.959185038868094608e+01 3.119628421385068240e+00 7.500000000000000000e+01
3.962170296468853792e+01 3.161343615566191367e+00 7.500000000000000000e+01
3.964710660446284862e+01 3.203097532476253395e+00 7.500000000000000000e+01
3.966805447305580401e+01 3.244883982547302814e+00 7.500000000000000000e+01
3.968454092406399525e+01 3.286696740791889670e+00 7.500000000000000000e+01
3.969656150709369058e+01 3.328529553509969485e+00 7.500000000000000000e+01
3.970411297365915004e+01 3.370376145071805496e+00 7.500000000000000000e+01
3.970719328149635174e+01 3.412230224759182917e+00 7.500000000000000000e+01
3.970719328149635174e+01 3.412230224759182917e+00 7.500000000000000000e+01
3.970580159727842329e+01 3.454085493646764427e+00 7.500000000000000000e+01
3.969993829772456451e+01 3.495935651505319264e+00 7.500000000000000000e+01
3.968960496909870983e+01 3.537774403708441984e+00 7.500000000000000000e+01
3.967480440509975637e+01 3.579595468124320057e+00 7.500000000000000000e+01
3.965554060314980944e+01 3.621392581974226754e+00 7.500000000000000000e+01
3.963181875909195639e+01 3.663159508639565409e+00 7.500000000000000000e+01
3.960364526031422372e+01 3.704890044399518523e+00 7.500000000000000000e+01
3.957102767732074966e+01 3.746578025081761520e+00 7.500000000000000000e+01
3.953397475377635573e+01 3.788217332609055354e+00 7.500000000000000000e+01
3.949249639505514153e+01 3.829801901425126331e+00 7.500000000000000000e+01
3.944660365532751456e+01 3.871325724783741595e+00 7.500000000000000000e+01
3.939630872322581467e+01 3.912782860885614777e+00 7.500000000000000000e+01
3.934162490613030627e+01 3.954167438848487759e+00 7.500000000000000000e+01
3.928256661312391884e+01 3.995473664496507649e+00 7.500000000000000000e+01
3.921914933666467107e+01 4.036695825955923134e+00 7.500000000000000000e+01
3.915138963303070341e+01 4.077828299044917948e+00 7.500000000000000000e+01
3.907930510159363280e+01 4.118865552446480116e+00 7.500000000000000000e+01
3.900291436298000747e+01 4.159802152654055618e+00 7.500000000000000000e+01
3.892223703618231667e+01 4.200632768680859108e+00 7.500000000000000000e+01
3.883729371468336211e+01 4.241352176524636697e+00 7.500000000000000000e+01
3.874810594165990096e+01 4.281955263380821997e+00 7.500000000000000000e+01
3.865469618433176890e+01 4.322437031598024504e+00 7.500000000000000000e+01
3.855708780752539155e+01 4.362792602370869410e+00 7.500000000000000000e+01
3.845530504652050041e+01 4.403017219166280860e+00 7.500000000000000000e+01
3.834937297924930988e+01 4.443106250880309638e+00 7.500000000000000000e+01
3.823931749791833568e+01 4.483055194723660541e+00 7.500000000000000000e+01
3.812516528012246653e+01 4.522859678835093433e+00 7.500000000000000000e+01
3.800694375952083703e+01 4.562515464622836525e+00 7.500000000000000000e+01
3.788468109614309043e+01 4.602018448835079489e+00 7.500000000000000000e+01
3.775840614639447068e+01 4.641364665361551900e+00 7.500000000000000000e+01
3.762814843282633603e+01 4.680550286769079804e+00 7.500000000000000000e+01
3.749393811373797547e+01 4.719571625574786822e+00 7.500000000000000000e+01
3.735580595267358461e+01 4.758425135261421524e+00 7.500000000000000000e+01
3.721378328787704248e+01 4.797107411040020253e+00 7.500000000000000000e+01
3.706790200176481420e+01 4.835615190365771809e+00 7.500000000000000000e+01
3.691819449047556390e+01 4.873945353213587239e+00 7.500000000000000000e+01
3.676469363355233355e+01 4.912094922120469498e+00 7.500000000000000000e+01
3.660743276381184330e+01 4.950061062002211187e+00 7.500000000000000000e+01
3.644644563745166010e+01 4.987841079752519668e+00 7.500000000000000000e+01
3.628176640444466017e+01 5.025432423632969048e+00 7.500000000000000000e+01
3.611342957926702013e+01 5.062832682462579115e+00 7.500000000000000000e+01
3.594147001200298064e+01 5.100039584616112620e+00 7.500000000000000000e+01
3.576592285986805564e+01 5.137050996840395456e+00 7.500000000000000000e+01
3.558682355918818985e+01 5.173864922898163243e+00 7.500000000000000000e+01
3.540420779787076100e+01 5.210479502049118139e+00 7.500000000000000000e+01
3.521811148840001238e+01 5.246893007377866347e+00 7.500000000000000000e+01
3.502857074138675131e+01 5.283103843978609326e+00 7.500000000000000000e+01
3.483562183969974768e+01 5.319110547006276946e+00 7.500000000000000000e+01
3.463930121320326805e+01 5.354911779603939159e+00 7.500000000000000000e+01
3.443964541412291425e+01 5.390506330716108963e+00 7.500000000000000000e+01
3.423669109305881619e+01 5.425893112797523621e+00 7.500000000000000000e+01
3.403047497566334556e+01 5.461071159426823307e+00 7.500000000000000000e+01
3.382103383999760382e+01 5.496039622834353544e+00 7.500000000000000000e+01
3.360840449457882784e+01 5.530797771353156200e+00 7.500000000000000000e+01
3.339262375712871034e+01 5.565344986801950888e+00 7.500000000000000000e+01
3.317372843402968385e+01 5.599680761808701668e+00 7.500000000000000000e+01
3.295175530049545642e+01 5.633804697083035329e+00 7.500000000000000000e+01
3.272674108145896099e+01 5.667716498645582135e+00 7.500000000000000000e+01
3.249872243317925324e+01 5.701415975021929761e+00 7.500000000000000000e+01
3.226773592556742187e+01 5.734903034408655564e+00 7.500000000000000000e+01
3.203381802522994093e+01 5.768177681818479563e+00 7.500000000000000000e+01
3.179700507922539288e+01 5.801240016211383299e+00 7.500000000000000000e+01
3.155733329953040212e+01 5.834090227618110802e+00 7.500000000000000000e+01
3.131483874820816027e+01 5.866728594262159646e+00 7.500000000000000000e+01
3.106955732327191910e+01 5.899155479686110759e+00 7.500000000000000000e+01
3.082152474523500274e+01 5.931371329887658916e+00 7.500000000000000000e+01
3.057077654433754077e+01 5.963376670470550422e+00 7.500000000000000000e+01
3.031734804843872055e+01 5.995172103815178843e+00 7.500000000000000000e+01
3.006127437156375137e+01 6.026758306273290344e+00 7.500000000000000000e+01
2.980259040309187668e+01 6.058136025391017476e+00 7.500000000000000000e+01
2.954133079757346181e+01 6.089306077164007291e+00 7.500000000000000000e+01
2.927752996516159456e+01 6.120269343328228473e+00 7.500000000000000000e+01
2.901122206264405179e+01 6.151026768689665580e+00 7.500000000000000000e+01
2.874244098506070699e+01 6.181579358495890908e+00 7.500000000000000000e+01
2.847122035789138295e+01 6.211928175852149181e+00 7.500000000000000000e+01
2.819759352979832912e+01 6.242074339184376264e+00 7.500000000000000000e+01
2.792159356590747876e+01 6.272019019751335023e+00 7.500000000000000000e+01
2.764325324161262643e+01 6.301763439207701545e+00 7.500000000000000000e+01
2.736260503688628276e+01 6.331308867219859415e+00 7.500000000000000000e+01
2.707968113108064401e+01 6.360656619135748535e+00 7.500000000000000000e+01
2.679451339820279188e+01 6.389808053710098079e+00 7.500000000000000000e+01
2.650713340264749718e+01 6.418764570885968190e+00 7.500000000000000000e+01
2.621757239537127759e+01 6.447527609633544543e+00 7.500000000000000000e+01
2.592586131049190001e+01 6.476098645846730228e+00 7.500000000000000000e+01
2.563203076229687838e+01 6.504479190298114055e+00 7.500000000000000000e+01
2.533611104264523917e+01 6.532670786652571060e+00 7.500000000000000000e+01
2.503813211874678046e+01 6.560675009539719049e+00 7.500000000000000000e+01
2.473812363130339165e+01 6.588493462685248936e+00 7.500000000000000000e+01
2.443611489299713568e+01 6.616127777101020513e+00 7.500000000000000000e+01
2.413213488731002698e+01 6.643579609333756686e+00 7.500000000000000000e+01
2.382621226766099554e+01 6.670850639771962243e+00 7.500000000000000000e+01
2.351837535684541436e+01 6.697942571010698565e+00 7.500000000000000000e+01
2.320865214676310373e+01 6.724857126273648511e+00 7.500000000000000000e+01
2.289707029842145047e+01 6.751596047891908370e+00 7.500000000000000000e+01
2.258365714219959486e+01 6.778161095838814099e+00 7.500000000000000000e+01
2.226843967836107296e+01 6.804554046320053118e+00 7.500000000000000000e+01
2.195144457780208924e+01 6.830776690418275621e+00 7.500000000000000000e+01
2.163269818302299896e+01 6.856830832791314556e+00 7.500000000000000000e+01
2.131222650931118778e+01 6.882718290423112784e+00 7.500000000000000000e+01
2.099005524612339357e+01 6.908440891426423036e+00 7.500000000000000000e+01
2.066620975865671994e+01 6.934000473896261063e+00 7.500000000000000000e+01
2.034071508959706875e+01 6.959398884813102093e+00 7.500000000000000000e+01
2.001359596103460703e+01 6.984637978994771679e+00 7.500000000000000000e+01
1.968487677653641299e+01 7.009719618095965110e+00 7.500000000000000000e+01
1.935458162336592025e+01 7.034645669654295830e+00 7.500000000000000000e+01
1.902273427484051638e+01 7.059418006181783944e+00 7.500000000000000000e+01
1.868935819281757560e+01 7.084038504300667505e+00 7.500000000000000000e+01
1.835447653030080417e+01 7.108509043922410342e+00 7.500000000000000000e+01
1.801811213415815871e+01 7.132831507468829990e+00 7.500000000000000000e+01
1.768028754794341140e+01 7.157007779134165304e+00 7.500000000000000000e+01
1.734102501481393332e+01 7.181039744187030394e+00 7.500000000000000000e+01
1.700034648053718556e+01 7.204929288311102020e+00 7.500000000000000000e+01
1.665827359657872364e+01 7.228678296983470197e+00 7.500000000000000000e+01
1.631482772326546993e+01 7.252288654889552433e+00 7.500000000000000000e+01
1.597002993301744134e+01 7.275762245373493364e+00 7.500000000000000000e+01
1.562390101364209904e+01 7.299100949922983972e+00 7.500000000000000000e+01
1.527646147168543678e+01 7.322306647687478964e+00 7.500000000000000000e+01
1.492773153583421752e+01 7.345381215028750077e+00 7.500000000000000000e+01
1.457773116036420724e+01 7.368326525102785851e+00 7.500000000000000000e+01
1.422648002862946015e+01 7.391144447472045798e+00 7.500000000000000000e+01
1.387399755658784883e+01 7.413836847747105274e+00 7.500000000000000000e+01
1.352030289635847282e+01 7.436405587256704308e+00 7.500000000000000000e+01
1.316541493980649058e+01 7.458852522745344160e+00 7.500000000000000000e+01
1.280935232215178488e+01 7.481179506097463516e+00 7.500000000000000000e+01
1.245213342559724801e+01 7.503388384087348761e+00 7.500000000000000000e+01
1.209377638297362623e+01 7.525480998153900813e+00 7.500000000000000000e+01
1.173429908139702249e+01 7.547459184199478699e+00 7.500000000000000000e+01
1.137371916593645160e+01 7.569324772411915703e+00 7.500000000000000000e+01
1.101205404328827697e+01 7.591079587109041960e+00 7.500000000000000000e+01
1.064932088545469036e+01 7.612725446604849289e+00 7.500000000000000000e+01
1.028553663342397151e+01 7.634264163096642797e+00 7.500000000000000000e+01
9.920718000849742424e+00 7.655697542572434067e+00 7.500000000000000000e+01
9.554881477727441563e+00 7.677027384737883153e+00 7.500000000000000000e+01
9.188043334065559620e+00 7.698255482962172991e+00 7.500000000000000000e+01
8.820219623550071830e+00 7.719383624242109221e+00 7.500000000000000000e+01
8.451426187199993834e+00 7.740413589183940957e+00 7.500000000000000000e+01
8.081678657012819400e+00 7.761347152002180394e+00 7.500000000000000000e+01
7.710992459597972193e+00 7.782186080534987838e+00 7.500000000000000000e+01
7.339382819797290125e+00 7.802932136275502195e+00 7.500000000000000000e+01
6.966864764291077705e+00 7.823587074418612453e+00 7.500000000000000000e+01
6.593453125188835529e+00 7.844152643922720713e+00 7.500000000000000000e+01
6.219162543603458992e+00 7.864630587585949684e+00 7.500000000000000000e+01
5.844007473208241876e+00 7.885022642136434001e+00 7.500000000000000000e+01
5.468002183775938718e+00 7.905330538336178492e+00 7.500000000000000000e+01
5.091160764698894781e+00 7.925556001098174264e+00 7.500000000000000000e+01
4.713497128490191201e+00 7.945700749616286807e+00 7.500000000000000000e+01
4.335025014264892285e+00 7.965766497507652311e+00 7.500000000000000000e+01
3.955757991201234613e+00 7.985754952967160314e+00 7.500000000000000000e+01
3.575709461981494641e+00 8.005667818933744684e+00 7.500000000000000000e+01
3.194892666211932131e+00 8.025506793268196049e+00 7.500000000000000000e+01
2.813320683822388535e+00 8.045273568942128861e+00 7.500000000000000000e+01
2.431006438444553996e+00 8.064969834237981416e+00 7.500000000000000000e+01
2.047962700769781819e+00 8.084597272959658909e+00 7.500000000000000000e+01
1.664202091885800927e+00 8.104157564653702295e+00 7.500000000000000000e+01
1.279737086592989348e+00 8.123652384840719165e+00 7.500000000000000000e+01
8.945800166999401393e-01 8.143083405256929197e+00 7.500000000000000000e+01
5.087430742989933474e-01 8.162452294105609241e+00 7.500000000000000000e+01
1.222383150217376396e-01 8.181760716318343896e+00 7.500000000000000000e+01
-2.649223387250188022e-01 8.201010333825893284e+00 7.500000000000000000e+01
-6.527270945423561122e-01 8.220202805838622950e+00 7.500000000000000000e+01
-1.041164286841129716e+00 8.239339789136311154e+00 7.500000000000000000e+01
-1.430222373661793833e+00 8.258422938367379729e+00 7.500000000000000000e+01
-1.819889933511952940e+00 8.277453906357337132e+00 7.500000000000000000e+01
-2.210155662220619099e+00 8.296434344426510066e+00 7.500000000000000000e+01
-2.601008369808789134e+00 8.315365902716973068e+00 7.500000000000000000e+01
-2.992436977375510399e+00 8.334250230528665426e+00 7.500000000000000000e+01
-3.384430513998400780e+00 8.353088976664714949e+00 7.500000000000000000e+01
-3.776978113648279400e+00 8.371883789785961483e+00 7.500000000000000000e+01
-4.170069012116464080e+00 8.390636318774758351e+00 7.500000000000000000e+01
-4.563692543954254610e+00 8.409348213108046366e+00 7.500000000000000000e+01
-4.957838139423249579e+00 8.428021123239822998e+00 7.500000000000000000e+01
-5.352495321455764454e+00 8.446656700993020905e+00 7.500000000000000000e+01
-5.747653702623989780e+00 8.465256599960977013e+00 7.500000000000000000e+01
-6.143302982117010203e+00 8.483822475918536554e+00 7.500000000000000000e+01
-6.539432942724340947e+00 8.502355987242927071e+00 7.500000000000000000e+01
-6.936033447824769382e+00 8.520858795344622649e+00 7.500000000000000000e+01
-7.333094438379393232e+00 8.539332565108239237e+00 7.500000000000000000e+01
-7.730605929927280684e+00 8.557778965343741717e+00 7.500000000000000000e+01
-8.128558009582722121e+00 8.576199669248099511e+00 7.500000000000000000e+01
-8.526940833032302436e+00 8.594596354877618083e+00 7.500000000000000000e+01
-8.925744621530709466e+00 8.612970705631168400e+00 7.500000000000000000e+01
-9.324959658893474668e+00 8.631324410744561249e+00 7.500000000000000000e+01
-9.724576288485350162e+00 8.649659165796323990e+00 7.500000000000000000e+01
-1.012458491020258755e+01 8.667976673225147977e+00 7.500000000000000000e+01
-1.052497597744745406e+01 8.686278642859313948e+00 7.500000000000000000e+01
-1.092573999409348495e+01 8.704566792458400926e+00 7.500000000000000000e+01
-1.132686751143947035e+01 8.722842848267623239e+00 7.500000000000000000e+01
-1.172834912515064687e+01 8.741108545585106526e+00 7.500000000000000000e+01
-1.213017547218499281e+01 8.759365629342509507e+00 7.500000000000000000e+01
-1.253233722770293213e+01 8.777615854699375220e+00 7.500000000000000000e+01
-1.293482510195825341e+01 8.795860987651600738e+00 7.500000000000000000e+01
-1.333762983716852624e+01 8.814102805654457029e+00 7.500000000000000000e+01
-1.374074220436249760e+01 8.832343098260624359e+00 7.500000000000000000e+01
-1.414415300020275623e+01 8.850583667773687324e+00 7.500000000000000000e+01
-1.454785304378102317e+01 8.868826329917608220e+00 7.500000000000000000e+01
-1.495183317338404017e+01 8.887072914522686773e+00 7.500000000000000000e+01
-1.535608424322759014e+01 8.905325266228507175e+00 7.500000000000000000e+01
-1.576059712015597469e+01 8.923585245204487038e+00 7.500000000000000000e+01
-1.616536268030494838e+01 8.941854727888609133e+00 7.500000000000000000e+01
-1.657037180572468316e+01 8.960135607744874164e+00 7.500000000000000000e+01
-1.697561538096077527e+01 8.978429796040222399e+00 7.500000000000000000e+01
-1.738108428958999951e+01 8.996739222641492617e+00 7.500000000000000000e+01
-1.778676941070811068e+01 9.015065836833180413e+00 7.500000000000000000e+01
-1.819266161536658188e+01 9.033411608156644235e+00 7.500000000000000000e+01
-1.859875176295508581e+01 9.051778527271583386e+00 7.500000000000000000e+01
-1.900503069752664942e+01 9.070168606840523395e+00 7.500000000000000000e+01
-1.941148924406193643e+01 9.088583882437090367e+00 7.500000000000000000e+01
-1.981811820466925056e+01 9.107026413479015758e+00 7.500000000000000000e+01
-2.022490835471650428e+01 9.125498284186633668e+00 7.500000000000000000e+01
-2.063185043889177095e+01 9.144001604567842278e+00 7.500000000000000000e+01
-2.103893516718794743e+01 9.162538511430486921e+00 7.500000000000000000e+01
-2.144615321080785719e+01 9.181111169423095575e+00 7.500000000000000000e+01
-2.185349519798570128e+01 9.199721772105025508e+00 7.500000000000000000e+01
-2.226095170971981574e+01 9.218372543047079759e+00 7.500000000000000000e+01
-2.266851327541325745e+01 9.237065736963650409e+00 7.500000000000000000e+01
-2.307617036841632796e+01 9.255803640877626748e+00 7.500000000000000000e+01
-2.348391340146702078e+01 9.274588575319086203e+00 7.500000000000000000e+01
-2.389173272202384268e+01 9.293422895559196206e+00 7.500000000000000000e+01
-2.429961860748570857e+01 9.312308992880439007e+00 7.500000000000000000e+01
-2.470756126029355926e+01 9.331249295884553874e+00 7.500000000000000000e+01
-2.511555080290777298e+01 9.350246271839578682e+00 7.500000000000000000e+01
-2.552357727265549414e+01 9.369302428067339150e+00 7.500000000000000000e+01
-2.593163061644135681e+01 9.388420313372945358e+00 7.500000000000000000e+01
-2.633970068531561637e+01 9.407602519517753947e+00 7.500000000000000000e+01
-2.674777722889227505e+01 9.426851682737396487e+00 7.500000000000000000e+01
-2.715584988961069612e+01 9.446170485306518927e+00 7.500000000000000000e+01
-2.756390819683273463e+01 9.465561657151907227e+00 7.500000000000000000e+01
-2.797194156076850291e+01 9.485027977515748887e+00 7.500000000000000000e+01
-2.837993926622175422e+01 9.504572276670877784e+00 7.500000000000000000e+01
-2.878789046614746283e+01 9.524197437689799983e+00 7.500000000000000000e+01
-2.919578417501220358e+01 9.543906398269541569e+00 7.500000000000000000e+01
-2.960360926194859488e+01 9.563702152614215635e+00 7.500000000000000000e+01
-3.001135444369397476e+01 9.583587753377445395e+00 7.500000000000000000e+01
-3.041900827730384194e+01 9.603566313666757281e+00 7.500000000000000000e+01
-3.082655915262920132e+01 9.623641009112152034e+00 7.500000000000000000e+01
-3.123399528454736895e+01 9.643815080001095552e+00 7.500000000000000000e+01
-3.164130470493455149e+01 9.664091833482315153e+00 7.500000000000000000e+01
-3.204847525436889555e+01 9.684474645840813523e+00 7.500000000000000000e+01
-3.245549457355124190e+01 9.704966964846496680e+00 7.500000000000000000e+01
-3.286235009443079491e+01 9.725572312179130208e+00 7.500000000000000000e+01
-3.326902903102238440e+01 9.746294285932071588e+00 7.500000000000000000e+01
-3.367551836990123348e+01 9.767136563197629684e+00 7.500000000000000000e+01
-3.408180486036029322e+01 9.788102902736680377e+00 7.500000000000000000e+01
-3.448787500421507701e+01 9.809197147735490674e+00 7.500000000000000000e+01
-3.489371504523975176e+01 9.830423228652556134e+00 7.500000000000000000e+01
-3.529931095821790166e+01 9.851785166158476770e+00 7.500000000000000000e+01
-3.570464843759015139e+01 9.873287074171859246e+00 7.500000000000000000e+01
-3.610971288568067905e+01 9.894933162994345111e+00 7.500000000000000000e+01
-3.651448940048308600e+01 9.916727742547875479e+00 7.500000000000000000e+01
-3.691896276298608370e+01 9.938675225717400252e+00 7.500000000000000000e+01
-3.732311742401765287e+01 9.960780131802231097e+00 7.500000000000000000e+01
-3.772693749058616675e+01 9.983047090079294250e+00 7.500000000000000000e+01
-3.813040671169554940e+01 1.000548084348156230e+01 7.500000000000000000e+01
-3.853350846361069415e+01 1.002808625239493701e+01 7.500000000000000000e+01
-3.893622573454813818e+01 1.005086829857689956e+01 7.500000000000000000e+01
-3.933854110876647781e+01 1.007383208920018625e+01 7.500000000000000000e+01
-3.974043675002874920e+01 1.009698286102470099e+01 7.500000000000000000e+01
-4.014189438440922686e+01 1.012032598470094413e+01 7.500000000000000000e+01
-4.054289528241456253e+01 1.014386696920801079e+01 7.500000000000000000e+01
-4.094342024038883210e+01 1.016761146642920188e+01 7.500000000000000000e+01
-4.134344956117077174e+01 1.019156527586819649e+01 7.500000000000000000e+01
-4.174296303396880603e+01 1.021573434950854420e+01 7.500000000000000000e+01
-4.214193991342029477e+01 1.024012479681899812e+01 7.500000000000000000e+01
-4.254035889779797230e+01 1.026474288990712935e+01 7.500000000000000000e+01
-4.293819810632650302e+01 1.028959506882323360e+01 7.500000000000000000e+01
-4.333543505556954045e+01 1.031468794701635261e+01 7.500000000000000000e+01
-4.373204663484705179e+01 1.034002831694379232e+01 7.500000000000000000e+01
-4.412800908064059513e+01 1.036562315583507399e+01 7.500000000000000000e+01
-4.452329794994275147e+01 1.039147963161084043e+01 7.500000000000000000e+01
-4.491788809250574843e+01 1.041760510895655223e+01 7.500000000000000000e+01
-4.531175362194171896e+01 1.044400715555023851e+01 7.500000000000000000e+01
-4.570486788562736535e+01 1.047069354844273192e+01 7.500000000000000000e+01
-4.609720343336149995e+01 1.049767228058801116e+01 7.500000000000000000e+01
-4.648873198472551849e+01 1.052495156752029004e+01 7.500000000000000000e+01
-4.687942439509279779e+01 1.055253985417332530e+01 7.500000000000000000e+01
-4.726925062023295254e+01 1.058044582183624627e+01 7.500000000000000000e+01
-4.765817967945562117e+01 1.060867839523871936e+01 7.500000000000000000e+01
-4.804617961723619857e+01 1.063724674975674311e+01 7.500000000000000000e+01
-4.843321746326607524e+01 1.066616031872851345e+01 7.500000000000000000e+01
-4.881925919086811660e+01 1.069542880086791037e+01 7.500000000000000000e+01
-4.920426967371788152e+01 1.072506216776077181e+01 7.500000000000000000e+01
-4.958821264081012714e+01 1.075507067142680384e+01 7.500000000000000000e+01
-4.997105062961068711e+01 1.078546485192712368e+01 7.500000000000000000e+01
-5.035274493733303558e+01 1.081625554499429320e+01 7.500000000000000000e+01
-5.073325557027973076e+01 1.084745388965842849e+01 7.500000000000000000e+01
-5.111254119119034556e+01 1.087907133583907182e+01 7.500000000000000000e+01
-5.149055906453795473e+01 1.091111965186831867e+01 7.500000000000000000e+01
-5.186726499971930338e+01 1.094361093190620871e+01 7.500000000000000000e+01
-5.224261329208596294e+01 1.097655760320400198e+01 7.500000000000000000e+01
-5.261655666176763191e+01 1.100997243316572138e+01 7.500000000000000000e+01
-5.298904619024268214e+01 1.104386853615178232e+01 7.500000000000000000e+01
-5.336003125461785146e+01 1.107825937996205568e+01 7.500000000000000000e+01
-5.372945945958363012e+01 1.111315879192815892e+01 7.500000000000000000e+01
-5.409727656702188625e+01 1.114858096453660430e+01 7.500000000000000000e+01
-5.446342642325058137e+01 1.118454046049583184e+01 7.500000000000000000e+01
-5.482785088390160411e+01 1.122105221715027312e+01 7.500000000000000000e+01
-5.519048973644167688e+01 1.125813155013435640e+01 7.500000000000000000e+01
-5.555128062036011727e+01 1.129579415614801619e+01 7.500000000000000000e+01
-5.591015894506586648e+01 1.133405611472307584e+01 7.500000000000000000e+01
-5.626705780555533920e+01 1.137293388883679590e+01 7.500000000000000000e+01
-5.662190789593653051e+01 1.141244432421487787e+01 7.500000000000000000e+01
-5.697463742091967731e+01 1.145260464715111048e+01 7.500000000000000000e+01
-5.732517200541565927e+01 1.149343246065495094e+01 7.500000000000000000e+01
-5.767343460241571051e+01 1.153494573872146667e+01 7.500000000000000000e+01
-5.801934539936397783e+01 1.157716281850023066e+01 7.500000000000000000e+01
-5.836282172327700835e+01 1.162010239012109913e+01 7.500000000000000000e+01
-5.870377794491003698e+01 1.166378348391553033e+01 7.500000000000000000e+01
-5.904212538232345509e+01 1.170822545475207832e+01 7.500000000000000000e+01
-5.937777220426016100e+01 1.175344796318424478e+01 7.500000000000000000e+01
-5.971062333380808695e+01 1.179947095308841298e+01 7.500000000000000000e+01
-6.004058035289341433e+01 1.184631462544886205e+01 7.500000000000000000e+01
-6.036754140822527148e+01 1.189399940792694110e+01 7.500000000000000000e+01
-6.069140111939800875e+01 1.194254591983210467e+01 7.500000000000000000e+01
-6.101205048994639668e+01 1.199197493209471865e+01 7.500000000000000000e+01
-6.132937682224805798e+01 1.204230732182466745e+01 7.500000000000000000e+01
-6.164326363727095526e+01 1.209356402102659800e+01 7.500000000000000000e+01
-6.195359060027664100e+01 1.214576595903293210e+01 7.500000000000000000e+01
-6.226023345370622764e+01 1.219893399821081736e+01 7.500000000000000000e+01
-6.256306395860183045e+01 1.225308886249944429e+01 7.500000000000000000e+01
-6.286194984604280478e+01 1.230825105834149902e+01 7.500000000000000000e+01
-6.315675478020938272e+01 1.236444078758786347e+01 7.500000000000000000e+01
-6.344733833482012386e+01 1.242167785197982255e+01 7.500000000000000000e+01
-6.373355598482401518e+01 1.247998154884904309e+01 7.500000000000000000e+01
-6.401525911535958357e+01 1.253937055772504827e+01 7.500000000000000000e+01
-6.429229505011986134e+01 1.259986281760338933e+01 7.500000000000000000e+01
-6.456450710137930571e+01 1.266147539470820504e+01 7.500000000000000000e+01
-6.483173464404286790e+01 1.272422434068105801e+01 7.500000000000000000e+01
-6.509381321616403682e+01 1.278812454124617481e+01 7.500000000000000000e+01
-6.535057464844112474e+01 1.285318955554151721e+01 7.500000000000000000e+01
-6.560184722523565881e+01 1.291943144646687891e+01 7.500000000000000000e+01
-6.584745587965416291e+01 1.298686060258498287e+01 7.500000000000000000e+01
-6.608722242519040435e+01 1.305548555231960428e+01 7.500000000000000000e+01
-6.632096582633072046e+01 1.312531277142545783e+01 7.500000000000000000e+01
-6.654850251037314024e+01 1.319634648495663853e+01 7.500000000000000000e+01
-6.676964672249427224e+01 1.326858846523134616e+01 7.500000000000000000e+01
-6.698421092581064329e+01 1.334203782757668755e+01 7.500000000000000000e+01
-6.719200624781416309e+01 1.341669082593394258e+01 7.500000000000000000e+01
-6.739284297411428781e+01 1.349254065070495834e+01 7.500000000000000000e+01
-6.758653108988322344e+01 1.356957723151680817e+01 7.500000000000000000e+01
-6.777288086877985052e+01 1.364778704786512797e+01 7.500000000000000000e+01
-6.795170350841864604e+01 1.372715295085553500e+01 7.500000000000000000e+01
-6.812281181066070701e+01 1.380765399948567129e+01 7.500000000000000000e+01
-6.828602090413997416e+01 1.388926531508452555e+01 7.500000000000000000e+01
-6.844114900551311109e+01 1.397195795763728121e+01 7.500000000000000000e+01
-6.858801821494971307e+01 1.405569882775997925e+01 7.500000000000000000e+01
-6.872645534038512949e+01 1.414045059803543936e+01 7.500000000000000000e+01
-6.885629274406012712e+01 1.422617167726942533e+01 7.500000000000000000e+01
-6.897736920390453008e+01 1.431281621096466239e+01 7.500000000000000000e+01
-6.908953078141090032e+01 1.440033412093416842e+01 7.500000000000000000e+01
-6.919263168682877563e+01 1.448867118648227503e+01 7.500000000000000000e+01
-6.928653513181966161e+01 1.457776916897497443e+01 7.500000000000000000e+01
-6.937111415918363377e+01 1.466756598090753450e+01 7.500000000000000000e+01
-6.944625243893356981e+01 1.475799589977143356e+01 7.500000000000000000e+01
-6.951184501987546582e+01 1.484898982614216401e+01 7.500000000000000000e+01
-6.956779902598057674e+01 1.494047558447910795e+01 7.500000000000000000e+01
-6.961403428721683895e+01 1.503237826417646694e+01 7.500000000000000000e+01
-6.965048389515197869e+01 1.512462059746237131e+01 7.500000000000000000e+01
-6.967709467454332639e+01 1.521712336984479030e+01 7.500000000000000000e+01
-6.969382756327483719e+01 1.530980585798250715e+01 7.500000000000000000e+01
-6.970065789436716841e+01 1.540258628914905792e+01 7.500000000000000000e+01
-6.969757557533435488e+01 1.549538231588637238e+01 7.500000000000000000e+01
-6.968458516185175711e+01 1.558811149903717386e+01 7.500000000000000000e+01
-6.966170582448145865e+01 1.568069179211811104e+01 7.500000000000000000e+01
-6.962897120902194104e+01 1.577304201995916877e+01 7.500000000000000000e+01
-6.958642919285158257e+01 1.586508234469045497e+01 7.500000000000000000e+01
-6.953414154136727632e+01 1.595673471249878439e+01 7.500000000000000000e+01
-6.947218347022608498e+01 1.604792327508813088e+01 7.500000000000000000e+01
-6.940064312053760887e+01 1.613857478043881599e+01 7.500000000000000000e+01
-6.931962095538587221e+01 1.622861892824311880e+01 7.500000000000000000e+01
-6.922922908705734812e+01 1.631798868626746213e+01 7.500000000000000000e+01
-6.912959054509394718e+01 1.640662056482107189e+01 7.500000000000000000e+01
-6.902083849577209662e+01 1.649445484746311053e+01 7.500000000000000000e+01
-6.890311542383022925e+01 1.658143577702249161e+01 7.500000000000000000e+01
-6.877657228724085314e+01 1.666751169690688883e+01 7.500000000000000000e+01
-6.864136765556676778e+01 1.675263514851419089e+01 7.500000000000000000e+01
-6.849766684198225164e+01 1.683676292631011151e+01 7.500000000000000000e+01
-6.834564103840679650e+01 1.691985609278383151e+01 7.500000000000000000e+01
-6.818546646242614884e+01 1.700187995603055668e+01 7.500000000000000000e+01
-6.801732352379691804e+01 1.708280401312989483e+01 7.500000000000000000e+01
-6.784139601738122849e+01 1.716260186279343358e+01 7.500000000000000000e+01
-6.765787034836783675e+01 1.724125109094764241e+01 7.500000000000000000e+01
-6.746693479463741028e+01 1.731873313300745210e+01 7.500000000000000000e+01
-6.726877881014674188e+01 1.739503311659191098e+01 7.500000000000000000e+01
-6.706359237226179459e+01 1.747013968834901121e+01 7.500000000000000000e+01
-6.685156537508147778e+01 1.754404482840438462e+01 7.500000000000000000e+01
-6.663288706997447264e+01 1.761674365574270951e+01 7.500000000000000000e+01
-6.640774555381247524e+01 1.768823422758354624e+01 7.500000000000000000e+01
-6.617632730472737990e+01 1.775851733553799860e+01 7.500000000000000000e+01
-6.593881676465255737e+01 1.782759630103994652e+01 7.500000000000000000e+01
-6.569539596742797016e+01 1.789547677224566513e+01 7.500000000000000000e+01
-6.544624421085103450e+01 1.796216652429697547e+01 7.500000000000000000e+01
-6.519153777074021150e+01 1.802767526455216185e+01 7.500000000000000000e+01
-6.493144965483342901e+01 1.809201444411192128e+01 7.500000000000000000e+01
-6.466614939417000585e+01 1.815519707670803840e+01 7.500000000000000000e+01
-6.439580286948789478e+01 1.821723756578337827e+01 7.500000000000000000e+01
-6.412057217010637089e+01 1.827815154037514134e+01 7.500000000000000000e+01
-6.384061548274690523e+01 1.833795570021975507e+01 7.500000000000000000e+01
-6.355608700776576825e+01 1.839666767032725048e+01 7.500000000000000000e+01
-6.326713690032526927e+01 1.845430586512548743e+01 7.500000000000000000e+01
-6.297391123410804425e+01 1.851088936214830127e+01 7.500000000000000000e+01
-6.267655198527709359e+01 1.856643778513620902e+01 7.500000000000000000e+01
-6.237519703449735431e+01 1.862097119633136089e+01 7.500000000000000000e+01
-6.206998018495767155e+01 1.867450999767849140e+01 7.500000000000000000e+01
-6.176103119446192835e+01 1.872707484058941674e+01 7.500000000000000000e+01
-6.144847581979249185e+01 1.877868654388741732e+01 7.500000000000000000e+01
-6.113243587168241788e+01 1.882936601951892897e+01 7.500000000000000000e+01
-6.081302927886729748e+01 1.887913420560108335e+01 7.500000000000000000e+01
-6.049037015981645027e+01 1.892801200636353798e+01 7.500000000000000000e+01
-6.016456890086983123e+01 1.897602023853992392e+01 7.500000000000000000e+01
-5.983573223962653742e+01 1.902317958376778151e+01 7.500000000000000000e+01
-5.950396335254504265e+01 1.906951054656362032e+01 7.500000000000000000e+01
-5.916936194582299890e+01 1.911503341745172690e+01 7.500000000000000000e+01
-5.883202434872398356e+01 1.915976824084044594e+01 7.500000000000000000e+01
-5.849204360861278928e+01 1.920373478725667482e+01 7.500000000000000000e+01
-5.814950958704674377e+01 1.924695252956813363e+01 7.500000000000000000e+01
-5.780450905634983627e+01 1.928944062284294603e+01 7.500000000000000000e+01
-5.745712579616931492e+01 1.933121788751623882e+01 7.500000000000000000e+01
-5.710744068958051400e+01 1.937230279555436852e+01 7.500000000000000000e+01
-5.675553181836588124e+01 1.941271345932753789e+01 7.500000000000000000e+01
-5.640147455714845393e+01 1.945246762292214271e+01 7.500000000000000000e+01
-5.604534166610905288e+01 1.949158265564336645e+01 7.500000000000000000e+01
-5.568720338206003362e+01 1.953007554747787111e+01 7.500000000000000000e+01
-5.532712750768852317e+01 1.956796290630422419e+01 7.500000000000000000e+01
-5.496517949881574339e+01 1.960526095665603563e+01 7.500000000000000000e+01
-5.460142254955105301e+01 1.964198553985930218e+01 7.500000000000000000e+01
-5.423591767524636964e+01 1.967815211538043840e+01 7.500000000000000000e+01
-5.386872379318054982e+01 1.971377576323623515e+01 7.500000000000000000e+01
-5.349989780092445812e+01 1.974887118733016678e+01 7.500000000000000000e+01
-5.312949465235639934e+01 1.978345271959229024e+01 7.500000000000000000e+01
-5.275756743131253046e+01 1.981753432481119503e+01 7.500000000000000000e+01
-5.238416742287156325e+01 1.985112960605761145e+01 7.500000000000000000e+01
-5.200934418228483480e+01 1.988425181060900471e+01 7.500000000000000000e+01
-5.163314560157216704e+01 1.991691383629346745e+01 7.500000000000000000e+01
-5.125561797381327978e+01 1.994912823817993086e+01 7.500000000000000000e+01
-5.087680605517152088e+01 1.998090723554910042e+01 7.500000000000000000e+01
-5.049675312469189947e+01 2.001226271908660337e+01 7.500000000000000000e+01
-5.011550104192154720e+01 2.004320625824639990e+01 7.500000000000000000e+01
-4.973309030240313433e+01 2.007374910873796026e+01 7.500000000000000000e+01
-4.934956009109640007e+01 2.010390222009648298e+01 7.500000000000000000e+01
-4.896494833378324785e+01 2.013367624329982775e+01 7.500000000000000000e+01
-4.857929174651631854e+01 2.016308153840034123e+01 7.500000000000000000e+01
-4.819262588316902196e+01 2.019212818214386118e+01 7.500000000000000000e+01
-4.780498518114819717e+01 2.022082597555133532e+01 7.500000000000000000e+01
-4.741640300532939278e+01 2.024918445144210111e+01 7.500000000000000000e+01
-4.702691169027484364e+01 2.027721288188056548e+01 7.500000000000000000e+01
-4.663654258079464654e+01 2.030492028553056016e+01 7.500000000000000000e+01
-4.624532607090981173e+01 2.033231543490408200e+01 7.500000000000000000e+01
-4.585329164127582402e+01 2.035940686349321638e+01 7.500000000000000000e+01
-4.546046789512407571e+01 2.038620287277580445e+01 7.500000000000000000e+01
-4.506688259277721187e+01 2.041271153908712321e+01 7.500000000000000000e+01
-4.467256268479344783e+01 2.043894072035132936e+01 7.500000000000000000e+01
-4.427753434379331310e+01 2.046489806266777833e+01 7.500000000000000000e+01
-4.388182299502056338e+01 2.049059100674833900e+01 7.500000000000000000e+01
-4.348545334568834164e+01 2.051602679420305364e+01 7.500000000000000000e+01
-4.308844941315918220e+01 2.054121247367219283e+01 7.500000000000000000e+01
-4.269083455200644295e+01 2.056615490680377079e+01 7.500000000000000000e+01
-4.229263148000314487e+01 2.059086077407606652e+01 7.500000000000000000e+01
-4.189386230308215175e+01 2.061533658046544915e+01 7.500000000000000000e+01
-4.149454853931108289e+01 2.063958866096031741e+01 7.500000000000000000e+01
-4.109471114192256636e+01 2.066362318592231162e+01 7.500000000000000000e+01
-4.069437052143960898e+01 2.068744616629658140e+01 7.500000000000000000e+01
-4.029354656693487868e+01 2.071106345867288923e+01 7.500000000000000000e+01
-3.989225866645961105e+01 2.073448077019999758e+01 7.500000000000000000e+01
-3.949052572667832095e+01 2.075770366335569150e+01 7.500000000000000000e+01
-3.908836619174287108e+01 2.078073756057523269e+01 7.500000000000000000e+01
-3.868579806143805655e+01 2.080358774874106231e+01 7.500000000000000000e+01
-3.828283890863092154e+01 2.082625938353670847e+01 7.500000000000000000e+01
-3.787950589605255658e+01 2.084875749366812059e+01 7.500000000000000000e+01
-3.747581579244221217e+01 2.087108698495541148e+01 7.500000000000000000e+01
-3.707178498808033851e+01 2.089325264429844253e+01 7.500000000000000000e+01
-3.666742950973744541e+01 2.091525914351934645e+01 7.500000000000000000e+01
-3.626276503506413462e+01 2.093711104308538395e+01 7.500000000000000000e+01
-3.585780690644610758e+01 2.095881279571534961e+01 7.500000000000000000e+01
-3.545257014434727694e+01 2.098036874987288058e+01 7.500000000000000000e+01
-3.504706946016416680e+01 2.100178315314985866e+01 7.500000000000000000e+01
-3.464131926861117705e+01 2.102306015554317042e+01 7.500000000000000000e+01
-3.423533369965864637e+01 2.104420381262803730e+01 7.500000000000000000e+01
-3.382912661004225185e+01 2.106521808863105605e+01 7.500000000000000000e+01
-3.342271159436227634e+01 2.108610685940598728e+01 7.500000000000000000e+01
-3.301610199579173610e+01 2.110687391531546808e+01 7.500000000000000000e+01
-3.260931091640832591e+01 2.112752296402152652e+01 7.500000000000000000e+01
-3.220235122716919562e+01 2.114805763318781118e+01 7.500000000000000000e+01
-3.179523557754156471e+01 2.116848147309651296e+01 7.500000000000000000e+01
-3.138797640480574103e+01 2.118879795918265430e+01 7.500000000000000000e+01
-3.098058594304463398e+01 2.120901049448850273e+01 7.500000000000000000e+01
-3.057307623183266543e+01 2.122912241204077333e+01 7.500000000000000000e+01
-3.016545912463825019e+01 2.124913697715316019e+01 7.500000000000000000e+01
-2.975774629695163398e+01 2.126905738965682247e+01 7.500000000000000000e+01
-2.934994925415007927e+01 2.128888678606109508e+01 7.500000000000000000e+01
-2.894207933911264874e+01 2.130862824164689684e+01 7.500000000000000000e+01
-2.853414773959478978e+01 2.132828477249513455e+01 7.500000000000000000e+01
-2.812616549537323607e+01 2.134785933745233777e+01 7.500000000000000000e+01
-2.771814350517246339e+01 2.136735484003555641e+01 7.500000000000000000e+01
-2.731009253338045895e+01 2.138677413027886942e+01 7.500000000000000000e+01
-2.690202321656508389e+01 2.140612000652322067e+01 7.500000000000000000e+01
-2.649394606979841882e+01 2.142539521715182360e+01 7.500000000000000000e+01
-2.608587149279804507e+01 2.144460246227284017e+01 7.500000000000000000e+01
-2.567780977589402625e+01 2.146374439535128431e+01 7.500000000000000000e+01
-2.526977110582824793e+01 2.148282362479181984e+01 7.500000000000000000e+01
-2.486176557139465260e+01 2.150184271547426818e+01 7.500000000000000000e+01
-2.445380316892698502e+01 2.152080419024346369e+01 7.500000000000000000e+01
-2.404589380764094386e+01 2.153971053135491331e+01 7.500000000000000000e+01
-2.363804731483789823e+01 2.155856418187810419e+01 7.500000000000000000e+01
-2.323027344097557645e+01 2.157736754705857152e+01 7.500000000000000000e+01
-2.282258186461288219e+01 2.159612299564050986e+01 7.500000000000000000e+01
-2.241498219723382235e+01 2.161483286115109337e+01 7.500000000000000000e+01
-2.200748398795651184e+01 2.163349944314795792e+01 7.500000000000000000e+01
-2.160009672813305315e+01 2.165212500843102816e+01 7.500000000000000000e+01
-2.119282985584464640e+01 2.167071179222007515e+01 7.500000000000000000e+01
-2.078569276029733714e+01 2.168926199929913068e+01 7.500000000000000000e+01
-2.037869478612383745e+01 2.170777780512881705e+01 7.500000000000000000e+01
-1.997184523759450059e+01 2.172626135692796012e+01 7.500000000000000000e+01
-1.956515338274368787e+01 2.174471477472524228e+01 7.500000000000000000e+01
-1.915862845741434484e+01 2.176314015238223831e+01 7.500000000000000000e+01
-1.875227966922557243e+01 2.178153955858858026e+01 7.500000000000000000e+01
-1.834611620146735689e+01 2.179991503783035967e+01 7.500000000000000000e+01
-1.794014721692553493e+01 2.181826861133264117e+01 7.500000000000000000e+01
-1.753438186164154544e+01 2.183660227797698283e+01 7.500000000000000000e+01
-1.712882926860973143e+01 2.185491801519478727e+01 7.500000000000000000e+01
-1.672349856141612889e+01 2.187321777983738968e+01 7.500000000000000000e+01
-1.631839885782195410e+01 2.189150350902355058e+01 7.500000000000000000e+01
-1.591353927329473095e+01 2.190977712096524854e+01 7.500000000000000000e+01
-1.550892892449022575e+01 2.192804051577235924e+01 7.500000000000000000e+01
-1.510457693268863899e+01 2.194629557623708749e+01 7.500000000000000000e+01
-1.470049242718687665e+01 2.196454416859866754e+01 7.500000000000000000e+01
-1.429668454865091931e+01 2.198278814328907060e+01 7.500000000000000000e+01
-1.389316245242995329e+01 2.200102933566032348e+01 7.500000000000000000e+01
-1.348993531183517014e+01 2.201926956669405300e+01 7.500000000000000000e+01
-1.308701232138629500e+01 2.203751064369373935e+01 7.500000000000000000e+01
-1.268440270002710868e+01 2.205575436096037834e+01 7.500000000000000000e+01
-1.228211569431358186e+01 2.207400250045187207e+01 7.500000000000000000e+01
-1.188016058157589150e+01 2.209225683242688021e+01 7.500000000000000000e+01
-1.147854667305687215e+01 2.211051911607343001e+01 7.500000000000000000e+01
-1.107728331702948132e+01 2.212879110012279682e+01 7.500000000000000000e+01
-1.067637990189424535e+01 2.214707452344914529e+01 7.500000000000000000e+01
-1.027584585926003946e+01 2.216537111565524754e+01 7.500000000000000000e+01
-9.875690667008935719e+00 2.218368259764478267e+01 7.500000000000000000e+01
-9.475923852347504450e+00 2.220201068218150908e+01 7.500000000000000000e+01
-9.076554994846777191e+00 2.222035707443566821e+01 7.500000000000000000e+01
-8.677593729471810846e+00 2.223872347251806048e+01 7.500000000000000000e+01
-8.279049749602940267e+00 2.225711156800197088e+01 7.500000000000000000e+01
-7.880932810050834902e+00 2.227552304643332448e+01 7.500000000000000000e+01
-7.483252730065840019e+00 2.229395958782939502e+01 7.500000000000000000e+01
-7.086019396344499732e+00 2.231242286716620882e+01 7.500000000000000000e+01
-6.689242766033594023e+00 2.233091455485499921e+01 7.500000000000000000e+01
-6.292932869733665058e+00 2.234943631720797441e+01 7.500000000000000000e+01
-5.897099814503783399e+00 2.236798981689340948e+01 7.500000000000000000e+01
-5.501753786867912943e+00 2.238657671338054556e+01 7.500000000000000000e+01
-5.106905055825397000e+00 2.240519866337425725e+01 7.500000000000000000e+01
-4.712563975865819543e+00 2.242385732123976894e+01 7.500000000000000000e+01
-4.318740989989869661e+00 2.244255433941749800e+01 7.500000000000000000e+01
-3.925446632737788377e+00 2.246129136882824895e+01 7.500000000000000000e+01
-3.532691533225514213e+00 2.248007005926880097e+01 7.500000000000000000e+01
-3.140486418190849172e+00 2.249889205979796714e+01 7.500000000000000000e+01
-2.748842115049649593e+00 2.251775901911336675e+01 7.500000000000000000e+01
-2.357769554963477177e+00 2.253667258591877243e+01 7.500000000000000000e+01
-1.967279775920010243e+00 2.255563440928224139e+01 7.500000000000000000e+01
-1.577383925826393085e+00 2.257464613898501682e+01 7.500000000000000000e+01
-1.188093265616784189e+00 2.259370942586119213e+01 7.500000000000000000e+01
-7.994191723752956946e-01 2.261282592212819864e+01 7.500000000000000000e+01
-4.113731424740946219e-01 2.263199728170811653e+01 7.500000000000000000e+01
-2.396679472865179128e-02 2.265122516053964574e+01 7.500000000000000000e+01
3.627881264303151054e-01 2.267051121688094995e+01 7.500000000000000000e+01
7.488797477670557923e-01 2.268985711160302898e+01 7.500000000000000000e+01
1.134296064032181306e+00 2.270926450847376898e+01 7.500000000000000000e+01
1.519024934735812682e+00 2.272873507443246410e+01 7.500000000000000000e+01
1.903054080900742795e+00 2.274827047985471040e+01 7.500000000000000000e+01
2.286371081796217286e+00 2.276787239880758662e+01 7.500000000000000000e+01
2.668963371651539518e+00 2.278754250929498326e+01 7.500000000000000000e+01
3.050818236348906698e+00 2.280728249349278514e+01 7.500000000000000000e+01
3.431922810096090348e+00 2.282709403797399972e+01 7.500000000000000000e+01
3.812264072077761412e+00 2.284697883392330908e+01 7.500000000000000000e+01
4.191828843086160994e+00 2.286693857734107027e+01 7.500000000000000000e+01
4.570603782130918447e+00 2.288697496923645858e+01 7.500000000000000000e+01
4.948575383027476349e+00 2.290708971580945530e+01 7.500000000000000000e+01
5.325729970965063842e+00 2.292728452862145261e+01 7.500000000000000000e+01
5.702053699053974967e+00 2.294756112475417709e+01 7.500000000000000000e+01
6.077532544852232377e+00 2.296792122695660154e+01 7.500000000000000000e+01
6.452152306872655174e+00 2.298836656377955734e+01 7.500000000000000000e+01
6.825898601069788185e+00 2.300889886969763864e+01 7.500000000000000000e+01
7.198756857308364232e+00 2.302951988521801141e+01 7.500000000000000000e+01
7.570712315813048932e+00 2.305023135697585701e+01 7.500000000000000000e+01
7.941750023600430808e+00 2.307103503781586440e+01 7.500000000000000000e+01
8.311854830894525037e+00 2.309193268685941902e+01 7.500000000000000000e+01
8.681011387525908063e+00 2.311292606955707640e+01 7.500000000000000000e+01
9.049204139316422868e+00 2.313401695772568800e+01 7.500000000000000000e+01
9.416417324450128135e+00 2.315520712956983829e+01 7.500000000000000000e+01
9.782634969831528693e+00 2.317649836968693933e+01 7.500000000000000000e+01
1.014784088743363633e+01 2.319789246905549263e+01 7.500000000000000000e+01
1.051201867063570994e+01 2.321939122500591779e+01 7.500000000000000000e+01
1.087515169055414077e+01 2.324099644117332986e+01 7.500000000000000000e+01
1.123722309236722694e+01 2.326270992743171817e+01 7.500000000000000000e+01
1.159821579163594585e+01 2.328453349980875231e+01 7.500000000000000000e+01
1.195811247062336413e+01 2.330646898038062886e+01 7.500000000000000000e+01
1.231689557461479900e+01 2.332851819714624853e+01 7.500000000000000000e+01
1.267454730824070275e+01 2.335068298387998098e+01 7.500000000000000000e+01
1.303104963180603448e+01 2.337296517996227863e+01 7.500000000000000000e+01
1.338638425762779960e+01 2.339536663018730422e+01 7.500000000000000000e+01
1.374053264638466665e+01 2.341788918454694013e+01 7.500000000000000000e+01
1.409347600348177387e+01 2.344053469799016298e+01 7.500000000000000000e+01
1.444519527543345561e+01 2.346330503015702007e+01 7.500000000000000000e+01
1.479567114626898849e+01 2.348620204508639375e+01 7.500000000000000000e+01
1.514488403396355842e+01 2.350922761089655566e+01 7.500000000000000000e+01
1.549281408690007034e+01 2.353238359943763669e+01 7.500000000000000000e+01
1.583944118036544424e+01 2.355567188591513528e+01 7.500000000000000000e+01
1.618474491308573349e+01 2.357909434848335195e+01 7.500000000000000000e+01
1.652870460380601614e+01 2.360265286780795435e+01 7.500000000000000000e+01
1.687129928791878797e+01 2.362634932659647191e+01 7.500000000000000000e+01
1.721250771414751313e+01 2.365018560909592082e+01 7.500000000000000000e+01
1.755230834129048745e+01 2.367416360055628388e+01 7.500000000000000000e+01
1.789067933503055485e+01 2.369828518665897832e+01 7.500000000000000000e+01
1.822759856481796703e+01 2.372255225290914282e+01 7.500000000000000000e+01
1.856304360083219152e+01 2.374696668399068145e+01 7.500000000000000000e+01
1.889699171102954622e+01 2.377153036308298084e+01 7.500000000000000000e+01
1.922941985828466827e+01 2.379624517113818882e+01 7.500000000000000000e+01
1.956030469763201296e+01 2.382111298611790673e+01 7.500000000000000000e+01
1.988962257361671249e+01 2.384613568218826885e+01 7.500000000000000000e+01
2.021734951776210210e+01 2.387131512887219031e+01 7.500000000000000000e+01
2.054346124616227343e+01 2.389665319015772837e+01 7.500000000000000000e+01
2.086793315720972686e+01 2.392215172356142716e+01 7.500000000000000000e+01
2.119074032946584651e+01 2.394781257914551986e+01 7.500000000000000000e+01
2.151185751968510829e+01 2.397363759848796860e+01 7.500000000000000000e+01
2.183125916100241781e+01 2.400000000000000000e+01 7.500000000000000000e+01
