-7.606415076354096527e+01 0.000000000000000000e+00 6.000000000000000000e+01
-7.645266144622686966e+01 8.389084415612478585e-02 6.000000000000000000e+01
-7.683931278229721329e+01 1.401752055928655871e-01 6.000000000000000000e+01
-7.722392681958609728e+01 1.992885144830403576e-01 6.000000000000000000e+01
-7.760630480056329361e+01 2.614778644073683656e-01 6.000000000000000000e+01
-7.798622418586030847e+01 3.270171853978750542e-01 6.000000000000000000e+01
-7.836343519676594838e+01 3.962104882813244910e-01 6.000000000000000000e+01
-7.873765679549644858e+01 4.693954676675767268e-01 6.000000000000000000e+01
-7.910857200994314553e+01 5.469474704516679164e-01 6.000000000000000000e+01
-7.947582249707177482e+01 6.292838167869555521e-01 6.000000000000000000e+01
-7.983900222718084194e+01 7.168684284709690990e-01 6.000000000000000000e+01
-8.019765016154742909e+01 8.102166700844981584e-01 6.000000000000000000e+01
-8.055124179148516816e+01 9.099002335067910563e-01 6.000000000000000000e+01
-8.089917941212503649e+01 1.016551786516836309e+00 6.000000000000000000e+01
-8.124078102646791422e+01 1.130868948091920290e+00 6.000000000000000000e+01
-8.157526782521428288e+01 1.253616930920808503e+00 6.000000000000000000e+01
-8.190175028119155343e+01 1.385628888114666113e+00 6.000000000000000000e+01
-8.221921305569183858e+01 1.527802600450165915e+00 6.000000000000000000e+01
-8.252649916647219186e+01 1.681091636293279068e+00 6.000000000000000000e+01
-8.282229424842657295e+01 1.846488525706745154e+00 6.000000000000000000e+01
-8.310511228435609610e+01 2.024996877915933968e+00 6.000000000000000000e+01
-8.337328492081928744e+01 2.217588886049932650e+00 6.000000000000000000e+01
-8.362495740460626337e+01 2.425144582884139588e+00 6.000000000000000000e+01
-8.385809519678947765e+01 2.648369981295120912e+00 6.000000000000000000e+01
-8.407050623207423712e+01 2.887693454469192567e+00 6.000000000000000000e+01
-8.425988419537218022e+01 3.143144005926571172e+00 6.000000000000000000e+01
-8.442387749288835153e+01 3.414221741264447996e+00 6.000000000000000000e+01
-8.456018612023380854e+01 3.699779249592827668e+00 6.000000000000000000e+01
-8.466668391214733447e+01 3.997940520353740368e+00 6.000000000000000000e+01
-8.474155695676680011e+01 4.306087514500108071e+00 6.000000000000000000e+01
-8.478344173685526641e+01 4.620939041489561916e+00 6.000000000000000000e+01
-8.479154148633553234e+01 4.938729786491695251e+00 6.000000000000000000e+01
-8.476569925515110526e+01 5.255472091460082318e+00 6.000000000000000000e+01
-8.470641274951030653e+01 5.567258323781520524e+00 6.000000000000000000e+01
-8.461478778714874238e+01 5.870548453814807388e+00 6.000000000000000000e+01
-8.449244013694099920e+01 6.162392352419457708e+00 6.000000000000000000e+01
-8.434136492738799973e+01 6.440556845743106607e+00 6.000000000000000000e+01
-8.416379591357343770e+01 6.703553967996432661e+00 6.000000000000000000e+01
-8.396207391729538472e+01 6.950588441597601808e+00 6.000000000000000000e+01
-8.373853717473953395e+01 7.181453252302726575e+00 6.000000000000000000e+01
-8.349543911123191720e+01 7.396402451081259599e+00 6.000000000000000000e+01
-8.323489330137246611e+01 7.596023930296597726e+00 6.000000000000000000e+01
-8.295884185582677617e+01 7.781126363660084699e+00 6.000000000000000000e+01
-8.266904201457543877e+01 7.952646848455446893e+00 6.000000000000000000e+01
-8.236706569084746832e+01 8.111580361678091933e+00 6.000000000000000000e+01
-8.205430744145270694e+01 8.258929000828995726e+00 6.000000000000000000e+01
-8.173199734454637166e+01 8.395667599993805297e+00 6.000000000000000000e+01
-8.140121625125459559e+01 8.522722053225784578e+00 6.000000000000000000e+01
-8.106291170678090907e+01 8.640957013809886789e+00 6.000000000000000000e+01
-8.071791347224419155e+01 8.751170215146464315e+00 6.000000000000000000e+01
-8.036694803417613286e+01 8.854091272217281983e+00 6.000000000000000000e+01
-8.001065179782052894e+01 8.950383372340876775e+00 6.000000000000000000e+01
-7.964958285962389084e+01 9.040646714121445271e+00 6.000000000000000000e+01
-7.928423137553997435e+01 9.125422901683881705e+00 6.000000000000000000e+01
-7.891502861008586933e+01 9.205199760008207832e+00 6.000000000000000000e+01
-7.854235478492273614e+01 9.280416223653496388e+00 6.000000000000000000e+01
-7.816654585801184396e+01 9.351467082232463923e+00 6.000000000000000000e+01
-7.778789936384589510e+01 9.418707456057799021e+00 6.000000000000000000e+01
-7.740667943759358138e+01 9.482456935866245828e+00 6.000000000000000000e+01
-7.702312113484184408e+01 9.543003360125426937e+00 6.000000000000000000e+01
-7.663743414619897010e+01 9.600606228533841602e+00 6.000000000000000000e+01
-7.624980599362754674e+01 9.655499765541398105e+00 6.000000000000000000e+01
-7.586040478372166262e+01 9.707895656300420839e+00 6.000000000000000000e+01
-7.546938158256973850e+01 9.757985481676433537e+00 6.000000000000000000e+01
-7.507687246747342158e+01 9.805942880366274039e+00 6.000000000000000000e+01
-7.468300030262174971e+01 9.851925465850682073e+00 6.000000000000000000e+01
-7.428787627876867816e+01 9.896076524562371191e+00 6.000000000000000000e+01
-7.389160125092821829e+01 9.938526519749659727e+00 6.000000000000000000e+01
-7.349426690296196796e+01 9.979394423365215872e+00 6.000000000000000000e+01
-7.309595676357550076e+01 1.001878889610235746e+01 6.000000000000000000e+01
-7.269674709455024697e+01 1.005680933355455586e+01 6.000000000000000000e+01
-7.229670766891851486e+01 1.009354679445485914e+01 6.000000000000000000e+01
-7.189590245415720915e+01 1.012908482509443964e+01 6.000000000000000000e+01
-7.149439021324975840e+01 1.016350019233760804e+01 6.000000000000000000e+01
-7.109222503458727260e+01 1.019686353614378760e+01 6.000000000000000000e+01
-7.068945680009085208e+01 1.022923995116835272e+01 6.000000000000000000e+01
-7.028613159959229506e+01 1.026068950583166739e+01 6.000000000000000000e+01
-6.988229209837078315e+01 1.029126770620573161e+01 6.000000000000000000e+01
-6.947797786377621776e+01 1.032102591115603119e+01 6.000000000000000000e+01
-6.907322565604854958e+01 1.035001170437852380e+01 6.000000000000000000e+01
-6.866806968774240261e+01 1.037826922827494869e+01 6.000000000000000000e+01
-6.826254185557054655e+01 1.040583948400165504e+01 6.000000000000000000e+01
-6.785667194797019874e+01 1.043276060149682927e+01 6.000000000000000000e+01
-6.745048783126009084e+01 1.045906808282851586e+01 6.000000000000000000e+01
-6.704401561688288780e+01 1.048479502180251366e+01 6.000000000000000000e+01
-6.663727981190676530e+01 1.050997230241729241e+01 6.000000000000000000e+01
-6.623030345468343683e+01 1.053462877844589585e+01 6.000000000000000000e+01
-6.582310823732252913e+01 1.055879143615642768e+01 6.000000000000000000e+01
-6.541571461643675889e+01 1.058248554194810076e+01 6.000000000000000000e+01
-6.500814191343340553e+01 1.060573477647461615e+01 6.000000000000000000e+01
-6.460040840547549124e+01 1.062856135664667789e+01 6.000000000000000000e+01
-6.419253140810086222e+01 1.065098614674787747e+01 6.000000000000000000e+01
-6.378452735037101462e+01 1.067302875975980747e+01 6.000000000000000000e+01
-6.337641184332122180e+01 1.069470764987048561e+01 6.000000000000000000e+01
-6.296819974239371476e+01 1.071604019703329236e+01 6.000000000000000000e+01
-6.255990520445966041e+01 1.073704278434930259e+01 6.000000000000000000e+01
-6.215154173996639031e+01 1.075773086896271380e+01 6.000000000000000000e+01
-6.174312226068840914e+01 1.077811904708569379e+01 6.000000000000000000e+01
-6.133465912350759197e+01 1.079822111370404158e+01 6.000000000000000000e+01
-6.092616417060202849e+01 1.081805011745757739e+01 6.000000000000000000e+01
-6.051764876638320345e+01 1.083761841113826918e+01 6.000000000000000000e+01
-6.010912383148454552e+01 1.085693769820386301e+01 6.000000000000000000e+01
-5.970059987407333324e+01 1.087601907566467752e+01 6.000000000000000000e+01
-5.929208701872983767e+01 1.089487307366544400e+01 6.000000000000000000e+01
-5.888359503311271936e+01 1.091350969205231003e+01 6.000000000000000000e+01
-5.847513335260764933e+01 1.093193843418668187e+01 6.000000000000000000e+01
-5.806671110313681083e+01 1.095016833824230140e+01 6.000000000000000000e+01
-5.765833712228872798e+01 1.096820800619934744e+01 6.000000000000000000e+01
-5.725001997891363459e+01 1.098606563072890552e+01 6.000000000000000000e+01
-5.684176799131417113e+01 1.100374902014330836e+01 6.000000000000000000e+01
-5.643358924415029065e+01 1.102126562157121192e+01 6.000000000000000000e+01
-5.602549160416447904e+01 1.103862254250197772e+01 6.000000000000000000e+01
-5.561748273482552207e+01 1.105582657083052744e+01 6.000000000000000000e+01
-5.520957010997797454e+01 1.107288419352221176e+01 6.000000000000000000e+01
-5.480176102657802062e+01 1.108980161400646303e+01 6.000000000000000000e+01
-5.439406261658862718e+01 1.110658476839840425e+01 6.000000000000000000e+01
-5.398648185810002786e+01 1.112323934063900666e+01 6.000000000000000000e+01
-5.357902558573653806e+01 1.113977077663642667e+01 6.000000000000000000e+01
-5.317170050040488860e+01 1.115618429748417384e+01 6.000000000000000000e+01
-5.276451317843439881e+01 1.117248491182524184e+01 6.000000000000000000e+01
-5.235747008015544424e+01 1.118867742742564353e+01 6.000000000000000000e+01
-5.195057755795826893e+01 1.120476646201538529e+01 6.000000000000000000e+01
-5.154384186387115108e+01 1.122075645345019623e+01 6.000000000000000000e+01
-5.113726915669327866e+01 1.123665166924299008e+01 6.000000000000000000e+01
-5.073086550871509814e+01 1.125245621551001030e+01 6.000000000000000000e+01
-5.032463691205573042e+01 1.126817404537305300e+01 6.000000000000000000e+01
-4.991858928464586143e+01 1.128380896685587054e+01 6.000000000000000000e+01
-4.951272847588039383e+01 1.129936465030981907e+01 6.000000000000000000e+01
-4.910706027196510348e+01 1.131484463540112984e+01 6.000000000000000000e+01
-4.870159040097836822e+01 1.133025233768966444e+01 6.000000000000000000e+01
-4.829632453766799216e+01 1.134559105482671093e+01 6.000000000000000000e+01
-4.789126830800164925e+01 1.136086397239727219e+01 6.000000000000000000e+01
-4.748642729348735259e+01 1.137607416943045102e+01 6.000000000000000000e+01
-4.708180703528046962e+01 1.139122462359970456e+01 6.000000000000000000e+01
-4.667741303809087583e+01 1.140631821613315822e+01 6.000000000000000000e+01
-4.627325077390471364e+01 1.142135773645266283e+01 6.000000000000000000e+01
-4.586932568553202572e+01 1.143634588655902284e+01 6.000000000000000000e+01
-4.546564318999291743e+01 1.145128528517937916e+01 6.000000000000000000e+01
-4.506220868175249450e+01 1.146617847169179072e+01 6.000000000000000000e+01
-4.465902753581424633e+01 1.148102790984084542e+01 6.000000000000000000e+01
-4.425610511068190789e+01 1.149583599125722522e+01 6.000000000000000000e+01
-4.385344675119773683e+01 1.151060503879327257e+01 6.000000000000000000e+01
-4.345105779126524226e+01 1.152533730968565884e+01 6.000000000000000000e+01
-4.304894355646479198e+01 1.154003499855565984e+01 6.000000000000000000e+01
-4.264710936656753404e+01 1.155470024025667541e+01 6.000000000000000000e+01
-4.224556053795538446e+01 1.156933511257807368e+01 6.000000000000000000e+01
-4.184430238595279405e+01 1.158394163881380479e+01 6.000000000000000000e+01
-4.144334022707536036e+01 1.159852179020365881e+01 6.000000000000000000e+01
-4.104267938120171522e+01 1.161307748825452357e+01 6.000000000000000000e+01
-4.064232517367265274e+01 1.162761060694853299e+01 6.000000000000000000e+01
-4.024228293732226547e+01 1.164212297484457181e+01 6.000000000000000000e+01
-3.984255801444628275e+01 1.165661637707907339e+01 6.000000000000000000e+01
-3.944315575871031854e+01 1.167109255727182493e+01 6.000000000000000000e+01
-3.904408153700310891e+01 1.168555321934203306e+01 6.000000000000000000e+01
-3.864534073123743951e+01 1.170000002923957183e+01 6.000000000000000000e+01
-3.824693874010240080e+01 1.171443461659607799e+01 6.000000000000000000e+01
-3.784888098077038876e+01 1.172885857630020112e+01 6.000000000000000000e+01
-3.745117289056113208e+01 1.174327347000115118e+01 6.000000000000000000e+01
-3.705381992856658968e+01 1.175768082754429145e+01 6.000000000000000000e+01
-3.665682757723792662e+01 1.177208214834243094e+01 6.000000000000000000e+01
-3.626020134393831285e+01 1.178647890268618070e+01 6.000000000000000000e+01
-3.586394676246322177e+01 1.180087253299650563e+01 6.000000000000000000e+01
-3.546806939453042418e+01 1.181526445502254852e+01 6.000000000000000000e+01
-3.507257483124171671e+01 1.182965605898743711e+01 6.000000000000000000e+01
-3.467746869451883640e+01 1.184404871068474918e+01 6.000000000000000000e+01
-3.428275663851457722e+01 1.185844375252818317e+01 6.000000000000000000e+01
-3.388844435100133978e+01 1.187284250455666346e+01 6.000000000000000000e+01
-3.349453755473889771e+01 1.188724626539718621e+01 6.000000000000000000e+01
-3.310104200882199166e+01 1.190165631318744488e+01 6.000000000000000000e+01
-3.270796351001087743e+01 1.191607390646017350e+01 6.000000000000000000e+01
-3.231530789404398973e+01 1.193050028499111370e+01 6.000000000000000000e+01
-3.192308103693640575e+01 1.194493667061228415e+01 6.000000000000000000e+01
-3.153128885626323452e+01 1.195938426799226306e+01 6.000000000000000000e+01
-3.113993731243026986e+01 1.197384426538497948e+01 6.000000000000000000e+01
-3.074903240993310760e+01 1.198831783534851425e+01 6.000000000000000000e+01
-3.035858019860463841e+01 1.200280613543528396e+01 6.000000000000000000e+01
-2.996858677485354505e+01 1.201731030885491158e+01 6.000000000000000000e+01
-2.957905828289293737e+01 1.203183148511103440e+01 6.000000000000000000e+01
-2.919000091596150881e+01 1.204637078061320565e+01 6.000000000000000000e+01
-2.880142091753722156e+01 1.206092929926497348e+01 6.000000000000000000e+01
-2.841332458254458260e+01 1.207550813302923487e+01 6.000000000000000000e+01
-2.802571825855599030e+01 1.209010836247179199e+01 6.000000000000000000e+01
-2.763860834698830971e+01 1.210473105728406118e+01 6.000000000000000000e+01
-2.725200130429486478e+01 1.211937727678586363e+01 6.000000000000000000e+01
-2.686590364315397395e+01 1.213404807040902256e+01 6.000000000000000000e+01
-2.648032193365400389e+01 1.214874447816269587e+01 6.000000000000000000e+01
-2.609526280447589741e+01 1.216346753108105183e+01 6.000000000000000000e+01
-2.571073294407396403e+01 1.217821825165410132e+01 6.000000000000000000e+01
-2.532673910185463129e+01 1.219299765424229243e+01 6.000000000000000000e+01
-2.494328808935442154e+01 1.220780674547548550e+01 6.000000000000000000e+01
-2.456038678141713305e+01 1.222264652463698553e+01 6.000000000000000000e+01
-2.417804211737062303e+01 1.223751798403310609e+01 6.000000000000000000e+01
-2.379626110220404911e+01 1.225242210934882436e+01 6.000000000000000000e+01
-2.341505080774532033e+01 1.226735987999006205e+01 6.000000000000000000e+01
-2.303441837383916990e+01 1.228233226941302725e+01 6.000000000000000000e+01
-2.265437100952698657e+01 1.229734024544107207e+01 6.000000000000000000e+01
-2.227491599422716106e+01 1.231238477056952263e+01 6.000000000000000000e+01
-2.189606067891791241e+01 1.232746680225881519e+01 6.000000000000000000e+01
-2.151781248732137541e+01 1.234258729321639159e+01 6.000000000000000000e+01
-2.114017891708997254e+01 1.235774719166763624e+01 6.000000000000000000e+01
-2.076316754099532957e+01 1.237294744161622972e+01 6.000000000000000000e+01
-2.038678600811907415e+01 1.238818898309424377e+01 6.000000000000000000e+01
-2.001104204504689221e+01 1.240347275240220881e+01 6.000000000000000000e+01
-1.963594345706473021e+01 1.241879968233950393e+01 6.000000000000000000e+01
-1.926149812935803496e+01 1.243417070242529654e+01 6.000000000000000000e+01
-1.888771402821410206e+01 1.244958673911024150e+01 6.000000000000000000e+01
-1.851459920222693611e+01 1.246504871597922914e+01 6.000000000000000000e+01
-1.814216178350554998e+01 1.248055755394533861e+01 6.000000000000000000e+01
-1.777040998888502799e+01 1.249611417143523084e+01 6.000000000000000000e+01
-1.739935212114050955e+01 1.251171948456613769e+01 6.000000000000000000e+01
-1.702899657020456914e+01 1.252737440731462115e+01 6.000000000000000000e+01
-1.665935181438710799e+01 1.254307985167728035e+01 6.000000000000000000e+01
-1.629042642159822663e+01 1.255883672782350402e+01 6.000000000000000000e+01
-1.592222905057413307e+01 1.257464594424043725e+01 6.000000000000000000e+01
-1.555476845210526804e+01 1.259050840787030090e+01 6.000000000000000000e+01
-1.518805347026741259e+01 1.260642502424007638e+01 6.000000000000000000e+01
-1.482209304365490077e+01 1.262239669758379357e+01 6.000000000000000000e+01
-1.445689620661592834e+01 1.263842433095736695e+01 6.000000000000000000e+01
-1.409247209049028982e+01 1.265450882634617535e+01 6.000000000000000000e+01
-1.372882992484821507e+01 1.267065108476537105e+01 6.000000000000000000e+01
-1.336597903873140325e+01 1.268685200635299815e+01 6.000000000000000000e+01
-1.300392886189475306e+01 1.270311249045601976e+01 6.000000000000000000e+01
-1.264268892604909844e+01 1.271943343570919183e+01 6.000000000000000000e+01
-1.228226886610487156e+01 1.273581574010691320e+01 6.000000000000000000e+01
-1.192267842141543532e+01 1.275226030106801467e+01 6.000000000000000000e+01
-1.156392743702078896e+01 1.276876801549352081e+01 6.000000000000000000e+01
-1.120602586489036945e+01 1.278533977981739156e+01 6.000000000000000000e+01
-1.084898376516477647e+01 1.280197649005024729e+01 6.000000000000000000e+01
-1.049281130739636048e+01 1.281867904181603990e+01 6.000000000000000000e+01
-1.013751877178757255e+01 1.283544833038170729e+01 6.000000000000000000e+01
-9.783116550426630198e+00 1.285228525067973138e+01 6.000000000000000000e+01
-9.429615148520602119e+00 1.286919069732359411e+01 6.000000000000000000e+01
-9.077025185624194137e+00 1.288616556461612284e+01 6.000000000000000000e+01
-8.725357396864810156e+00 1.290321074655061295e+01 6.000000000000000000e+01
-8.374622634162228962e+00 1.292032713680475808e+01 6.000000000000000000e+01
-8.024831867442701494e+00 1.293751562872728655e+01 6.000000000000000000e+01
-7.675996185846900133e+00 1.295477711531721887e+01 6.000000000000000000e+01
-7.328126798930244767e+00 1.297211248919575866e+01 6.000000000000000000e+01
-6.981235037855800130e+00 1.298952264257065536e+01 6.000000000000000000e+01
-6.635332356577898771e+00 1.300700846719302817e+01 6.000000000000000000e+01
-6.290430333016224118e+00 1.302457085430654260e+01 6.000000000000000000e+01
-5.946540670219504499e+00 1.304221069458881388e+01 6.000000000000000000e+01
-5.603675197517199003e+00 1.305992887808503156e+01 6.000000000000000000e+01
-5.261845871659006413e+00 1.307772629413361010e+01 6.000000000000000000e+01
-4.921064777940595825e+00 1.309560383128384586e+01 6.000000000000000000e+01
-4.581344131314378565e+00 1.311356237720539930e+01 6.000000000000000000e+01
-4.242696277484968803e+00 1.313160281858957390e+01 6.000000000000000000e+01
-3.905133693987228760e+00 1.314972604104217702e+01 6.000000000000000000e+01
-3.568668991245957489e+00 1.316793292896795897e+01 6.000000000000000000e+01
-3.233314913616641917e+00 1.318622436544639953e+01 6.000000000000000000e+01
-2.899084340404639359e+00 1.320460123209879910e+01 6.000000000000000000e+01
-2.565990286862811498e+00 1.322306440894648460e+01 6.000000000000000000e+01
-2.234045905165128687e+00 1.324161477426006606e+01 6.000000000000000000e+01
-1.903264485355240065e+00 1.326025320439954314e+01 6.000000000000000000e+01
-1.573659456268775569e+00 1.327898057364517115e+01 6.000000000000000000e+01
-1.245244386426901162e+00 1.329779775401893183e+01 6.000000000000000000e+01
-9.180329849007260457e-01 1.331670561509647754e+01 6.000000000000000000e+01
-5.920391021438392576e-01 1.333570502380939438e+01 6.000000000000000000e+01
-2.672767307915670520e-01 1.335479684423767210e+01 6.000000000000000000e+01
5.623999357423753453e-02 1.337398193739221774e+01 6.000000000000000000e+01
3.784967916977975411e-01 1.339326116098725628e+01 6.000000000000000000e+01
6.994792399602988153e-01 1.341263536920253330e+01 6.000000000000000000e+01
1.019172769731638617e+00 1.343210541243510470e+01 6.000000000000000000e+01
1.337562666764904984e+00 1.345167213704064579e+01 6.000000000000000000e+01
1.654634070635268683e+00 1.347133638506406861e+01 6.000000000000000000e+01
1.970371974226022616e+00 1.349109899395939749e+01 6.000000000000000000e+01
2.284761223263646279e+00 1.351096079629868107e+01 6.000000000000000000e+01
2.597786515903782067e+00 1.353092261946986419e+01 6.000000000000000000e+01
2.909432402371277870e+00 1.355098528536349178e+01 6.000000000000000000e+01
3.219683284655618039e+00 1.357114961004807441e+01 6.000000000000000000e+01
3.528523416264989887e+00 1.359141640343406365e+01 6.000000000000000000e+01
3.835936902041143348e+00 1.361178646892626887e+01 6.000000000000000000e+01
4.141907698037146091e+00 1.363226060306461207e+01 6.000000000000000000e+01
4.446419611461575272e+00 1.365283959515317846e+01 6.000000000000000000e+01
4.749456300690612309e+00 1.367352422687737601e+01 6.000000000000000000e+01
5.051001275351726605e+00 1.369431527190916675e+01 6.000000000000000000e+01
5.351037896481187772e+00 1.371521349550032731e+01 6.000000000000000000e+01
5.649549376757986074e+00 1.373621965406355905e+01 6.000000000000000000e+01
5.946518780817756422e+00 1.375733449474152792e+01 6.000000000000000000e+01
6.241929025648633278e+00 1.377855875496364213e+01 6.000000000000000000e+01
6.535762881072754382e+00 1.379989316199065463e+01 6.000000000000000000e+01
6.828002970316131126e+00 1.382133843244697857e+01 6.000000000000000000e+01
7.118631770669487935e+00 1.384289527184072810e+01 6.000000000000000000e+01
7.407631614243873841e+00 1.386456437407151121e+01 6.000000000000000000e+01
7.694984688823699237e+00 1.388634642092594618e+01 6.000000000000000000e+01
7.980673038820128795e+00 1.390824208156096731e+01 6.000000000000000000e+01
8.264678566328697684e+00 1.393025201197495555e+01 6.000000000000000000e+01
8.546983032293427485e+00 1.395237685446674369e+01 6.000000000000000000e+01
8.827568057781510547e+00 1.397461723708261694e+01 6.000000000000000000e+01
9.106415125371285058e+00 1.399697377305137813e+01 6.000000000000000000e+01
9.383505580656729350e+00 1.401944706020761977e+01 6.000000000000000000e+01
9.658820633872212014e+00 1.404203768040333777e+01 6.000000000000000000e+01
9.932341361640066424e+00 1.406474619890805400e+01 6.000000000000000000e+01
1.020404870884494741e+01 1.408757316379766955e+01 6.000000000000000000e+01
1.047392349063785311e+01 1.411051910533223008e+01 6.000000000000000000e+01
1.074194639457290101e+01 1.413358453532281800e+01 6.000000000000000000e+01
1.100809798288082142e+01 1.415676994648795173e+01 6.000000000000000000e+01
1.127235869488129438e+01 1.418007581179962706e+01 6.000000000000000000e+01
1.153470884953846465e+01 1.420350258381948194e+01 6.000000000000000000e+01
1.179512864816206807e+01 1.422705069402532452e+01 6.000000000000000000e+01
1.205359817725725513e+01 1.425072055212846323e+01 6.000000000000000000e+01
1.231009741152670145e+01 1.427451254538223679e+01 6.000000000000000000e+01
1.256460621702759717e+01 1.429842703788222380e+01 6.000000000000000000e+01
1.281710435448633945e+01 1.432246436985851545e+01 6.000000000000000000e+01
1.306757148277430503e+01 1.434662485696073198e+01 6.000000000000000000e+01
1.331598716254689130e+01 1.437090878953616091e+01 6.000000000000000000e+01
1.356233086004883681e+01 1.439531643190171195e+01 6.000000000000000000e+01
1.380658195108854436e+01 1.441984802161028334e+01 6.000000000000000000e+01
1.404871972518318302e+01 1.444450376871216335e+01 6.000000000000000000e+01
1.428872338987787671e+01 1.446928385501224668e+01 6.000000000000000000e+01
1.452657207524025473e+01 1.449418843332366436e+01 6.000000000000000000e+01
1.476224483853305181e+01 1.451921762671877580e+01 6.000000000000000000e+01
1.499572066906643819e+01 1.454437152777816600e+01 6.000000000000000000e+01
1.522697849323164654e+01 1.456965019783861770e+01 6.000000000000000000e+01
1.545599717971771980e+01 1.459505366624089184e+01 6.000000000000000000e+01
1.568275554491257395e+01 1.462058192957824332e+01 6.000000000000000000e+01
1.590723235848956385e+01 1.464623495094669714e+01 6.000000000000000000e+01
1.612940634918051686e+01 1.467201265919801045e+01 6.000000000000000000e+01
1.634925621073588431e+01 1.469791494819642352e+01 6.000000000000000000e+01
1.656676060807249939e+01 1.472394167608028148e+01 6.000000000000000000e+01
1.678189818360930374e+01 1.475009266452963530e+01 6.000000000000000000e+01
1.699464756379069286e+01 1.477636769804094463e+01 6.000000000000000000e+01
1.720498736579751764e+01 1.480276652321020237e+01 6.000000000000000000e+01
1.741289620444481301e+01 1.482928884802552538e+01 6.000000000000000000e+01
1.761835269926553238e+01 1.485593434117065925e+01 6.000000000000000000e+01
1.782133548177922222e+01 1.488270263134058879e+01 6.000000000000000000e+01
1.802182320294353346e+01 1.490959330657056547e+01 6.000000000000000000e+01
1.821979454078746485e+01 1.493660591358004197e+01 6.000000000000000000e+01
1.841522820822345707e+01 1.496373995713270588e+01 6.000000000000000000e+01
1.860810296103613126e+01 1.499099489941419527e+01 6.000000000000000000e+01
1.879839760604479437e+01 1.501837015942885856e+01 6.000000000000000000e+01
1.898609100943589922e+01 1.504586511241694780e+01 6.000000000000000000e+01
1.917116210526257802e+01 1.507347908929387437e+01 6.000000000000000000e+01
1.935358990410636082e+01 1.510121137611284325e+01 6.000000000000000000e+01
1.953335350189712116e+01 1.512906121355249667e+01 6.000000000000000000e+01
1.971043208888633202e+01 1.515702779643099163e+01 6.000000000000000000e+01
1.988480495876795118e+01 1.518511027324807117e+01 6.000000000000000000e+01
2.005645151794173842e+01 1.521330774575659639e+01 6.000000000000000000e+01
2.022535129491266304e+01 1.524161926856513993e+01 6.000000000000000000e+01
2.039148394981965851e+01 1.527004384877301923e+01 6.000000000000000000e+01
2.055482928408733301e+01 1.529858044563939146e+01 6.000000000000000000e+01
2.071536725019242198e+01 1.532722797028778317e+01 6.000000000000000000e+01
2.087307796153812589e+01 1.535598528544764996e+01 6.000000000000000000e+01
2.102794170242731653e+01 1.538485120523422900e+01 6.000000000000000000e+01
2.117993893812641204e+01 1.541382449496825480e+01 6.000000000000000000e+01
2.132905032501079035e+01 1.544290387103685802e+01 6.000000000000000000e+01
2.147525672078212011e+01 1.547208800079696722e+01 6.000000000000000000e+01
2.161853919474804542e+01 1.550137550252251550e+01 6.000000000000000000e+01
2.175887903815377555e+01 1.553076494539677910e+01 6.000000000000000000e+01
2.189625777455487565e+01 1.556025484955090299e+01 6.000000000000000000e+01
2.203065717022069592e+01 1.558984368614992810e+01 6.000000000000000000e+01
2.216205924455654497e+01 1.561952987752725086e+01 6.000000000000000000e+01
2.229044628053340915e+01 1.564931179736857914e+01 6.000000000000000000e+01
2.241580083511293253e+01 1.567918777094640603e+01 6.000000000000000000e+01
2.253810574965546820e+01 1.570915607540567471e+01 6.000000000000000000e+01
2.265734416029868115e+01 1.573921494010161659e+01 6.000000000000000000e+01
2.277349950829383474e+01 1.576936254699030826e+01 6.000000000000000000e+01
2.288655555028644528e+01 1.579959703107263103e+01 6.000000000000000000e+01
2.299649636852860013e+01 1.582991648089207892e+01 6.000000000000000000e+01
2.310330638100878531e+01 1.586031893908685575e+01 6.000000000000000000e+01
2.320697035148609189e+01 1.589080240299657731e+01 6.000000000000000000e+01
2.330747339941488505e+01 1.592136482532372099e+01 6.000000000000000000e+01
2.340480100974586719e+01 1.595200411484993452e+01 6.000000000000000000e+01
2.349893904259005240e+01 1.598271813720718981e+01 6.000000000000000000e+01
2.358987374273119997e+01 1.601350471570357570e+01 6.000000000000000000e+01
2.367759174897306096e+01 1.604436163220351830e+01 6.000000000000000000e+01
2.376208010330739384e+01 1.607528662806204522e+01 6.000000000000000000e+01
2.384332625988876231e+01 1.610627740511247197e+01 6.000000000000000000e+01
2.392131809380247986e+01 1.613733162670706633e+01 6.000000000000000000e+01
2.399604390961199840e+01 1.616844691880973528e+01 6.000000000000000000e+01
2.406749244967218004e+01 1.619962087113994897e+01 6.000000000000000000e+01
2.413565290219533566e+01 1.623085103836688958e+01 6.000000000000000000e+01
2.420051490905677483e+01 1.626213494135264881e+01 6.000000000000000000e+01
2.426206857332733691e+01 1.629347006844323786e+01 6.000000000000000000e+01
2.432030446652039757e+01 1.632485387680601363e+01 6.000000000000000000e+01
2.437521363554103360e+01 1.635628379381203246e+01 6.000000000000000000e+01
2.442678760932608029e+01 1.638775721846169020e+01 6.000000000000000000e+01
2.447501840516338589e+01 1.641927152285190417e+01 6.000000000000000000e+01
2.451989853467964053e+01 1.645082405368302503e+01 6.000000000000000000e+01
2.456142100948648022e+01 1.648241213380351056e+01 6.000000000000000000e+01
2.459957934647474076e+01 1.651403306379022240e+01 6.000000000000000000e+01
2.463436757274818589e+01 1.654568412356233154e+01 6.000000000000000000e+01
2.466578023018711008e+01 1.657736257402643076e+01 6.000000000000000000e+01
2.469381237963476039e+01 1.660906565875063734e+01 6.000000000000000000e+01
2.471845960469821080e+01 1.664079060566517043e+01 6.000000000000000000e+01
2.473971801515753199e+01 1.667253462878695913e+01 6.000000000000000000e+01
2.475758424997658480e+01 1.670429492996568754e+01 6.000000000000000000e+01
2.477205547991061252e+01 1.673606870064864438e+01 6.000000000000000000e+01
2.478312940970515754e+01 1.676785312366174452e+01 6.000000000000000000e+01
2.479080427988315449e+01 1.679964537500393007e+01 6.000000000000000000e+01
2.479507886811613204e+01 1.683144262565218341e+01 6.000000000000000000e+01
2.479595249017761915e+01 1.686324204337442367e+01 6.000000000000000000e+01
2.479595249017761915e+01 1.686324204337442367e+01 6.000000000000000000e+01
2.479342500047674136e+01 1.689504079454735574e+01 6.000000000000000000e+01
2.478749679217100876e+01 1.692683604597658586e+01 6.000000000000000000e+01
2.477816879685828866e+01 1.695862496671595210e+01 6.000000000000000000e+01
2.476544248384830738e+01 1.699040472988342287e+01 6.000000000000000000e+01
2.474931985901517706e+01 1.702217251447062196e+01 6.000000000000000000e+01
2.472980346323292622e+01 1.705392550714321942e+01 6.000000000000000000e+01
2.470689637039696862e+01 1.708566090402933213e+01 6.000000000000000000e+01
2.468060218503509518e+01 1.711737591249329782e+01 6.000000000000000000e+01
2.465092503951231251e+01 1.714906775289196972e+01 6.000000000000000000e+01
2.461786959083456594e+01 1.718073366031100591e+01 6.000000000000000000e+01
2.458144101705711648e+01 1.721237088627848877e+01 6.000000000000000000e+01
2.454164501330418346e+01 1.724397670045329889e+01 6.000000000000000000e+01
2.449848778740662425e+01 1.727554839228590211e+01 6.000000000000000000e+01
2.445197605516579031e+01 1.730708327264899182e+01 6.000000000000000000e+01
2.440211703525164921e+01 1.733857867543590814e+01 6.000000000000000000e+01
2.434891844374434200e+01 1.737003195912437903e+01 6.000000000000000000e+01
2.429238848832859432e+01 1.740144050830365430e+01 6.000000000000000000e+01
2.423253586215104960e+01 1.743280173516295051e+01 6.000000000000000000e+01
2.416936973735125349e+01 1.746411308093928838e+01 6.000000000000000000e+01
2.410289975827704367e+01 1.749537201732296055e+01 6.000000000000000000e+01
2.403313603439618973e+01 1.752657604781891010e+01 6.000000000000000000e+01
2.396008913291581877e+01 1.755772270906245680e+01 6.000000000000000000e+01
2.388377007112217854e+01 1.758880957208799600e+01 6.000000000000000000e+01
2.380419030845313699e+01 1.761983424354918171e+01 6.000000000000000000e+01
2.372136173831628625e+01 1.765079436688960257e+01 6.000000000000000000e+01
2.363529667966616898e+01 1.768168762346268252e+01 6.000000000000000000e+01
2.354600786835333892e+01 1.771251173359994624e+01 6.000000000000000000e+01
2.345350844825953729e+01 1.774326445762682880e+01 6.000000000000000000e+01
2.335781196223215517e+01 1.777394359682527281e+01 6.000000000000000000e+01
2.325893234283214284e+01 1.780454699434257648e+01 6.000000000000000000e+01
2.315688390290914356e+01 1.783507253604606291e+01 6.000000000000000000e+01
2.305168132601791697e+01 1.786551815132309429e+01 6.000000000000000000e+01
2.294333965668975850e+01 1.789588181382647392e+01 6.000000000000000000e+01
2.283187429057332807e+01 1.792616154216486990e+01 6.000000000000000000e+01
2.271730096445839564e+01 1.795635540053847379e+01 6.000000000000000000e+01
2.259963574619647630e+01 1.798646149931995453e+01 6.000000000000000000e+01
2.247889502453202581e+01 1.801647799558092444e+01 6.000000000000000000e+01
2.235509549885784608e+01 1.804640309356435779e+01 6.000000000000000000e+01
2.222825416890793093e+01 1.807623504510329582e+01 6.000000000000000000e+01
2.209838832440106771e+01 1.810597214998654181e+01 6.000000000000000000e+01
2.196551553464809814e+01 1.813561275627175817e+01 6.000000000000000000e+01
2.182965363813556081e+01 1.816515526054700302e+01 6.000000000000000000e+01
2.169082073209814254e+01 1.819459810814123557e+01 6.000000000000000000e+01
2.154903516209214587e+01 1.822393979328485969e+01 6.000000000000000000e+01
2.140431551158174628e+01 1.825317885922126493e+01 6.000000000000000000e+01
2.125668059154970635e+01 1.828231389827030995e+01 6.000000000000000000e+01
2.110614943014336475e+01 1.831134355184495277e+01 6.000000000000000000e+01
2.095274126236715517e+01 1.834026651042220735e+01 6.000000000000000000e+01
2.079647551983191534e+01 1.836908151346953844e+01 6.000000000000000000e+01
2.063737182057077035e+01 1.839778734932810167e+01 6.000000000000000000e+01
2.047544995893180442e+01 1.842638285505404028e+01 6.000000000000000000e+01
2.031072989555628538e+01 1.845486691621930575e+01 6.000000000000000000e+01
2.014323174745160472e+01 1.848323846667325654e+01 6.000000000000000000e+01
1.997297577816722836e+01 1.851149648826663352e+01 6.000000000000000000e+01
1.979998238808174449e+01 1.853964001053917343e+01 6.000000000000000000e+01
1.962427210480858975e+01 1.856766811037253007e+01 6.000000000000000000e+01
1.944586557372766933e+01 1.859557991160982127e+01 6.000000000000000000e+01
1.926478354864956088e+01 1.862337458464340401e+01 6.000000000000000000e+01
1.908104688261873605e+01 1.865105134597235192e+01 6.000000000000000000e+01
1.889467651886170074e+01 1.867860945773117010e+01 6.000000000000000000e+01
1.870569348188542236e+01 1.870604822719121074e+01 6.000000000000000000e+01
1.851411886873142265e+01 1.873336700623638507e+01 6.000000000000000000e+01
1.831997384038987775e+01 1.876056519081459584e+01 6.000000000000000000e+01
1.812327961337835802e+01 1.878764222036640064e+01 6.000000000000000000e+01
1.792405745148876761e+01 1.881459757723245119e+01 6.000000000000000000e+01
1.772232865770629218e+01 1.884143078604106947e+01 6.000000000000000000e+01
1.751811456630332131e+01 1.886814141307748116e+01 6.000000000000000000e+01
1.731143653511107772e+01 1.889472906563611687e+01 6.000000000000000000e+01
1.710231593797151106e+01 1.892119339135731337e+01 6.000000000000000000e+01
1.689077415737131815e+01 1.894753407754991059e+01 6.000000000000000000e+01
1.667683257725999013e+01 1.897375085050099486e+01 6.000000000000000000e+01
1.646051257605315854e+01 1.899984347477408164e+01 6.000000000000000000e+01
1.624183551982231322e+01 1.902581175249714818e+01 6.000000000000000000e+01
1.602082275567171976e+01 1.905165552264161732e+01 6.000000000000000000e+01
1.579749560530293451e+01 1.907737466029357876e+01 6.000000000000000000e+01
1.557187535876719942e+01 1.910296907591845894e+01 6.000000000000000000e+01
1.534398326840551086e+01 1.912843871462020928e+01 6.000000000000000000e+01
1.511384054297615975e+01 1.915378355539615640e+01 6.000000000000000000e+01
1.488146834196902546e+01 1.917900361038857326e+01 6.000000000000000000e+01
1.464688777010590570e+01 1.920409892413402986e+01 6.000000000000000000e+01
1.441011987202590916e+01 1.922906957281144003e+01 6.000000000000000000e+01
1.417118562715429597e+01 1.925391566348983119e+01 6.000000000000000000e+01
1.393010594475390818e+01 1.927863733337673935e+01 6.000000000000000000e+01
1.368690165915696433e+01 1.930323474906799319e+01 6.000000000000000000e+01
1.344159352517595707e+01 1.932770810579991050e+01 6.000000000000000000e+01
1.319420221369105484e+01 1.935205762670452856e+01 6.000000000000000000e+01
1.294474830741260618e+01 1.937628356206870706e+01 6.000000000000000000e+01
1.269325229681584055e+01 1.940038618859779973e+01 6.000000000000000000e+01
1.243973457624581336e+01 1.942436580868461249e+01 6.000000000000000000e+01
1.218421544018985969e+01 1.944822274968414888e+01 6.000000000000000000e+01
1.192671507971498812e+01 1.947195736319503112e+01 6.000000000000000000e+01
1.166725357906749494e+01 1.949557002434777431e+01 6.000000000000000000e+01
1.140585091243203841e+01 1.951906113110084107e+01 6.000000000000000000e+01
1.114252694084712836e+01 1.954243110354467916e+01 6.000000000000000000e+01
1.087730140927435407e+01 1.956568038321438863e+01 6.000000000000000000e+01
1.061019394381788139e+01 1.958880943241133821e+01 6.000000000000000000e+01
1.034122404909160942e+01 1.961181873353420002e+01 6.000000000000000000e+01
1.007041110573053544e+01 1.963470878841975775e+01 6.000000000000000000e+01
9.797774368043254967e+00 1.965748011769381165e+01 6.000000000000000000e+01
9.523332961802466912e+00 1.968013326013246811e+01 6.000000000000000000e+01
9.247105882170039592e+00 1.970266877203420464e+01 6.000000000000000000e+01
8.969111991753699442e+00 1.972508722660279901e+01 6.000000000000000000e+01
8.689370018791818140e+00 1.974738921334151343e+01 6.000000000000000000e+01
8.407898555463155787e+00 1.976957533745860829e+01 6.000000000000000000e+01
8.124716056318217028e+00 1.979164621928447687e+01 6.000000000000000000e+01
7.839840836829060855e+00 1.981360249370046844e+01 6.000000000000000000e+01
7.553291072054232558e+00 1.983544480957959522e+01 6.000000000000000000e+01
7.265084795415550190e+00 1.985717382923916574e+01 6.000000000000000000e+01
6.975239897583643156e+00 1.987879022790557215e+01 6.000000000000000000e+01
6.683774125468829652e+00 1.990029469319112110e+01 6.000000000000000000e+01
6.390705081314402847e+00 1.992168792458316418e+01 6.000000000000000000e+01
6.096050221888992482e+00 1.994297063294538930e+01 6.000000000000000000e+01
5.799826857775063793e+00 1.996414354003141156e+01 6.000000000000000000e+01
5.502052152750138703e+00 1.998520737801066360e+01 6.000000000000000000e+01
5.202743123258206204e+00 2.000616288900647177e+01 6.000000000000000000e+01
4.901916637967825174e+00 2.002701082464647797e+01 6.000000000000000000e+01
4.599589417414372328e+00 2.004775194562520468e+01 6.000000000000000000e+01
4.295778033723143707e+00 2.006838702127884488e+01 6.000000000000000000e+01
3.990498910410807731e+00 2.008891682917211696e+01 6.000000000000000000e+01
3.683768322262143791e+00 2.010934215469722375e+01 6.000000000000000000e+01
3.375602395279412082e+00 2.012966379068472378e+01 6.000000000000000000e+01
3.066017106701703021e+00 2.014988253702637877e+01 6.000000000000000000e+01
2.755028285091344564e+00 2.016999920030974280e+01 6.000000000000000000e+01
2.442651610485166103e+00 2.019001459346446481e+01 6.000000000000000000e+01
2.128902614607706578e+00 2.020992953542021553e+01 6.000000000000000000e+01
1.813796681144163037e+00 2.022974485077607554e+01 6.000000000000000000e+01
1.497349046070326928e+00 2.024946136948130615e+01 6.000000000000000000e+01
1.179574798037468009e+00 2.026907992652737178e+01 6.000000000000000000e+01
8.604888788096308749e-01 2.028860136165107875e+01 6.000000000000000000e+01
5.401060837511025836e-01 2.030802651904870615e+01 6.000000000000000000e+01
2.184410623619827962e-01 2.032735624710101519e+01 6.000000000000000000e+01
-1.044916811406222668e-01 2.034659139810896633e+01 6.000000000000000000e+01
-4.286777871973624365e-01 2.036573282804004847e+01 6.000000000000000000e+01
-7.541030402399008237e-01 2.038478139628501395e+01 6.000000000000000000e+01
-1.080753367984395252e+00 2.040373796542499818e+01 6.000000000000000000e+01
-1.408614840687128611e+00 2.042260340100870764e+01 6.000000000000000000e+01
-1.737673670364143330e+00 2.044137857133976510e+01 6.000000000000000000e+01
-2.067916209976904618e+00 2.046006434727381063e+01 6.000000000000000000e+01
-2.399328952585475072e+00 2.047866160202543995e+01 6.000000000000000000e+01
-2.731898530470947328e+00 2.049717121098470329e+01 6.000000000000000000e+01
-3.065611714229048435e+00 2.051559405154308990e+01 6.000000000000000000e+01
-3.400455411836087904e+00 2.053393100292884554e+01 6.000000000000000000e+01
-3.736416667689281823e+00 2.055218294605144180e+01 6.000000000000000000e+01
-4.073482661622417567e+00 2.057035076335518298e+01 6.000000000000000000e+01
-4.411640707898734526e+00 2.058843533868165565e+01 6.000000000000000000e+01
-4.750878254182254956e+00 2.060643755714100323e+01 6.000000000000000000e+01
-5.091182880488804408e+00 2.062435830499193656e+01 6.000000000000000000e+01
-5.432542298118196555e+00 2.064219846953018234e+01 6.000000000000000000e+01
-5.774944348568684660e+00 2.065995893898542946e+01 6.000000000000000000e+01
-6.118377002435030576e+00 2.067764060242658530e+01 6.000000000000000000e+01
-6.462828358291153208e+00 2.069524434967519255e+01 6.000000000000000000e+01
-6.808286641558704666e+00 2.071277107122698879e+01 6.000000000000000000e+01
-7.154740203362326412e+00 2.073022165818139584e+01 6.000000000000000000e+01
-7.502177519373060655e+00 2.074759700217892444e+01 6.000000000000000000e+01
-7.850587188640355762e+00 2.076489799534639147e+01 6.000000000000000000e+01
-8.199957932414113415e+00 2.078212553024976472e+01 6.000000000000000000e+01
-8.550278592957289092e+00 2.079928049985470651e+01 6.000000000000000000e+01
-8.901538132350170329e+00 2.081636379749456722e+01 6.000000000000000000e+01
-9.253725631287117892e+00 2.083337631684590718e+01 6.000000000000000000e+01
-9.606830287866250373e+00 2.085031895191135121e+01 6.000000000000000000e+01
-9.960841416373396484e+00 2.086719259700980089e+01 6.000000000000000000e+01
-1.031574844606044294e+01 2.088399814677387312e+01 6.000000000000000000e+01
-1.067154091991922726e+01 2.090073649615459317e+01 6.000000000000000000e+01
-1.102820849345120102e+01 2.091740854043322884e+01 6.000000000000000000e+01
-1.138574093343383709e+01 2.093401517524023703e+01 6.000000000000000000e+01
-1.174412811668425860e+01 2.095055729658133359e+01 6.000000000000000000e+01
-1.210336002882036155e+01 2.096703580087059038e+01 6.000000000000000000e+01
-1.246342676302043806e+01 2.098345158497064133e+01 6.000000000000000000e+01
-1.282431851878133955e+01 2.099980554623981988e+01 6.000000000000000000e+01
-1.318602560067594531e+01 2.101609858258644081e+01 6.000000000000000000e+01
-1.354853841711017282e+01 2.103233159253001716e+01 6.000000000000000000e+01
-1.391184747908000396e+01 2.104850547526958593e+01 6.000000000000000000e+01
-1.427594339892896080e+01 2.106462113075905052e+01 6.000000000000000000e+01
-1.464081688910621892e+01 2.108067945978961433e+01 6.000000000000000000e+01
-1.500645876092585418e+01 2.109668136407937666e+01 6.000000000000000000e+01
-1.537285992332738616e+01 2.111262774637003758e+01 6.000000000000000000e+01
-1.574001138163791147e+01 2.112851951053085031e+01 6.000000000000000000e+01
-1.610790423633614310e+01 2.114435756166984959e+01 6.000000000000000000e+01
-1.647652968181853694e+01 2.116014280625245192e+01 6.000000000000000000e+01
-1.684587900516755710e+01 2.117587615222742770e+01 6.000000000000000000e+01
-1.721594358492258081e+01 2.119155850916049388e+01 6.000000000000000000e+01
-1.758671488985313403e+01 2.120719078837544913e+01 6.000000000000000000e+01
-1.795818447773514137e+01 2.122277390310310352e+01 6.000000000000000000e+01
-1.833034399412970217e+01 2.123830876863803496e+01 6.000000000000000000e+01
-1.870318517116492885e+01 2.125379630250342089e+01 6.000000000000000000e+01
-1.907669982632069861e+01 2.126923742462394173e+01 6.000000000000000000e+01
-1.945087986121633961e+01 2.128463305750705814e+01 6.000000000000000000e+01
-1.982571726040144000e+01 2.129998412643275074e+01 6.000000000000000000e+01
-2.020120409014952401e+01 2.131529155965195699e+01 6.000000000000000000e+01
-2.057733249725475133e+01 2.133055628859389685e+01 6.000000000000000000e+01
-2.095409470783154759e+01 2.134577924808246507e+01 6.000000000000000000e+01
-2.133148302611706271e+01 2.136096137656204164e+01 6.000000000000000000e+01
-2.170948983327638970e+01 2.137610361633277378e+01 6.000000000000000000e+01
-2.208810758621044812e+01 2.139120691379583761e+01 6.000000000000000000e+01
-2.246732881636636847e+01 2.140627221970873961e+01 6.000000000000000000e+01
-2.284714612855007232e+01 2.142130048945112719e+01 6.000000000000000000e+01
-2.322755219974143159e+01 2.143629268330134252e+01 6.000000000000000000e+01
-2.360853977791087743e+01 2.145124976672408579e+01 6.000000000000000000e+01
-2.399010168083819039e+01 2.146617271066955368e+01 6.000000000000000000e+01
-2.437223079493255185e+01 2.148106249188447237e+01 6.000000000000000000e+01
-2.475492007405390638e+01 2.149592009323536246e+01 6.000000000000000000e+01
-2.513816253833529402e+01 2.151074650404454403e+01 6.000000000000000000e+01
-2.552195127300569055e+01 2.152554272043929018e+01 6.000000000000000000e+01
-2.590627942721334875e+01 2.154030974571468349e+01 6.000000000000000000e+01
-2.629114021284883052e+01 2.155504859071059798e+01 6.000000000000000000e+01
-2.667652690336762689e+01 2.156976027420344622e+01 6.000000000000000000e+01
-2.706243283261192190e+01 2.158444582331322792e+01 6.000000000000000000e+01
-2.744885139363108451e+01 2.159910627392648053e+01 6.000000000000000000e+01
-2.783577603750004315e+01 2.161374267113581382e+01 6.000000000000000000e+01
-2.822320027213561033e+01 2.162835606969667523e+01 6.000000000000000000e+01
-2.861111766110976262e+01 2.164294753450216291e+01 6.000000000000000000e+01
-2.899952182245962717e+01 2.165751814107647988e+01 6.000000000000000000e+01
-2.938840642749313758e+01 2.167206897608804184e+01 6.000000000000000000e+01
-2.977776519959017065e+01 2.168660113788295618e+01 6.000000000000000000e+01
-3.016759191299837539e+01 2.170111573703980667e+01 6.000000000000000000e+01
-3.055788039162251479e+01 2.171561389694680599e+01 6.000000000000000000e+01
-3.094862450780744467e+01 2.173009675440213684e+01 6.000000000000000000e+01
-3.133981818111280759e+01 2.174456546023873571e+01 6.000000000000000000e+01
-3.173145537707984687e+01 2.175902117997459229e+01 6.000000000000000000e+01
-3.212353010598803849e+01 2.177346509448970480e+01 6.000000000000000000e+01
-3.251603642160207386e+01 2.178789840073108053e+01 6.000000000000000000e+01
-3.290896841990679178e+01 2.180232231244703200e+01 6.000000000000000000e+01
-3.330232023782993878e+01 2.181673806095224322e+01 6.000000000000000000e+01
-3.369608605195134743e+01 2.183114689592509805e+01 6.000000000000000000e+01
-3.409026007719725726e+01 2.184555008623891581e+01 6.000000000000000000e+01
-3.448483656551839260e+01 2.185994892082866414e+01 6.000000000000000000e+01
-3.487980980455093061e+01 2.187434470959515309e+01 6.000000000000000000e+01
-3.527517411625866828e+01 2.188873878434840847e+01 6.000000000000000000e+01
-3.567092385555437062e+01 2.190313249979238464e+01 6.000000000000000000e+01
-3.606705340889999434e+01 2.191752723455309493e+01 6.000000000000000000e+01
-3.646355719288278863e+01 2.193192439225243717e+01 6.000000000000000000e+01
-3.686042965276632799e+01 2.194632540263022946e+01 6.000000000000000000e+01
-3.725766526101402576e+01 2.196073172271682594e+01 6.000000000000000000e+01
-3.765525851578393457e+01 2.197514483805927199e+01 6.000000000000000000e+01
-3.805320393939177137e+01 2.198956626400368108e+01 6.000000000000000000e+01
-3.845149607674047587e+01 2.200399754703711608e+01 6.000000000000000000e+01
-3.885012949371378710e+01 2.201844026619208350e+01 6.000000000000000000e+01
-3.924909877553153592e+01 2.203289603451721135e+01 6.000000000000000000e+01
-3.964839852506334239e+01 2.204736650061787628e+01 6.000000000000000000e+01
-4.004802336109853655e+01 2.206185335027058159e+01 6.000000000000000000e+01
-4.044796791656885659e+01 2.207635830811547706e+01 6.000000000000000000e+01
-4.084822683672063448e+01 2.209088313943141912e+01 6.000000000000000000e+01
-4.124879477723345644e+01 2.210542965199833176e+01 6.000000000000000000e+01
-4.164966640228091421e+01 2.211999969805206945e+01 6.000000000000000000e+01
-4.205083638253023537e+01 2.213459517633723905e+01 6.000000000000000000e+01
-4.245229939307585454e+01 2.214921803426370772e+01 6.000000000000000000e+01
-4.285405011130317376e+01 2.216387027017315958e+01 6.000000000000000000e+01
-4.325608321467731798e+01 2.217855393572225964e+01 6.000000000000000000e+01
-4.365839337845147838e+01 2.219327113838965460e+01 6.000000000000000000e+01
-4.406097527329018249e+01 2.220802404411431752e+01 6.000000000000000000e+01
-4.446382356280064840e+01 2.222281488007357098e+01 6.000000000000000000e+01
-4.486693290096682318e+01 2.223764593760934005e+01 6.000000000000000000e+01
-4.527029792947871556e+01 2.225251957531223823e+01 6.000000000000000000e+01
-4.567391327495015929e+01 2.226743822227335556e+01 6.000000000000000000e+01
-4.607777354601697795e+01 2.228240438151471281e+01 6.000000000000000000e+01
-4.648187333030762147e+01 2.229742063360992432e+01 6.000000000000000000e+01
-4.688620719127690251e+01 2.231248964050746508e+01 6.000000000000000000e+01
-4.729076966489334666e+01 2.232761414957017720e+01 6.000000000000000000e+01
-4.769555525617004577e+01 2.234279699784514506e+01 6.000000000000000000e+01
-4.810055843552734700e+01 2.235804111657975923e+01 6.000000000000000000e+01
-4.850577363497590255e+01 2.237334953600049303e+01 6.000000000000000000e+01
-4.891119524410682118e+01 2.238872539037260978e+01 6.000000000000000000e+01
-4.931681760587475338e+01 2.240417192336009578e+01 6.000000000000000000e+01
-4.972263501215925885e+01 2.241969249370700368e+01 6.000000000000000000e+01
-5.012864169908781520e+01 2.243529058126275899e+01 6.000000000000000000e+01
-5.053483184210264056e+01 2.245096979337608545e+01 6.000000000000000000e+01
-5.094119955075274930e+01 2.246673387168402414e+01 6.000000000000000000e+01
-5.134773886318984637e+01 2.248258669932480203e+01 6.000000000000000000e+01
-5.175444374034600514e+01 2.249853230860571074e+01 6.000000000000000000e+01
-5.216130805976874285e+01 2.251457488915973215e+01 6.000000000000000000e+01
-5.256832560908678431e+01 2.253071879662752508e+01 6.000000000000000000e+01
-5.297549007907780094e+01 2.254696856190459187e+01 6.000000000000000000e+01
-5.338279505630674748e+01 2.256332890099680455e+01 6.000000000000000000e+01
-5.379023401530106696e+01 2.257980472553134987e+01 6.000000000000000000e+01
-5.419780031022485645e+01 2.259640115397418469e+01 6.000000000000000000e+01
-5.460548716601205399e+01 2.261312352360991440e+01 6.000000000000000000e+01
-5.501328766891414546e+01 2.262997740334467522e+01 6.000000000000000000e+01
-5.542119475641379722e+01 2.264696860739853790e+01 6.000000000000000000e+01
-5.582920120645187723e+01 2.266410320995985828e+01 6.000000000000000000e+01
-5.623729962590945064e+01 2.268138756088070451e+01 6.000000000000000000e+01
-5.664548243828149054e+01 2.269882830250019623e+01 6.000000000000000000e+01
-5.705374187047225831e+01 2.271643238769060247e+01 6.000000000000000000e+01
-5.746206993863625456e+01 2.273420709923041372e+01 6.000000000000000000e+01
-5.787045843297986636e+01 2.275216007061845147e+01 6.000000000000000000e+01
-5.827889890143150353e+01 2.277029930845475292e+01 6.000000000000000000e+01
-5.868738263207787043e+01 2.278863321652598017e+01 6.000000000000000000e+01
-5.909590063425355311e+01 2.280717062174737819e+01 6.000000000000000000e+01
-5.950444361815988259e+01 2.282592080212861063e+01 6.000000000000000000e+01
-5.991300197287479534e+01 2.284489351694797676e+01 6.000000000000000000e+01
-6.032156574260189075e+01 2.286409903933891741e+01 6.000000000000000000e+01
-6.073012460098964027e+01 2.288354819151396313e+01 6.000000000000000000e+01
-6.113866782333317929e+01 2.290325238287556431e+01 6.000000000000000000e+01
-6.154718425645091173e+01 2.292322365128979200e+01 6.000000000000000000e+01
-6.195566228600348779e+01 2.294347470782932774e+01 6.000000000000000000e+01
-6.236408980099812993e+01 2.296401898532577590e+01 6.000000000000000000e+01
-6.277245415518935090e+01 2.298487069110938208e+01 6.000000000000000000e+01
-6.318074212505513287e+01 2.300604486435688756e+01 6.000000000000000000e+01
-6.358893986398874176e+01 2.302755743851648518e+01 6.000000000000000000e+01
-6.399703285230275185e+01 2.304942530933301015e+01 6.000000000000000000e+01
-6.440500584259362427e+01 2.307166640905761668e+01 6.000000000000000000e+01
-6.481284279995857389e+01 2.309429978749577472e+01 6.000000000000000000e+01
-6.522052683649317828e+01 2.311734570062527894e+01 6.000000000000000000e+01
-6.562804013942553638e+01 2.314082570760526636e+01 6.000000000000000000e+01
-6.603536389215950919e+01 2.316476277709749709e+01 6.000000000000000000e+01
-6.644247818740521438e+01 2.318918140393595095e+01 6.000000000000000000e+01
-6.684936193146556604e+01 2.321410773731062349e+01 6.000000000000000000e+01
-6.725599273862228245e+01 2.323956972177976255e+01 6.000000000000000000e+01
-6.766234681442135468e+01 2.326559725259361855e+01 6.000000000000000000e+01
-6.806839882649174456e+01 2.329222234700536021e+01 6.000000000000000000e+01
-6.847412176133934736e+01 2.331947933346516066e+01 6.000000000000000000e+01
-6.887948676533596881e+01 2.334740506084493106e+01 6.000000000000000000e+01
-6.928446296786698611e+01 2.337603913012929624e+01 6.000000000000000000e+01
-6.968901728430161313e+01 2.340542415133822018e+01 6.000000000000000000e+01
-7.009311419610320115e+01 2.343560602882449828e+01 6.000000000000000000e+01
-7.049671550499174089e+01 2.346663427852291051e+01 6.000000000000000000e+01
-7.089978005759762425e+01 2.349856238122419327e+01 6.000000000000000000e+01
-7.130226343649356124e+01 2.353144817651712728e+01 6.000000000000000000e+01
-7.170411761284212560e+01 2.356535430269471121e+01 6.000000000000000000e+01
-7.210529055513757157e+01 2.360034868866858559e+01 6.000000000000000000e+01
-7.250572578762339049e+01 2.363650510479140721e+01 6.000000000000000000e+01
-7.290536189091602637e+01 2.367390378046406241e+01 6.000000000000000000e+01
-7.330413193612137945e+01 2.371263209751742806e+01 6.000000000000000000e+01
-7.370196284226310013e+01 2.375278536962100162e+01 6.000000000000000000e+01
-7.409877464510866218e+01 2.379446771939605654e+01 6.000000000000000000e+01
-7.449447966342484051e+01 2.383779306650893659e+01 6.000000000000000000e+01
-7.488898154626518533e+01 2.388288624179475406e+01 6.000000000000000000e+01
-7.528217418201492706e+01 2.392988424440623874e+01 6.000000000000000000e+01
-7.567394044651260288e+01 2.400000000000000000e+01 6.000000000000000000e+01
