-2.304461956309560833e+01 0.000000000000000000e+00 9.000000000000000000e+01
-2.343398593956796105e+01 4.309732730268863582e-02 9.000000000000000000e+01
-2.382260520638348922e+01 6.599495919508087394e-02 9.000000000000000000e+01
-2.421045890834543357e+01 8.903001200357507638e-02 9.000000000000000000e+01
-2.459752826365746259e+01 1.122055764988535015e-01 9.000000000000000000e+01
-2.498379415502883205e+01 1.355247829531380233e-01 9.000000000000000000e+01
-2.536923712060680458e+01 1.589908017569901244e-01 9.000000000000000000e+01
-2.575383734473289721e+01 1.826068440196947085e-01 9.000000000000000000e+01
-2.613757464852238499e+01 2.063761621514029476e-01 9.000000000000000000e+01
-2.652042848026424338e+01 2.303020504249958245e-01 9.000000000000000000e+01
-2.690237790564124865e+01 2.543878455155770268e-01 9.000000000000000000e+01
-2.728340159776779927e+01 2.786369270152504463e-01 9.000000000000000000e+01
-2.766347782704575309e+01 3.030527179207816446e-01 9.000000000000000000e+01
-2.804258445083685558e+01 3.276386850915301574e-01 9.000000000000000000e+01
-2.842069890295211465e+01 3.523983396748791574e-01 9.000000000000000000e+01
-2.879779818295819993e+01 3.773352374962286038e-01 9.000000000000000000e+01
-2.917385884530130369e+01 4.024529794103933189e-01 9.000000000000000000e+01
-2.954885698824979912e+01 4.277552116110988067e-01 9.000000000000000000e+01
-2.992276824265729118e+01 4.532456258950226524e-01 9.000000000000000000e+01
-3.029556776054790745e+01 4.789279598766589263e-01 9.000000000000000000e+01
-3.066723020352731410e+01 5.048059971499996301e-01 9.000000000000000000e+01
-3.103772973102183741e+01 5.308835673928659071e-01 9.000000000000000000e+01
-3.140703998835084931e+01 5.571645464094227007e-01 9.000000000000000000e+01
-3.177513409463648486e+01 5.836528561061767872e-01 9.000000000000000000e+01
-3.214198463055693367e+01 6.103524643965202445e-01 9.000000000000000000e+01
-3.250756362594951554e+01 6.372673850285798247e-01 9.000000000000000000e+01
-3.287184254727127097e+01 6.644016773308480950e-01 9.000000000000000000e+01
-3.323479228492546156e+01 6.917594458698133053e-01 9.000000000000000000e+01
-3.359638314046378582e+01 7.193448400134956344e-01 9.000000000000000000e+01
-3.395658481367483716e+01 7.471620533944606235e-01 9.000000000000000000e+01
-3.431536638957113894e+01 7.752153232656057158e-01 9.000000000000000000e+01
-3.467269632528788748e+01 8.035089297416606602e-01 9.000000000000000000e+01
-3.502854243690828184e+01 8.320471949190417771e-01 9.000000000000000000e+01
-3.538287188623202439e+01 8.608344818663434816e-01 9.000000000000000000e+01
-3.573565116750435067e+01 8.898751934773931893e-01 9.000000000000000000e+01
-3.608684609412581779e+01 9.191737711785049614e-01 9.000000000000000000e+01
-3.643642178536380527e+01 9.487346934811511368e-01 9.000000000000000000e+01
-3.678434265308974460e+01 9.785624743710079620e-01 9.000000000000000000e+01
-3.713057238856671916e+01 1.008661661523855724e+00 9.000000000000000000e+01
-3.747507394931578517e+01 1.039036834338648685e+00 9.000000000000000000e+01
-3.781780954609028811e+01 1.069692601777526786e+00 9.000000000000000000e+01
-3.815874062999068883e+01 1.100633600002410617e+00 9.000000000000000000e+01
-3.849782787975475884e+01 1.131864489797338891e+00 9.000000000000000000e+01
-3.883503118926017095e+01 1.163389953765509466e+00 9.000000000000000000e+01
-3.917030965528006448e+01 1.195214693289649688e+00 9.000000000000000000e+01
-3.950362156553419624e+01 1.227343425244073583e+00 9.000000000000000000e+01
-3.983492438708211125e+01 1.259780878446598251e+00 9.000000000000000000e+01
-4.016417475510732515e+01 1.292531789838207823e+00 9.000000000000000000e+01
-4.049132846214477865e+01 1.325600900378249403e+00 9.000000000000000000e+01
-4.081634044780772541e+01 1.358992950642782915e+00 9.000000000000000000e+01
-4.113916478907280094e+01 1.392712676113623038e+00 9.000000000000000000e+01
-4.145975469118679513e+01 1.426764802145661815e+00 9.000000000000000000e+01
-4.177806247926083927e+01 1.461154038599939309e+00 9.000000000000000000e+01
-4.209403959062294120e+01 1.495885074130253845e+00 9.000000000000000000e+01
-4.240763656800240966e+01 1.530962570111077614e+00 9.000000000000000000e+01
-4.271880305362454067e+01 1.566391154195004187e+00 9.000000000000000000e+01
-4.302748778429713639e+01 1.602175413488155176e+00 9.000000000000000000e+01
-4.333363858757481779e+01 1.638319887332608582e+00 9.000000000000000000e+01
-4.363720237909102195e+01 1.674829059685386534e+00 9.000000000000000000e+01
-4.393812516115075795e+01 1.711707351084271744e+00 9.000000000000000000e+01
-4.423635202268244626e+01 1.748959110191681265e+00 9.000000000000000000e+01
-4.453182714064942616e+01 1.786588604908656341e+00 9.000000000000000000e+01
-4.482449378302634813e+01 1.824600013052324110e+00 9.000000000000000000e+01
-4.511429431344854635e+01 1.862997412591441471e+00 9.000000000000000000e+01
-4.540117019764660711e+01 1.901784771436160870e+00 9.000000000000000000e+01
-4.568506201177987691e+01 1.940965936779849521e+00 9.000000000000000000e+01
-4.596590945278679641e+01 1.980544623992649633e+00 9.000000000000000000e+01
-4.624365135087185763e+01 2.020524405068644835e+00 9.000000000000000000e+01
-4.651822568425014737e+01 2.060908696630735282e+00 9.000000000000000000e+01
-4.678956959627313239e+01 2.101700747499912314e+00 9.000000000000000000e+01
-4.705761941505911494e+01 2.142903625838382009e+00 9.000000000000000000e+01
-4.732231067575288108e+01 2.184520205878984989e+00 9.000000000000000000e+01
-4.758357814553804133e+01 2.226553154256600831e+00 9.000000000000000000e+01
-4.784135585152488801e+01 2.269004915960730617e+00 9.000000000000000000e+01
-4.809557711163414240e+01 2.311877699932119334e+00 9.000000000000000000e+01
-4.834617456859426454e+01 2.355173464330225563e+00 9.000000000000000000e+01
-4.859308022716613351e+01 2.398893901502542114e+00 9.000000000000000000e+01
-4.883622549470361918e+01 2.443040422691071800e+00 9.000000000000000000e+01
-4.907554122515269768e+01 2.487614142515871318e+00 9.000000000000000000e+01
-4.931095776658412433e+01 2.532615863280236024e+00 9.000000000000000000e+01
-4.954240501234625782e+01 2.578046059147010460e+00 9.000000000000000000e+01
-4.976981245591414904e+01 2.623904860240443337e+00 9.000000000000000000e+01
-4.999310924950030710e+01 2.670192036733083807e+00 9.000000000000000000e+01
-5.021222426647860004e+01 2.716906982982227881e+00 9.000000000000000000e+01
-5.042708616765933982e+01 2.764048701785605022e+00 9.000000000000000000e+01
-5.063762347143691045e+01 2.811615788830834628e+00 9.000000000000000000e+01
-5.084376462781388284e+01 2.859606417418199875e+00 9.000000000000000000e+01
-5.104543809628724205e+01 2.908018323540911165e+00 9.000000000000000000e+01
-5.124257242756060293e+01 2.956848791411381683e+00 9.000000000000000000e+01
-5.143509634902519423e+01 3.006094639526320833e+00 9.000000000000000000e+01
-5.162293885392871573e+01 3.055752207366916995e+00 9.000000000000000000e+01
-5.180602929412619062e+01 3.105817342833820494e+00 9.000000000000000000e+01
-5.198429747628124886e+01 3.156285390519058431e+00 9.000000000000000000e+01
-5.215767376135914901e+01 3.207151180919188160e+00 9.000000000000000000e+01
-5.232608916722504944e+01 3.258409020695117952e+00 9.000000000000000000e+01
-5.248947547413225578e+01 3.310052684084563879e+00 9.000000000000000000e+01
-5.264776533285612459e+01 3.362075405572651388e+00 9.000000000000000000e+01
-5.280089237520040513e+01 3.414469873924673493e+00 9.000000000000000000e+01
-5.294879132657265330e+01 3.467228227682754849e+00 9.000000000000000000e+01
-5.309139812029725647e+01 3.520342052224473939e+00 9.000000000000000000e+01
-5.322865001330609402e+01 3.573802378477009434e+00 9.000000000000000000e+01
-5.336048570281920433e+01 3.627599683374423734e+00 9.000000000000000000e+01
-5.348684544360236259e+01 3.681723892138783150e+00 9.000000000000000000e+01
-5.360767116536407428e+01 3.736164382457632271e+00 9.000000000000000000e+01
-5.372290658983223466e+01 3.790909990620896952e+00 9.000000000000000000e+01
-5.383249734703134948e+01 3.845949019669894220e+00 9.000000000000000000e+01
-5.393639109026339895e+01 3.901269249599450983e+00 9.000000000000000000e+01
-5.403453760928315575e+01 3.956857949641534589e+00 9.000000000000000000e+01
-5.412688894114668159e+01 4.012701892645274881e+00 9.000000000000000000e+01
-5.421339947820686689e+01 4.068787371553925780e+00 9.000000000000000000e+01
-5.429402607272574954e+01 4.125100217964158489e+00 9.000000000000000000e+01
-5.436872813757656786e+01 4.181625822737697895e+00 9.000000000000000000e+01
-5.443746774251356157e+01 4.238349158619179491e+00 9.000000000000000000e+01
-5.450020970549871890e+01 4.295254804798152470e+00 9.000000000000000000e+01
-5.455692167859018582e+01 4.352326973336957394e+00 9.000000000000000000e+01
-5.460757422791625970e+01 4.409549537370351935e+00 9.000000000000000000e+01
-5.465214090728452589e+01 4.466906060967272829e+00 9.000000000000000000e+01
-5.469059832500349927e+01 4.524379830530302016e+00 9.000000000000000000e+01
-5.472292620352845915e+01 4.581953887594434782e+00 9.000000000000000000e+01
-5.474910743157941795e+01 4.639611062873697733e+00 9.000000000000000000e+01
-5.476912810842070911e+01 4.697334011392519493e+00 9.000000000000000000e+01
-5.478297758003573392e+01 4.755105248528400885e+00 9.000000000000000000e+01
-5.479064846697733770e+01 4.812907186783627722e+00 9.000000000000000000e+01
-5.479213668372381818e+01 4.870722173096754481e+00 9.000000000000000000e+01
-5.478744144942186978e+01 4.928532526499238564e+00 9.000000000000000000e+01
-5.477656528995053264e+01 4.986320575919267917e+00 9.000000000000000000e+01
-5.475951403129310791e+01 5.044068697933369982e+00 9.000000000000000000e+01
-5.473629678425817957e+01 5.101759354266900637e+00 9.000000000000000000e+01
-5.470692592064327897e+01 5.159375128846948044e+00 9.000000000000000000e+01
-5.467141704098717980e+01 5.216898764215637030e+00 9.000000000000000000e+01
-5.462978893410656411e+01 5.274313197117995955e+00 9.000000000000000000e+01
-5.458206352866235989e+01 5.331601593086492841e+00 9.000000000000000000e+01
-5.452826583704505481e+01 5.388747379854129882e+00 9.000000000000000000e+01
-5.446842389191176181e+01 5.445734279438798175e+00 9.000000000000000000e+01
-5.440256867574714761e+01 5.502546338754235045e+00 9.000000000000000000e+01
-5.433073404385432781e+01 5.559167958616344052e+00 9.000000000000000000e+01
-5.425295664121397010e+01 5.615583921028061809e+00 9.000000000000000000e+01
-5.416927581367606592e+01 5.671779414641300754e+00 9.000000000000000000e+01
-5.407973351397077977e+01 5.727740058310002880e+00 9.000000000000000000e+01
-5.398437420304266965e+01 5.783451922664568201e+00 9.000000000000000000e+01
-5.388324474722562485e+01 5.838901549653881418e+00 9.000000000000000000e+01
-5.377639431178315021e+01 5.894075970017392585e+00 9.000000000000000000e+01
-5.366387425134421818e+01 5.948962718665224081e+00 9.000000000000000000e+01
-5.354573799776236598e+01 6.003549847959853913e+00 9.000000000000000000e+01
-5.342204094592279517e+01 6.057825938907432928e+00 9.000000000000000000e+01
-5.329284033801247489e+01 6.111780110280808920e+00 9.000000000000000000e+01
-5.315819514675681745e+01 6.165402025709433964e+00 9.000000000000000000e+01
-5.301816595811035882e+01 6.218681898783301243e+00 9.000000000000000000e+01
-5.287281485387138247e+01 6.271610496229286902e+00 9.000000000000000000e+01
-5.272220529466804351e+01 6.324179139227977586e+00 9.000000000000000000e+01
-5.256640200374199878e+01 6.376379702947955863e+00 9.000000000000000000e+01
-5.240547085192836363e+01 6.428204614382019955e+00 9.000000000000000000e+01
-5.223947874420613147e+01 6.479646848576193108e+00 9.000000000000000000e+01
-5.206849350816361977e+01 6.530699923347611957e+00 9.000000000000000000e+01
-5.189258378469634891e+01 6.581357892591396919e+00 9.000000000000000000e+01
-5.171181892122413615e+01 6.631615338279547522e+00 9.000000000000000000e+01
-5.152626886768604209e+01 6.681467361256848925e+00 9.000000000000000000e+01
-5.133600407554250467e+01 6.730909570939593856e+00 9.000000000000000000e+01
-5.114109539998354137e+01 6.779938074022917149e+00 9.000000000000000000e+01
-5.094161400551621455e+01 6.828549462301742423e+00 9.000000000000000000e+01
-5.073763127507503867e+01 6.876740799708497498e+00 9.000000000000000000e+01
-5.052921872277310200e+01 6.924509608668622640e+00 9.000000000000000000e+01
-5.031644791038694819e+01 6.971853855871798622e+00 9.000000000000000000e+01
-5.009939036764348685e+01 7.018771937553458962e+00 9.000000000000000000e+01
-4.987811751635445034e+01 7.065262664377098822e+00 9.000000000000000000e+01
-4.965270059842346484e+01 7.111325246003775469e+00 9.000000000000000000e+01
-4.942321060772996333e+01 7.156959275430517131e+00 9.000000000000000000e+01
-4.918971822587694476e+01 7.202164713174576960e+00 9.000000000000000000e+01
-4.895229376177188385e+01 7.246941871375569555e+00 9.000000000000000000e+01
-4.871100709499600612e+01 7.291291397882451619e+00 9.000000000000000000e+01
-4.846592762290232059e+01 7.335214260387227903e+00 9.000000000000000000e+01
-4.821712421137197424e+01 7.378711730662251611e+00 9.000000000000000000e+01
-4.796466514914644819e+01 7.421785368952875217e+00 9.000000000000000000e+01
-4.770861810564470318e+01 7.464437008572430976e+00 9.000000000000000000e+01
-4.744905009216625302e+01 7.506668740741586632e+00 9.000000000000000000e+01
-4.718602742637389014e+01 7.548482899709570759e+00 9.000000000000000000e+01
-4.691961569994491299e+01 7.589882048190358610e+00 9.000000000000000000e+01
-4.664987974927478120e+01 7.630868963142485306e+00 9.000000000000000000e+01
-4.637688362911406870e+01 7.671446621917310082e+00 9.000000000000000000e+01
-4.610069058901659389e+01 7.711618188796563800e+00 9.000000000000000000e+01
-4.582136305247620811e+01 7.751387001936555166e+00 9.000000000000000000e+01
-4.553896259862690954e+01 7.790756560733012037e+00 9.000000000000000000e+01
-4.525354994638357908e+01 7.829730513617311871e+00 9.000000000000000000e+01
-4.496518494089852425e+01 7.868312646292225487e+00 9.000000000000000000e+01
-4.467392654221270476e+01 7.906506870412331800e+00 9.000000000000000000e+01
-4.437983281597973928e+01 7.944317212712132203e+00 9.000000000000000000e+01
-4.408296092614525463e+01 7.981747804582477457e+00 9.000000000000000000e+01
-4.378336712946525466e+01 8.018802872094029865e+00 9.000000000000000000e+01
-4.348110677175000660e+01 8.055486726464692993e+00 9.000000000000000000e+01
-4.317623428572439792e+01 8.091803754966292672e+00 9.000000000000000000e+01
-4.286880319039722309e+01 8.127758412264514121e+00 9.000000000000000000e+01
-4.255886609183712466e+01 8.163355212184615795e+00 9.000000000000000000e+01
-4.224647468525549954e+01 8.198598719894699016e+00 9.000000000000000000e+01
-4.193167975830101568e+01 8.233493544497061833e+00 9.000000000000000000e+01
-4.161453119547409329e+01 8.268044332017694842e+00 9.000000000000000000e+01
-4.129507798357367676e+01 8.302255758783006812e+00 9.000000000000000000e+01
-4.097336821809243190e+01 8.336132525172637031e+00 9.000000000000000000e+01
-4.064944911048084464e+01 8.369679349736605545e+00 9.000000000000000000e+01
-4.032336699620394427e+01 8.402900963664754030e+00 9.000000000000000000e+01
-3.999516734351873737e+01 8.435802105596323486e+00 9.000000000000000000e+01
-3.966489476290431782e+01 8.468387516757182709e+00 9.000000000000000000e+01
-3.933259301707947486e+01 8.500661936412294395e+00 9.000000000000000000e+01
-3.899830503154772998e+01 8.532630097620977239e+00 9.000000000000000000e+01
-3.866207290561133902e+01 8.564296723282517121e+00 9.000000000000000000e+01
-3.832393792380124609e+01 8.595666522459790571e+00 9.000000000000000000e+01
-3.798394056767156712e+01 8.626744186968833716e+00 9.000000000000000000e+01
-3.764212052791148011e+01 8.657534388222314803e+00 9.000000000000000000e+01
-3.729851671672990676e+01 8.688041774315150789e+00 9.000000000000000000e+01
-3.695316728047149724e+01 8.718270967340869149e+00 9.000000000000000000e+01
-3.660610961242529982e+01 8.748226560927417239e+00 9.000000000000000000e+01
-3.625738036578987789e+01 8.777913117981508861e+00 9.000000000000000000e+01
-3.590701546676211109e+01 8.807335168630926248e+00 9.000000000000000000e+01
-3.555505012771748596e+01 8.836497208354526123e+00 9.000000000000000000e+01
-3.520151886045473333e+01 8.865403696289883229e+00 9.000000000000000000e+01
-3.484645548947705862e+01 8.894059053709126417e+00 9.000000000000000000e+01
-3.448989316528645332e+01 8.922467662653573939e+00 9.000000000000000000e+01
-3.413186437766842829e+01 8.950633864718339439e+00 9.000000000000000000e+01
-3.377240096894649923e+01 8.978561959978307527e+00 9.000000000000000000e+01
-3.341153414718809955e+01 9.006256206047257962e+00 9.000000000000000000e+01
-3.304929449934438423e+01 9.033720817262304692e+00 9.000000000000000000e+01
-3.268571200430903190e+01 9.060959963986039867e+00 9.000000000000000000e+01
-3.232081604588110224e+01 9.087977772019289802e+00 9.000000000000000000e+01
-3.195463542562026049e+01 9.114778322117484066e+00 9.000000000000000000e+01
-3.158719837558235355e+01 9.141365649604162869e+00 9.000000000000000000e+01
-3.121853257092527301e+01 9.167743744075393053e+00 9.000000000000000000e+01
-3.084866514237638313e+01 9.193916549189035337e+00 9.000000000000000000e+01
-3.047762268855292689e+01 9.219887962533395154e+00 9.000000000000000000e+01
-3.010543128812922475e+01 9.245661835569698894e+00 9.000000000000000000e+01
-2.973211651184362836e+01 9.271241973643487455e+00 9.000000000000000000e+01
-2.935770343434055718e+01 9.296632136059971074e+00 9.000000000000000000e+01
-2.898221664584340118e+01 9.321836036218867250e+00 9.000000000000000000e+01
-2.860568026365352168e+01 9.346857341804360786e+00 9.000000000000000000e+01
-2.822811794347358472e+01 9.371699675026114562e+00 9.000000000000000000e+01
-2.784955289055170979e+01 9.396366612907495863e+00 9.000000000000000000e+01
-2.747000787064505190e+01 9.420861687617367863e+00 9.000000000000000000e+01
-2.708950522080171197e+01 9.445188386842017891e+00 9.000000000000000000e+01
-2.670806685995951568e+01 9.469350154193985958e+00 9.000000000000000000e+01
-2.632571429936152185e+01 9.493350389654827026e+00 9.000000000000000000e+01
-2.594246865278879710e+01 9.517192450048813868e+00 9.000000000000000000e+01
-2.555835064660960398e+01 9.540879649545082941e+00 9.000000000000000000e+01
-2.517338062964719470e+01 9.564415260185514356e+00 9.000000000000000000e+01
-2.478757858286618188e+01 9.587802512436150337e+00 9.000000000000000000e+01
-2.440096412887877264e+01 9.611044595759851816e+00 9.000000000000000000e+01
-2.401355654127366535e+01 9.634144659208121908e+00 9.000000000000000000e+01
-2.362537475376752383e+01 9.657105812030268410e+00 9.000000000000000000e+01
-2.323643736918291580e+01 9.679931124297899814e+00 9.000000000000000000e+01
-2.284676266825359647e+01 9.702623627543321305e+00 9.000000000000000000e+01
-2.245636861825976283e+01 9.725186315410049076e+00 9.000000000000000000e+01
-2.206527288149658261e+01 9.747622144314087578e+00 9.000000000000000000e+01
-2.167349282357732321e+01 9.769934034114619692e+00 9.000000000000000000e+01
-2.128104552157524409e+01 9.792124868792773995e+00 9.000000000000000000e+01
-2.088794777200579844e+01 9.814197497137387316e+00 9.000000000000000000e+01
-2.049421609865300908e+01 9.836154733436613284e+00 9.000000000000000000e+01
-2.009986676024289309e+01 9.857999358174415860e+00 9.000000000000000000e+01
-1.970491575796650352e+01 9.879734118731022363e+00 9.000000000000000000e+01
-1.930937884285627959e+01 9.901361730086453150e+00 9.000000000000000000e+01
-1.891327152301896675e+01 9.922884875526387205e+00 9.000000000000000000e+01
-1.851660907072754725e+01 9.944306207349622895e+00 9.000000000000000000e+01
-1.811940652937654406e+01 9.965628347576476642e+00 9.000000000000000000e+01
-1.772167872030301794e+01 9.986853888657545752e+00 9.000000000000000000e+01
-1.732344024947699168e+01 1.000798539418226873e+01 9.000000000000000000e+01
-1.692470551406482571e+01 1.002902539958676442e+01 9.000000000000000000e+01
-1.652548870886806753e+01 1.004997641286057686e+01 9.000000000000000000e+01
-1.612580383264209516e+01 1.007084091525184455e+01 9.000000000000000000e+01
-1.572566469429700575e+01 1.009162136197057791e+01 9.000000000000000000e+01
-1.532508491898429348e+01 1.011232018288973400e+01 9.000000000000000000e+01
-1.492407795407308946e+01 1.013293978324374578e+01 9.000000000000000000e+01
-1.452265707501818603e+01 1.015348254432432640e+01 9.000000000000000000e+01
-1.412083539112427388e+01 1.017395082417329988e+01 9.000000000000000000e+01
-1.371862585120859279e+01 1.019434695827226811e+01 9.000000000000000000e+01
-1.331604124916571585e+01 1.021467326022894362e+01 9.000000000000000000e+01
-1.291309422943779950e+01 1.023493202246007527e+01 9.000000000000000000e+01
-1.250979729239286620e+01 1.025512551687078222e+01 9.000000000000000000e+01
-1.210616279961465658e+01 1.027525599553027291e+01 9.000000000000000000e+01
-1.170220297910726792e+01 1.029532569134385511e+01 9.000000000000000000e+01
-1.129792993041692917e+01 1.031533681872122266e+01 9.000000000000000000e+01
-1.089335562967513660e+01 1.033529157424095146e+01 9.000000000000000000e+01
-1.048849193456479334e+01 1.035519213731125099e+01 9.000000000000000000e+01
-1.008335058921329797e+01 1.037504067082696757e+01 9.000000000000000000e+01
-9.677943229015363968e+00 1.039483932182283787e+01 9.000000000000000000e+01
-9.272281385387961095e+00 1.041459022212307417e+01 9.000000000000000000e+01
-8.866376490461027160e+00 1.043429548898731341e+01 9.000000000000000000e+01
-8.460239881706232978e+00 1.045395722575299757e+01 9.000000000000000000e+01
-8.053882806506692305e+00 1.047357752247429019e+01 9.000000000000000000e+01
-7.647316426670990985e+00 1.049315845655755197e+01 9.000000000000000000e+01
-7.240551822893503520e+00 1.051270209339357642e+01 9.000000000000000000e+01
-6.833599999164024830e+00 1.053221048698659423e+01 9.000000000000000000e+01
-6.426471887130103866e+00 1.055168568058021350e+01 9.000000000000000000e+01
-6.019178350413452172e+00 1.057112970728043777e+01 9.000000000000000000e+01
-5.611730188884562764e+00 1.059054459067582776e+01 9.000000000000000000e+01
-5.204138142897048347e+00 1.060993234545500208e+01 9.000000000000000000e+01
-4.796412897484781723e+00 1.062929497802162082e+01 9.000000000000000000e+01
-4.388565086524858216e+00 1.064863448710695160e+01 9.000000000000000000e+01
-3.980605296867960607e+00 1.066795286438022750e+01 9.000000000000000000e+01
-3.572544072439895579e+00 1.068725209505691787e+01 9.000000000000000000e+01
-3.164391918315889729e+00 1.070653415850510193e+01 9.000000000000000000e+01
-2.756159304770558371e+00 1.072580102885010334e+01 9.000000000000000000e+01
-2.347856671306498555e+00 1.074505467557752247e+01 9.000000000000000000e+01
-1.939494430663028179e+00 1.076429706413491694e+01 9.000000000000000000e+01
-1.531082972808766485e+00 1.078353015653221192e+01 9.000000000000000000e+01
-1.122632668919563370e+00 1.080275591194110874e+01 9.000000000000000000e+01
-7.141538753446520227e-01 1.082197628729358208e+01 9.000000000000000000e+01
-3.056569375639113240e-01 1.084119323787972711e+01 9.000000000000000000e+01
1.028478058620637819e-01 1.086040871794508611e+01 9.000000000000000000e+01
5.113500193462071630e-01 1.087962468128766069e+01 9.000000000000000000e+01
9.198393663306723145e-01 1.089884308185479256e+01 9.000000000000000000e+01
1.328305505342529669e+00 1.091806587434006737e+01 9.000000000000000000e+01
1.736738086045751528e+00 1.093729501478049038e+01 9.000000000000000000e+01
2.145126745288062242e+00 1.095653246115403157e+01 9.000000000000000000e+01
2.553461103139742949e+00 1.097578017397781558e+01 9.000000000000000000e+01
2.961730758921508944e+00 1.099504011690703642e+01 9.000000000000000000e+01
3.369925287220010279e+00 1.101431425733489711e+01 9.000000000000000000e+01
3.778034233887203719e+00 1.103360456699361869e+01 9.000000000000000000e+01
4.186047112022158956e+00 1.105291302255680286e+01 9.000000000000000000e+01
4.593953397932316385e+00 1.107224160624329912e+01 9.000000000000000000e+01
5.001742527071322719e+00 1.109159230642267957e+01 9.000000000000000000e+01
5.409403889951890143e+00 1.111096711822259842e+01 9.000000000000000000e+01
5.816926828029920671e+00 1.113036804413811431e+01 9.000000000000000000e+01
6.224300629558322306e+00 1.114979709464316038e+01 9.000000000000000000e+01
6.631514525407544269e+00 1.116925628880437316e+01 9.000000000000000000e+01
7.038557684849876317e+00 1.118874765489732148e+01 9.000000000000000000e+01
7.445419211305572382e+00 1.120827323102539630e+01 9.000000000000000000e+01
7.852088138047815136e+00 1.122783506574144319e+01 9.000000000000000000e+01
8.258553423863512322e+00 1.124743521867225127e+01 9.000000000000000000e+01
8.664803948668096112e+00 1.126707576114611165e+01 9.000000000000000000e+01
9.070828509070553380e+00 1.128675877682345430e+01 9.000000000000000000e+01
9.476615813886882123e+00 1.130648636233077298e+01 9.000000000000000000e+01
9.882154479598845853e+00 1.132626062789788435e+01 9.000000000000000000e+01
1.028743302575476548e+01 1.134608369799864924e+01 9.000000000000000000e+01
1.069243987031061849e+01 1.136595771199520222e+01 9.000000000000000000e+01
1.109716332490732249e+01 1.138588482478579422e+01 9.000000000000000000e+01
1.150159159008249077e+01 1.140586720745630700e+01 9.000000000000000000e+01
1.190571275041305022e+01 1.142590704793547829e+01 9.000000000000000000e+01
1.230951476958571078e+01 1.144600655165386272e+01 9.000000000000000000e+01
1.271298548539315831e+01 1.146616794220657276e+01 9.000000000000000000e+01
1.311611260465184614e+01 1.148639346201979450e+01 9.000000000000000000e+01
1.351888369803922707e+01 1.150668537302103367e+01 9.000000000000000000e+01
1.392128619484721241e+01 1.152704595731314186e+01 9.000000000000000000e+01
1.432330737764827866e+01 1.154747751785196819e+01 9.000000000000000000e+01
1.472493437687170648e+01 1.156798237912763483e+01 9.000000000000000000e+01
1.512615416528676882e+01 1.158856288784933319e+01 9.000000000000000000e+01
1.552695355238909869e+01 1.160922141363348814e+01 9.000000000000000000e+01
1.592731917868800018e+01 1.162996034969520665e+01 9.000000000000000000e+01
1.632723750989049094e+01 1.165078211354275339e+01 9.000000000000000000e+01
1.672669483097975274e+01 1.167168914767495380e+01 9.000000000000000000e+01
1.712567724018422766e+01 1.169268392028119408e+01 9.000000000000000000e+01
1.752417064283387305e+01 1.171376892594382646e+01 9.000000000000000000e+01
1.792216074510123391e+01 1.173494668634265459e+01 9.000000000000000000e+01
1.831963304762268052e+01 1.175621975096111527e+01 9.000000000000000000e+01
1.871657283899786961e+01 1.177759069779386181e+01 9.000000000000000000e+01
1.911296518916338272e+01 1.179906213405526749e+01 9.000000000000000000e+01
1.950879494263688940e+01 1.182063669688835539e+01 9.000000000000000000e+01
1.990404671162975703e+01 1.184231705407371926e+01 9.000000000000000000e+01
2.029870486902339977e+01 1.186410590473779791e+01 9.000000000000000000e+01
2.069275354120723875e+01 1.188600598005987408e+01 9.000000000000000000e+01
2.108617660077445066e+01 1.190802004397718328e+01 9.000000000000000000e+01
2.147895765907219356e+01 1.193015089388727290e+01 9.000000000000000000e+01
2.187108005860359583e+01 1.195240136134690090e+01 9.000000000000000000e+01
2.226252686527823599e+01 1.197477431276654514e+01 9.000000000000000000e+01
2.265328086050749334e+01 1.199727265009952859e+01 9.000000000000000000e+01
2.304332453314297524e+01 1.201989931152479940e+01 9.000000000000000000e+01
2.343264007125360848e+01 1.204265727212216852e+01 9.000000000000000000e+01
2.382120935373989568e+01 1.206554954453880946e+01 9.000000000000000000e+01
2.420901394178207156e+01 1.208857917964577666e+01 9.000000000000000000e+01
2.459603507011915369e+01 1.211174926718300959e+01 9.000000000000000000e+01
2.498225363815751976e+01 1.213506293639143330e+01 9.000000000000000000e+01
2.536765020090551914e+01 1.215852335663045380e+01 9.000000000000000000e+01
2.575220495973299251e+01 1.218213373797912524e+01 9.000000000000000000e+01
2.613589775295327655e+01 1.220589733181915726e+01 9.000000000000000000e+01
2.651870804622590683e+01 1.222981743139766486e+01 9.000000000000000000e+01
2.690061492277925126e+01 1.225389737236767118e+01 9.000000000000000000e+01
2.728159707345078644e+01 1.227814053330392419e+01 9.000000000000000000e+01
2.766163278654529734e+01 1.230255033619172167e+01 9.000000000000000000e+01
2.804069993750985290e+01 1.232713024688606573e+01 9.000000000000000000e+01
2.841877597842498560e+01 1.235188377553841477e+01 9.000000000000000000e+01
2.879583792731319036e+01 1.237681447698807347e+01 9.000000000000000000e+01
2.917186235726479282e+01 1.240192595111513185e+01 9.000000000000000000e+01
2.954682538538201086e+01 1.242722184315154266e+01 9.000000000000000000e+01
2.992070266154367530e+01 1.245270584394691404e+01 9.000000000000000000e+01
3.029346935699163623e+01 1.247838169018520205e+01 9.000000000000000000e+01
3.066510015274265299e+01 1.250425316454835212e+01 9.000000000000000000e+01
3.103556922782863481e+01 1.253032409582271356e+01 9.000000000000000000e+01
3.140485024736899788e+01 1.255659835894377530e+01 9.000000000000000000e+01
3.177291635048089802e+01 1.258307987497453873e+01 9.000000000000000000e+01
3.213974013803196783e+01 1.260977261101251123e+01 9.000000000000000000e+01
3.250529366024294831e+01 1.263668058002025241e+01 9.000000000000000000e+01
3.286954840414735202e+01 1.266380784057379216e+01 9.000000000000000000e+01
3.323247528091629022e+01 1.269115849652323114e+01 9.000000000000000000e+01
3.359404461305894074e+01 1.271873669655942862e+01 9.000000000000000000e+01
3.395422612150844088e+01 1.274654663368031215e+01 9.000000000000000000e+01
3.431298891260588846e+01 1.277459254455017934e+01 9.000000000000000000e+01
3.467030146499570264e+01 1.280287870874490253e+01 9.000000000000000000e+01
3.502613161644644890e+01 1.283140944787564131e+01 9.000000000000000000e+01
3.538044655061440125e+01 1.286018912458344587e+01 9.000000000000000000e+01
3.573321278376723598e+01 1.288922214139662259e+01 9.000000000000000000e+01
3.608439615148673596e+01 1.291851293944248091e+01 9.000000000000000000e+01
3.643396179537369051e+01 1.294806599700478600e+01 9.000000000000000000e+01
3.678187414977625735e+01 1.297788582791774381e+01 9.000000000000000000e+01
3.712809692856873767e+01 1.300797697978711831e+01 9.000000000000000000e+01
3.747259311200760123e+01 1.303834403202876935e+01 9.000000000000000000e+01
3.781532493369436310e+01 1.306899159371432440e+01 9.000000000000000000e+01
3.815625386767823812e+01 1.309992430121374341e+01 9.000000000000000000e+01
3.849534061573231014e+01 1.313114681562384334e+01 9.000000000000000000e+01
3.883254509484129358e+01 1.316266381997176893e+01 9.000000000000000000e+01
3.916782642494071354e+01 1.319448001618210498e+01 9.000000000000000000e+01
3.950114291695023638e+01 1.322660012179586708e+01 9.000000000000000000e+01
3.983245206114748527e+01 1.325902886642966472e+01 9.000000000000000000e+01
4.016171051593115493e+01 1.329177098796282941e+01 9.000000000000000000e+01
4.048887409702589224e+01 1.332483122844032941e+01 9.000000000000000000e+01
4.081389776718476270e+01 1.335821432967914113e+01 9.000000000000000000e+01
4.113673562644796533e+01 1.339192502856546518e+01 9.000000000000000000e+01
4.145734090302126873e+01 1.342596805203052135e+01 9.000000000000000000e+01
4.177566594484011375e+01 1.346034811169231382e+01 9.000000000000000000e+01
4.209166221188939971e+01 1.349506989815107971e+01 9.000000000000000000e+01
4.240528026935366057e+01 1.353013807492634157e+01 9.000000000000000000e+01
4.271646978167446917e+01 1.356555727202355932e+01 9.000000000000000000e+01
4.302517950759780518e+01 1.360133207911896136e+01 9.000000000000000000e+01
4.333135729629678679e+01 1.363746703835153085e+01 9.000000000000000000e+01
4.363495008465895353e+01 1.367396663671159196e+01 9.000000000000000000e+01
4.393590389583255273e+01 1.371083529801636836e+01 9.000000000000000000e+01
4.423416383912853433e+01 1.374807737446356803e+01 9.000000000000000000e+01
4.452967411137978360e+01 1.378569713775511474e+01 9.000000000000000000e+01
4.482237799986258864e+01 1.382369876978430412e+01 9.000000000000000000e+01
4.511221788688794021e+01 1.386208635288089397e+01 9.000000000000000000e+01
4.539913525617538426e+01 1.390086385961034843e+01 9.000000000000000000e+01
4.568307070112270907e+01 1.394003514212480255e+01 9.000000000000000000e+01
4.596396393508999978e+01 1.397960392106560334e+01 9.000000000000000000e+01
4.624175380381691980e+01 1.401957377401907046e+01 9.000000000000000000e+01
4.651637830009494934e+01 1.405994812352949985e+01 9.000000000000000000e+01
4.678777458081808049e+01 1.410073022467614123e+01 9.000000000000000000e+01
4.705587898653536172e+01 1.414192315222341101e+01 9.000000000000000000e+01
4.732062706362977167e+01 1.418352978735667946e+01 9.000000000000000000e+01
4.758195358924768215e+01 1.422555280401938660e+01 9.000000000000000000e+01
4.783979259910067583e+01 1.426799465487032137e+01 9.000000000000000000e+01
4.809407741826153426e+01 1.431085755688410011e+01 9.000000000000000000e+01
4.834474069507157878e+01 1.435414347662134382e+01 9.000000000000000000e+01
4.859171443827314363e+01 1.439785411519950742e+01 9.000000000000000000e+01
4.883493005747673976e+01 1.444199089299960903e+01 9.000000000000000000e+01
4.907431840706502157e+01 1.448655493414854512e+01 9.000000000000000000e+01
4.930980983362952941e+01 1.453154705082155118e+01 9.000000000000000000e+01
4.954133422702670231e+01 1.457696772741413049e+01 9.000000000000000000e+01
4.976882107512998488e+01 1.462281710463770601e+01 9.000000000000000000e+01
4.999219952234364683e+01 1.466909496359848220e+01 9.000000000000000000e+01
5.021139843193027019e+01 1.471580070992382971e+01 9.000000000000000000e+01
5.042634645219061440e+01 1.476293335800579243e+01 9.000000000000000000e+01
5.063697208651765891e+01 1.481049151543620646e+01 9.000000000000000000e+01
5.084320376732918589e+01 1.485847336771277405e+01 9.000000000000000000e+01
5.104496993386539572e+01 1.490687666330030048e+01 9.000000000000000000e+01
5.124219911381599246e+01 1.495569869913549610e+01 9.000000000000000000e+01
5.143482000872002402e+01 1.500493630666803213e+01 9.000000000000000000e+01
5.162276158305856200e+01 1.505458583853427434e+01 9.000000000000000000e+01
5.180595315693469871e+01 1.510464315596308893e+01 9.000000000000000000e+01
5.198432450221051937e+01 1.515510361701616304e+01 9.000000000000000000e+01
5.215780594194260544e+01 1.520596206576695941e+01 9.000000000000000000e+01
5.232632845293052526e+01 1.525721282252382061e+01 9.000000000000000000e+01
5.248982377116407605e+01 1.530884967520336737e+01 9.000000000000000000e+01
5.264822449992508524e+01 1.536086587195958586e+01 9.000000000000000000e+01
5.280146422027181785e+01 1.541325411517297184e+01 9.000000000000000000e+01
5.294947760360312117e+01 1.546600655690153303e+01 9.000000000000000000e+01
5.309220052597137141e+01 1.551911479589173304e+01 9.000000000000000000e+01
5.322957018378521354e+01 1.557256987624351119e+01 9.000000000000000000e+01
5.336152521051448616e+01 1.562636228781682490e+01 9.000000000000000000e+01
5.348800579398545096e+01 1.568048196846102904e+01 9.000000000000000000e+01
5.360895379382860426e+01 1.573491830813966352e+01 9.000000000000000000e+01
5.372431285862002426e+01 1.578966015501417530e+01 9.000000000000000000e+01
5.383402854223729150e+01 1.584469582353958828e+01 9.000000000000000000e+01
5.393804841893344815e+01 1.590001310461341077e+01 9.000000000000000000e+01
5.403632219661922420e+01 1.595559927780666420e+01 9.000000000000000000e+01
5.412880182783338512e+01 1.601144112569230415e+01 9.000000000000000000e+01
5.421544161787321769e+01 1.606752495027188132e+01 9.000000000000000000e+01
5.429619832955646075e+01 1.612383659148638415e+01 9.000000000000000000e+01
5.437103128408573838e+01 1.618036144778167795e+01 9.000000000000000000e+01
5.443990245749357371e+01 1.623708449868267678e+01 9.000000000000000000e+01
5.450277657215674765e+01 1.629399032931481628e+01 9.000000000000000000e+01
5.455962118288342566e+01 1.635106315679472644e+01 9.000000000000000000e+01
5.461040675709639913e+01 1.640828685839642986e+01 9.000000000000000000e+01
5.465510674866080620e+01 1.646564500138390486e+01 9.000000000000000000e+01
5.469369766493296225e+01 1.652312087438563992e+01 9.000000000000000000e+01
5.472615912664004867e+01 1.658069752017329535e+01 9.000000000000000000e+01
5.475247392023813831e+01 1.663835776969309066e+01 9.000000000000000000e+01
5.477262804243608940e+01 1.669608427718711496e+01 9.000000000000000000e+01
5.478661073661777436e+01 1.675385955623116629e+01 9.000000000000000000e+01
5.479441452094139464e+01 1.681166601650701864e+01 9.000000000000000000e+01
5.479603520794461247e+01 1.686948600111982088e+01 9.000000000000000000e+01
5.479603520794461247e+01 1.686948600111982088e+01 9.000000000000000000e+01
5.479147191553512641e+01 1.692730182426605268e+01 9.000000000000000000e+01
5.478072706929954450e+01 1.698509580905399119e+01 9.000000000000000000e+01
5.476380639611564050e+01 1.704285032527713639e+01 9.000000000000000000e+01
5.474071890910819604e+01 1.710054782694154341e+01 9.000000000000000000e+01
5.471147688404002452e+01 1.715817088935040147e+01 9.000000000000000000e+01
5.467609582728348983e+01 1.721570224555348005e+01 9.000000000000000000e+01
5.463459443556646278e+01 1.727312482197546828e+01 9.000000000000000000e+01
5.458699454773728377e+01 1.733042177304482934e+01 9.000000000000000000e+01
5.453332108883682139e+01 1.738757651465464349e+01 9.000000000000000000e+01
5.447360200680960673e+01 1.744457275629795845e+01 9.000000000000000000e+01
5.440786820222515274e+01 1.750139453173233761e+01 9.000000000000000000e+01
5.433615345141532060e+01 1.755802622804198876e+01 9.000000000000000000e+01
5.425849432346490175e+01 1.761445261298028697e+01 9.000000000000000000e+01
5.417493009151998962e+01 1.767065886049061163e+01 9.000000000000000000e+01
5.408550263890006704e+01 1.772663057431927314e+01 9.000000000000000000e+01
5.399025636051774768e+01 1.778235380965012524e+01 9.000000000000000000e+01
5.388923806012400064e+01 1.783781509270682974e+01 9.000000000000000000e+01
5.378249684390332419e+01 1.789300143828467782e+01 9.000000000000000000e+01
5.367008401094921766e+01 1.794790036518966048e+01 9.000000000000000000e+01
5.355205294114824710e+01 1.800249990957788171e+01 9.000000000000000000e+01
5.342845898099773194e+01 1.805678863620298813e+01 9.000000000000000000e+01
5.329935932787264363e+01 1.811075564759353185e+01 9.000000000000000000e+01
5.316481291324585357e+01 1.816439059119495525e+01 9.000000000000000000e+01
5.302488028534999387e+01 1.821768366452329957e+01 9.000000000000000000e+01
5.287962349175137433e+01 1.827062561838858912e+01 9.000000000000000000e+01
5.272910596228450686e+01 1.832320775825598957e+01 9.000000000000000000e+01
5.257339239277396103e+01 1.837542194382139371e+01 9.000000000000000000e+01
5.241254862994339447e+01 1.842726058688596780e+01 9.000000000000000000e+01
5.224664155788635611e+01 1.847871664762029553e+01 9.000000000000000000e+01
5.207573898644496779e+01 1.852978362931422751e+01 9.000000000000000000e+01
5.189990954181403282e+01 1.858045557171252682e+01 9.000000000000000000e+01
5.171922255965883863e+01 1.863072704303933591e+01 9.000000000000000000e+01
5.153374798100579568e+01 1.868059313081655759e+01 9.000000000000000000e+01
5.134355625113592225e+01 1.873004943158188951e+01 9.000000000000000000e+01
5.114871822168163362e+01 1.877909203961250739e+01 9.000000000000000000e+01
5.094930505609982418e+01 1.882771753475945076e+01 9.000000000000000000e+01
5.074538813866612230e+01 1.887592296949597426e+01 9.000000000000000000e+01
5.053703898710890741e+01 1.892370585528106020e+01 9.000000000000000000e+01
5.032432916897656838e+01 1.897106414833603694e+01 9.000000000000000000e+01
5.010733022180667007e+01 1.901799623492921398e+01 9.000000000000000000e+01
4.988611357714373895e+01 1.906450091625900356e+01 9.000000000000000000e+01
4.966075048843042339e+01 1.911057739302220426e+01 9.000000000000000000e+01
4.943131196277742134e+01 1.915622524974928353e+01 9.000000000000000000e+01
4.919786869659906614e+01 1.920144443898372089e+01 9.000000000000000000e+01
4.896049101508454982e+01 1.924623526537768825e+01 9.000000000000000000e+01
4.871924881546026853e+01 1.929059836977111431e+01 9.000000000000000000e+01
4.847421151398369688e+01 1.933453471331619156e+01 9.000000000000000000e+01
4.822544799659905834e+01 1.937804556170437564e+01 9.000000000000000000e+01
4.797302657317197827e+01 1.942113246954769679e+01 9.000000000000000000e+01
4.771701493521296555e+01 1.946379726496160245e+01 9.000000000000000000e+01
4.745748011699009083e+01 1.950604203439139539e+01 9.000000000000000000e+01
4.719448845992543795e+01 1.954786910772001463e+01 9.000000000000000000e+01
4.692810558016373079e+01 1.958928104369023160e+01 9.000000000000000000e+01
4.665839633919724605e+01 1.963028061567013083e+01 9.000000000000000000e+01
4.638542481742803147e+01 1.967087079778673342e+01 9.000000000000000000e+01
4.610925429054503155e+01 1.971105475144879193e+01 9.000000000000000000e+01
4.582994720859353066e+01 1.975083581227606899e+01 9.000000000000000000e+01
4.554756517761228451e+01 1.979021747744926785e+01 9.000000000000000000e+01
4.526216894371435018e+01 1.982920339349139738e+01 9.000000000000000000e+01
4.497381837948779548e+01 1.986779734448877477e+01 9.000000000000000000e+01
4.468257247259420950e+01 1.990600324075684924e+01 9.000000000000000000e+01
4.438848931644407259e+01 1.994382510795395547e+01 9.000000000000000000e+01
4.409162610283018324e+01 1.998126707664362200e+01 9.000000000000000000e+01
4.379203911640370706e+01 2.001833337230424803e+01 9.000000000000000000e+01
4.348978373087874871e+01 2.005502830578306828e+01 9.000000000000000000e+01
4.318491440685630778e+01 2.009135626418972365e+01 9.000000000000000000e+01
4.287748469116014149e+01 2.012732170222342987e+01 9.000000000000000000e+01
4.256754721758206017e+01 2.016292913392643271e+01 9.000000000000000000e+01
4.225515370893658940e+01 2.019818312485531919e+01 9.000000000000000000e+01
4.194035498032985743e+01 2.023308828466088372e+01 9.000000000000000000e+01
4.162320094355094824e+01 2.026764926006659451e+01 9.000000000000000000e+01
4.130374061249745665e+01 2.030187072823468597e+01 9.000000000000000000e+01
4.098202210955183489e+01 2.033575739050880316e+01 9.000000000000000000e+01
4.065809267282852346e+01 2.036931396652139981e+01 9.000000000000000000e+01
4.033199866421562518e+01 2.040254518865391375e+01 9.000000000000000000e+01
4.000378557813902347e+01 2.043545579683742375e+01 9.000000000000000000e+01
3.967349805098083948e+01 2.046805053368144911e+01 9.000000000000000000e+01
3.934117987108697179e+01 2.050033413991842579e+01 9.000000000000000000e+01
3.900687398930328698e+01 2.053231135015129638e+01 9.000000000000000000e+01
3.867062252998257321e+01 2.056398688889191817e+01 9.000000000000000000e+01
3.833246680240821291e+01 2.059536546687789738e+01 9.000000000000000000e+01
3.799244731258391994e+01 2.062645177765563531e+01 9.000000000000000000e+01
3.765060377534165070e+01 2.065725049441774530e+01 9.000000000000000000e+01
3.730697512672352190e+01 2.068776626708296718e+01 9.000000000000000000e+01
3.696159953659585540e+01 2.071800371960707565e+01 9.000000000000000000e+01
3.661451442145683899e+01 2.074796744751365551e+01 9.000000000000000000e+01
3.626575645740138043e+01 2.077766201563369819e+01 9.000000000000000000e+01
3.591536159321001520e+01 2.080709195604345396e+01 9.000000000000000000e+01
3.556336506353069637e+01 2.083626176619026182e+01 9.000000000000000000e+01
3.520980140212478915e+01 2.086517590719633830e+01 9.000000000000000000e+01
3.485470445515061755e+01 2.089383880233097557e+01 9.000000000000000000e+01
3.449810739446040486e+01 2.092225483564180522e+01 9.000000000000000000e+01
3.414004273088803387e+01 2.095042835073630982e+01 9.000000000000000000e+01
3.378054232750717745e+01 2.097836364970487111e+01 9.000000000000000000e+01
3.341963741284101275e+01 2.100606499217721890e+01 9.000000000000000000e+01
3.305735859400617471e+01 2.103353659450440105e+01 9.000000000000000000e+01
3.269373586977588531e+01 2.106078262905864307e+01 9.000000000000000000e+01
3.232879864354762134e+01 2.108780722364401328e+01 9.000000000000000000e+01
3.196257573620331627e+01 2.111461446101085215e+01 9.000000000000000000e+01
3.159509539884965434e+01 2.114120837846753531e+01 9.000000000000000000e+01
3.122638532542955758e+01 2.116759296758327835e+01 9.000000000000000000e+01
3.085647266519461240e+01 2.119377217397596525e+01 9.000000000000000000e+01
3.048538403503118488e+01 2.121974989717943672e+01 9.000000000000000000e+01
3.011314553163300545e+01 2.124552999058482428e+01 9.000000000000000000e+01
2.973978274351367190e+01 2.127111626145083889e+01 9.000000000000000000e+01
2.936532076285466530e+01 2.129651247097819322e+01 9.000000000000000000e+01
2.898978419718343957e+01 2.132172233444356735e+01 9.000000000000000000e+01
2.861319718087852593e+01 2.134674952138883341e+01 9.000000000000000000e+01
2.823558338649839428e+01 2.137159765586140026e+01 9.000000000000000000e+01
2.785696603593124721e+01 2.139627031670189083e+01 9.000000000000000000e+01
2.747736791136444623e+01 2.142077103787542569e+01 9.000000000000000000e+01
2.709681136607191476e+01 2.144510330884314087e+01 9.000000000000000000e+01
2.671531833501850173e+01 2.146927057497069313e+01 9.000000000000000000e+01
2.633291034528125962e+01 2.149327623797070075e+01 9.000000000000000000e+01
2.594960852628741321e+01 2.151712365637631663e+01 9.000000000000000000e+01
2.556543361986932439e+01 2.154081614604311312e+01 9.000000000000000000e+01
2.518040599013743375e+01 2.156435698067693707e+01 9.000000000000000000e+01
2.479454563317188587e+01 2.158774939238523771e+01 9.000000000000000000e+01
2.440787218653435886e+01 2.161099657224969661e+01 9.000000000000000000e+01
2.402040493860164005e+01 2.163410167091813463e+01 9.000000000000000000e+01
2.363216283772261406e+01 2.165706779921367442e+01 9.000000000000000000e+01
2.324316450120092625e+01 2.167989802875939631e+01 9.000000000000000000e+01
2.285342822410512653e+01 2.170259539261681425e+01 9.000000000000000000e+01
2.246297198790906080e+01 2.172516288593662281e+01 9.000000000000000000e+01
2.207181346896472718e+01 2.174760346662010591e+01 9.000000000000000000e+01
2.167997004681047457e+01 2.176992005599007030e+01 9.000000000000000000e+01
2.128745881231701986e+01 2.179211553946985447e+01 9.000000000000000000e+01
2.089429657567436394e+01 2.181419276726932566e+01 9.000000000000000000e+01
2.050049987422255526e+01 2.183615455507680991e+01 9.000000000000000000e+01
2.010608498012918233e+01 2.185800368475583610e+01 9.000000000000000000e+01
1.971106790791684205e+01 2.187974290504593000e+01 9.000000000000000000e+01
1.931546442184349033e+01 2.190137493226643883e+01 9.000000000000000000e+01
1.891929004313926654e+01 2.192290245102276458e+01 9.000000000000000000e+01
1.852256005710254527e+01 2.194432811491413204e+01 9.000000000000000000e+01
1.812528952005892080e+01 2.196565454724238009e+01 9.000000000000000000e+01
1.772749326618596299e+01 2.198688434172107975e+01 9.000000000000000000e+01
1.732918591420747134e+01 2.200802006318443205e+01 9.000000000000000000e+01
1.693038187396015459e+01 2.202906424829552279e+01 9.000000000000000000e+01
1.653109535283628162e+01 2.205001940625344048e+01 9.000000000000000000e+01
1.613134036210550448e+01 2.207088801949880974e+01 9.000000000000000000e+01
1.573113072311913285e+01 2.209167254441751282e+01 9.000000000000000000e+01
1.533048007340031660e+01 2.211237541204207702e+01 9.000000000000000000e+01
1.492940187262306218e+01 2.213299902875068170e+01 9.000000000000000000e+01
1.452790940848380430e+01 2.215354577696330196e+01 9.000000000000000000e+01
1.412601580246831467e+01 2.217401801583497090e+01 9.000000000000000000e+01
1.372373401551758043e+01 2.219441808194582322e+01 9.000000000000000000e+01
1.332107685359548199e+01 2.221474828998783835e+01 9.000000000000000000e+01
1.291805697316171297e+01 2.223501093344817292e+01 9.000000000000000000e+01
1.251468688655305783e+01 2.225520828528889083e+01 9.000000000000000000e+01
1.211097896727583745e+01 2.227534259862304822e+01 9.000000000000000000e+01
1.170694545521322283e+01 2.229541610738714041e+01 9.000000000000000000e+01
1.130259846174976879e+01 2.231543102700977599e+01 9.000000000000000000e+01
1.089794997481682337e+01 2.233538955507653512e+01 9.000000000000000000e+01
1.049301186386135853e+01 2.235529387199116869e+01 9.000000000000000000e+01
1.008779588474157229e+01 2.237514614163290716e+01 9.000000000000000000e+01
9.682313684551850486e+00 2.239494851201018832e+01 9.000000000000000000e+01
9.276576806380321116e+00 2.241470311591056586e+01 9.000000000000000000e+01
8.870596694001726235e+00 2.243441207154706518e+01 9.000000000000000000e+01
8.464384696508419736e+00 2.245407748320094043e+01 9.000000000000000000e+01
8.057952072882526906e+00 2.247370144186094620e+01 9.000000000000000000e+01
7.651309996511845846e+00 2.249328602585920933e+01 9.000000000000000000e+01
7.244469559652461754e+00 2.251283330150381801e+01 9.000000000000000000e+01
6.837441777840605361e+00 2.253234532370820631e+01 9.000000000000000000e+01
6.430237594256789535e+00 2.255182413661743723e+01 9.000000000000000000e+01
6.022867884044594611e+00 2.257127177423158670e+01 9.000000000000000000e+01
5.615343458586925074e+00 2.259069026102626410e+01 9.000000000000000000e+01
5.207675069742604634e+00 2.261008161257047888e+01 9.000000000000000000e+01
4.799873414045476849e+00 2.262944783614194577e+01 9.000000000000000000e+01
4.391949136869091497e+00 2.264879093134000954e+01 9.000000000000000000e+01
3.983912836559248660e+00 2.266811289069634228e+01 9.000000000000000000e+01
3.575775068537203616e+00 2.268741570028356591e+01 9.000000000000000000e+01
3.167546349375891968e+00 2.270670134032193488e+01 9.000000000000000000e+01
2.759237160851937709e+00 2.272597178578432064e+01 9.000000000000000000e+01
2.350857953975742376e+00 2.274522900699957972e+01 9.000000000000000000e+01
1.942419153002405530e+00 2.276447497025454680e+01 9.000000000000000000e+01
1.533931159425854673e+00 2.278371163839475955e+01 9.000000000000000000e+01
1.125404355958623759e+00 2.280294097142419929e+01 9.000000000000000000e+01
7.168491105000180941e-01 2.282216492710409028e+01 9.000000000000000000e+01
3.082757800948111027e-01 2.284138546155108429e+01 9.000000000000000000e+01
-1.003052851146837565e-01 2.286060452983485902e+01 9.000000000000000000e+01
-5.088837379410534600e-01 2.287982408657547140e+01 9.000000000000000000e+01
-9.174492302059096271e-01 2.289904608654049412e+01 9.000000000000000000e+01
-1.325991408793556925e+00 2.291827248524226235e+01 9.000000000000000000e+01
-1.734499911701470998e+00 2.293750523953532650e+01 9.000000000000000000e+01
-2.142964364085218065e+00 2.295674630821429574e+01 9.000000000000000000e+01
-2.551374374295438230e+00 2.297599765261227489e+01 9.000000000000000000e+01
-2.959719529904146107e+00 2.299526123720013260e+01 9.000000000000000000e+01
-3.367989393718207047e+00 2.301453903018665414e+01 9.000000000000000000e+01
-3.776173499777115694e+00 2.303383300411987733e+01 9.000000000000000000e+01
-4.184261349332958346e+00 2.305314513648970021e+01 9.000000000000000000e+01
-4.592242406809663002e+00 2.307247741033202004e+01 9.000000000000000000e+01
-5.000106095739377032e+00 2.309183181483448877e+01 9.000000000000000000e+01
-5.407841794673077018e+00 2.311121034594411938e+01 9.000000000000000000e+01
-5.815438833063202750e+00 2.313061500697686057e+01 9.000000000000000000e+01
-6.222886487115458110e+00 2.315004780922934557e+01 9.000000000000000000e+01
-6.630173975607301706e+00 2.316951077259294678e+01 9.000000000000000000e+01
-7.037290455670675016e+00 2.318900592617024969e+01 9.000000000000000000e+01
-7.444225018535974847e+00 2.320853530889420213e+01 9.000000000000000000e+01
-7.850966685235078124e+00 2.322810097014995989e+01 9.000000000000000000e+01
-8.257504402260325449e+00 2.324770497039962436e+01 9.000000000000000000e+01
-8.663827037177133761e+00 2.326734938180998924e+01 9.000000000000000000e+01
-9.069923374187196075e+00 2.328703628888346344e+01 9.000000000000000000e+01
-9.475782109639874662e+00 2.330676778909214164e+01 9.000000000000000000e+01
-9.881391847488675495e+00 2.332654599351531743e+01 9.000000000000000000e+01
-1.028674109469030462e+01 2.334637302748036802e+01 9.000000000000000000e+01
-1.069181825654331597e+01 2.336625103120722358e+01 9.000000000000000000e+01
-1.109661163196350131e+01 2.338618216045634668e+01 9.000000000000000000e+01
-1.150110940869336140e+01 2.340616858718047055e+01 9.000000000000000000e+01
-1.190529965844239513e+01 2.342621250017997170e+01 9.000000000000000000e+01
-1.230917033195560784e+01 2.344631610576200842e+01 9.000000000000000000e+01
-1.271270925400713558e+01 2.346648162840340035e+01 9.000000000000000000e+01
-1.311590411831596192e+01 2.348671131141730939e+01 9.000000000000000000e+01
-1.351874248238078025e+01 2.350700741762361901e+01 9.000000000000000000e+01
-1.392121176223082024e+01 2.352737223002305811e+01 9.000000000000000000e+01
-1.432329922708987802e+01 2.354780805247501974e+01 9.000000000000000000e+01
-1.472499199395003444e+01 2.356831721037888272e+01 9.000000000000000000e+01
-1.512627702205217162e+01 2.358890205135894647e+01 9.000000000000000000e+01
-1.552714110727008823e+01 2.360956494595263422e+01 9.000000000000000000e+01
-1.592757087639504121e+01 2.363030828830202879e+01 9.000000000000000000e+01
-1.632755278131740084e+01 2.365113449684838898e+01 9.000000000000000000e+01
-1.672707309310242607e+01 2.367204601502957573e+01 9.000000000000000000e+01
-1.712611789595652922e+01 2.369304531198008235e+01 9.000000000000000000e+01
-1.752467308108117194e+01 2.371413488323343799e+01 9.000000000000000000e+01
-1.792272434041089113e+01 2.373531725142664328e+01 9.000000000000000000e+01
-1.832025716023209583e+01 2.375659496700633611e+01 9.000000000000000000e+01
-1.871725681467954772e+01 2.377797060893630743e+01 9.000000000000000000e+01
-1.911370835910715726e+01 2.379944678540589464e+01 9.000000000000000000e+01
-1.950959662332958189e+01 2.382102613453884032e+01 9.000000000000000000e+01
-1.990490620473162053e+01 2.384271132510204438e+01 9.000000000000000000e+01
-2.029962146124198341e+01 2.386450505721366966e+01 9.000000000000000000e+01
-2.069372650416821102e+01 2.388641006304996850e+01 9.000000000000000000e+01
-2.108720519088943846e+01 2.390842910755014117e+01 9.000000000000000000e+01
-2.148004111740381106e+01 2.393056498911846219e+01 9.000000000000000000e+01
-2.187221761072746062e+01 2.395282054032288244e+01 9.000000000000000000e+01
-2.226371772114201519e+01 2.397519862858916895e+01 9.000000000000000000e+01
-2.265452421428713237e+01 2.400000000000000000e+01 9.000000000000000000e+01
