2.827840898270527603e+01 0.000000000000000000e+00 9.500000000000000000e+01
2.867236224882444873e+01 2.466657319437976295e-02 9.500000000000000000e+01
2.906565817938630403e+01 4.793294680840406996e-02 9.500000000000000000e+01
2.945827779089601961e+01 7.135449660369883040e-02 9.500000000000000000e+01
2.985020172519072190e+01 9.493495674251133110e-02 9.500000000000000000e+01
3.024141023783295168e+01 1.186781232558536542e-01 9.500000000000000000e+01
3.063188318620806783e+01 1.425878553143516969e-01 9.500000000000000000e+01
3.102160001731797578e+01 1.666680764975302376e-01 9.500000000000000000e+01
3.141053975526435593e+01 1.909227760593011636e-01 9.500000000000000000e+01
3.179868098841536650e+01 2.153560101873276678e-01 9.500000000000000000e+01
3.218600185624852372e+01 2.399719032536044017e-01 9.500000000000000000e+01
3.257248003586373386e+01 2.647746490533698371e-01 9.500000000000000000e+01
3.295809272816051561e+01 2.897685120292978755e-01 9.500000000000000000e+01
3.334281664367261300e+01 3.149578284774868231e-01 9.500000000000000000e+01
3.372662798805554019e+01 3.403470077316387843e-01 9.500000000000000000e+01
3.410950244722095448e+01 3.659405333213814893e-01 9.500000000000000000e+01
3.449141517211277375e+01 3.917429641003824514e-01 9.500000000000000000e+01
3.487234076312140729e+01 4.177589353396223837e-01 9.500000000000000000e+01
3.525225325413111221e+01 4.439931597806806018e-01 9.500000000000000000e+01
3.563112609619782489e+01 4.704504286436167471e-01 9.500000000000000000e+01
3.600893214085447624e+01 4.971356125835197370e-01 9.500000000000000000e+01
3.638564362304135358e+01 5.240536625893450484e-01 9.500000000000000000e+01
3.676123214366116088e+01 5.512096108182508170e-01 9.500000000000000000e+01
3.713566865175739906e+01 5.786085713580201295e-01 9.500000000000000000e+01
3.750892342631779997e+01 6.062557409097248939e-01 9.500000000000000000e+01
3.788096605770398639e+01 6.341563993821561773e-01 9.500000000000000000e+01
3.825176542871044205e+01 6.623159103889293409e-01 9.500000000000000000e+01
3.862128969525761590e+01 6.907397216386067518e-01 9.500000000000000000e+01
3.898950626672486663e+01 7.194333652074661467e-01 9.500000000000000000e+01
3.935638178593053027e+01 7.484024576837944309e-01 9.500000000000000000e+01
3.972188210876913672e+01 7.776527001720048293e-01 9.500000000000000000e+01
4.008597228351658259e+01 8.071898781439144077e-01 9.500000000000000000e+01
4.044861652981695244e+01 8.370198611238558462e-01 9.500000000000000000e+01
4.080977821736733091e+01 8.671486021934398103e-01 9.500000000000000000e+01
4.116941984431792179e+01 8.975821373008024961e-01 9.500000000000000000e+01
4.152750301541018985e+01 9.283265843584723731e-01 9.500000000000000000e+01
4.188398841987557830e+01 9.593881421128245268e-01 9.500000000000000000e+01
4.223883580912373503e+01 9.907730887673315001e-01 9.500000000000000000e+01
4.259200397425033913e+01 1.022487780340700203e+00 9.500000000000000000e+01
4.294345072339924485e+01 1.054538648739988593e+00 9.500000000000000000e+01
4.329313285901846342e+01 1.086932199527850029e+00 9.500000000000000000e+01
4.364100615505203251e+01 1.119675009361838391e+00 9.500000000000000000e+01
4.398702533411668725e+01 1.152773723082814117e+00 9.500000000000000000e+01
4.433114404471550785e+01 1.186235050428330329e+00 9.500000000000000000e+01
4.467331483854660945e+01 1.220065762345778904e+00 9.500000000000000000e+01
4.501348914797129908e+01 1.254272686879139398e+00 9.500000000000000000e+01
4.535161726371105573e+01 1.288862704602047771e+00 9.500000000000000000e+01
4.568764831284956784e+01 1.323842743568879765e+00 9.500000000000000000e+01
4.602153023722342340e+01 1.359219773754712923e+00 9.500000000000000000e+01
4.635320977229099526e+01 1.395000800953950293e+00 9.500000000000000000e+01
4.668263242657737777e+01 1.431192860106698772e+00 9.500000000000000000e+01
4.700974246180187066e+01 1.467803008021258293e+00 9.500000000000000000e+01
4.733448287380024055e+01 1.504838315460270248e+00 9.500000000000000000e+01
4.765679537436598423e+01 1.542305858557879494e+00 9.500000000000000000e+01
4.797662037414099245e+01 1.580212709534604354e+00 9.500000000000000000e+01
4.829389696669689158e+01 1.618565926676727162e+00 9.500000000000000000e+01
4.860856291395759143e+01 1.657372543546901111e+00 9.500000000000000000e+01
4.892055463312272678e+01 1.696639557392970898e+00 9.500000000000000000e+01
4.922980718526322619e+01 1.736373916722721900e+00 9.500000000000000000e+01
4.953625426576871149e+01 1.776582508012924055e+00 9.500000000000000000e+01
4.983982819683839693e+01 1.817272141522449314e+00 9.500000000000000000e+01
5.014045992221660697e+01 1.858449536180764916e+00 9.500000000000000000e+01
5.043807900438439162e+01 1.900121303525066141e+00 9.500000000000000000e+01
5.073261362442958955e+01 1.942293930661993739e+00 9.500000000000000000e+01
5.102399058482694727e+01 1.984973762232697281e+00 9.500000000000000000e+01
5.131213531536965178e+01 2.028166981363637600e+00 9.500000000000000000e+01
5.159697188250330413e+01 2.071879589589785464e+00 9.500000000000000000e+01
5.187842300232033921e+01 2.116117385741418833e+00 9.500000000000000000e+01
5.215641005748253889e+01 2.160885943791519548e+00 9.500000000000000000e+01
5.243085311834371964e+01 2.206190589666723323e+00 9.500000000000000000e+01
5.270167096855129074e+01 2.252036377031798597e+00 9.500000000000000000e+01
5.296878113540938671e+01 2.298428062065527300e+00 9.500000000000000000e+01
5.323209992528725820e+01 2.345370077254123053e+00 9.500000000000000000e+01
5.349154246435853821e+01 2.392866504238034597e+00 9.500000000000000000e+01
5.374702274495417242e+01 2.440921045757958652e+00 9.500000000000000000e+01
5.399845367780746130e+01 2.489536996756994025e+00 9.500000000000000000e+01
5.424574715046381357e+01 2.538717214707869818e+00 9.500000000000000000e+01
5.448881409211629290e+01 2.588464089246560462e+00 9.500000000000000000e+01
5.472756454511660706e+01 2.638779511207238748e+00 9.500000000000000000e+01
5.496190774339309826e+01 2.689664841167394460e+00 9.500000000000000000e+01
5.519175219798771082e+01 2.741120877626546104e+00 9.500000000000000000e+01
5.541700578989924253e+01 2.793147824957194825e+00 9.500000000000000000e+01
5.563757587039166452e+01 2.845745261281913852e+00 9.500000000000000000e+01
5.585336936889279258e+01 2.898912106446082770e+00 9.500000000000000000e+01
5.606429290857173697e+01 2.952646590271432281e+00 9.500000000000000000e+01
5.627025292964072634e+01 3.006946221290702326e+00 9.500000000000000000e+01
5.647115582038018289e+01 3.061807756178787088e+00 9.500000000000000000e+01
5.666690805583458257e+01 3.117227170109759360e+00 9.500000000000000000e+01
5.685741634406983991e+01 3.173199628282249662e+00 9.500000000000000000e+01
5.704258777982352768e+01 3.229719458867723159e+00 9.500000000000000000e+01
5.722233000531350200e+01 3.286780127646024230e+00 9.500000000000000000e+01
5.739655137790346373e+01 3.344374214601170792e+00 9.500000000000000000e+01
5.756516114425140529e+01 3.402493392756062995e+00 9.500000000000000000e+01
5.772806962049320134e+01 3.461128409528123395e+00 9.500000000000000000e+01
5.788518837793841243e+01 3.520269070888426999e+00 9.500000000000000000e+01
5.803643043367635102e+01 3.579904228603646210e+00 9.500000000000000000e+01
5.818171044541505665e+01 3.640021770834069414e+00 9.500000000000000000e+01
5.832094490979810075e+01 3.700608616350436808e+00 9.500000000000000000e+01
5.845405236336959121e+01 3.761650712618209713e+00 9.500000000000000000e+01
5.858095358528689189e+01 3.823133037979700166e+00 9.500000000000000000e+01
5.870157180081250203e+01 3.885039608141808820e+00 9.500000000000000000e+01
5.881583288455514236e+01 3.947353487150424556e+00 9.500000000000000000e+01
5.892366556237568886e+01 4.010056803001963210e+00 9.500000000000000000e+01
5.902500161082622299e+01 4.073130768007444225e+00 9.500000000000000000e+01
5.911977605295339089e+01 4.136555703986521060e+00 9.500000000000000000e+01
5.920792734927092482e+01 4.200311072326956996e+00 9.500000000000000000e+01
5.928939758268938220e+01 4.264375508900611678e+00 9.500000000000000000e+01
5.936413263619022018e+01 4.328726863780439693e+00 9.500000000000000000e+01
5.943208236203926020e+01 4.393342245654299205e+00 9.500000000000000000e+01
5.949320074136060299e+01 4.458198070782373179e+00 9.500000000000000000e+01
5.954744603292820671e+01 4.523270116295336152e+00 9.500000000000000000e+01
5.959478091008504919e+01 4.588533577581582534e+00 9.500000000000000000e+01
5.963517258476562688e+01 4.653963129464694148e+00 9.500000000000000000e+01
5.966859291767611495e+01 4.719532990827072005e+00 9.500000000000000000e+01
5.969501851377891199e+01 4.785216992294158089e+00 9.500000000000000000e+01
5.971443080233141387e+01 4.850988646555678407e+00 9.500000000000000000e+01
5.972681610084320880e+01 4.916821220867200637e+00 9.500000000000000000e+01
5.973216566243863923e+01 4.982687811247817677e+00 9.500000000000000000e+01
5.973216566243863923e+01 4.982687811247817677e+00 9.500000000000000000e+01
5.973047570624209612e+01 5.048561417867762913e+00 9.500000000000000000e+01
5.972174743053972890e+01 5.114415021104423253e+00 9.500000000000000000e+01
5.970598700860984565e+01 5.180221657736622909e+00 9.500000000000000000e+01
5.968320556725662840e+01 5.245954496745167006e+00 9.500000000000000000e+01
5.965341914822109715e+01 5.311586914192730546e+00 9.500000000000000000e+01
5.961664865278236647e+01 5.377092566668260964e+00 9.500000000000000000e+01
5.957291976999504612e+01 5.442445462799359923e+00 9.500000000000000000e+01
5.952226288913567487e+01 5.507620032361026929e+00 9.500000000000000000e+01
5.946471299705088853e+01 5.572591192539332994e+00 9.500000000000000000e+01
5.940030956120754269e+01 5.637334410944219165e+00 9.500000000000000000e+01
5.932909639934491253e+01 5.701825765005269275e+00 9.500000000000000000e+01
5.925112153671322091e+01 5.766041997427853616e+00 9.500000000000000000e+01
5.916643705195689762e+01 5.829960567433185581e+00 9.500000000000000000e+01
5.907509891275907421e+01 5.893559697553985011e+00 9.500000000000000000e+01
5.897716680240963427e+01 5.956818415806719891e+00 9.500000000000000000e+01
5.887270393848988448e+01 6.019716593110794989e+00 9.500000000000000000e+01
5.876177688488435535e+01 6.082234975874144745e+00 9.500000000000000000e+01
5.864445535833355194e+01 6.144355213712255015e+00 9.500000000000000000e+01
5.852081203073334592e+01 6.206059882313463838e+00 9.500000000000000000e+01
5.839092232836457441e+01 6.267332501506495568e+00 9.500000000000000000e+01
5.825486422920533869e+01 6.328157548626332840e+00 9.500000000000000000e+01
5.811271805943564317e+01 6.388520467311238349e+00 9.500000000000000000e+01
5.796456629019422735e+01 6.448407671896472237e+00 9.500000000000000000e+01
5.781049333558800640e+01 6.507806547599266800e+00 9.500000000000000000e+01
5.765058535289093555e+01 6.566705446714109051e+00 9.500000000000000000e+01
5.748493004579945875e+01 6.625093681058058515e+00 9.500000000000000000e+01
5.731361647153802608e+01 6.682961510922040382e+00 9.500000000000000000e+01
5.713673485253313089e+01 6.740300130796367917e+00 9.500000000000000000e+01
5.695437639329664137e+01 6.797101652147143014e+00 9.500000000000000000e+01
5.676663310308236987e+01 6.853359083524829032e+00 9.500000000000000000e+01
5.657359762480261622e+01 6.909066308287677316e+00 9.500000000000000000e+01
5.637536307061681384e+01 6.964218060220786377e+00 9.500000000000000000e+01
5.617202286453033366e+01 7.018809897327016323e+00 9.500000000000000000e+01
5.596367059227331708e+01 7.072838174058857952e+00 9.500000000000000000e+01
5.575039985866097680e+01 7.126300012251164162e+00 9.500000000000000000e+01
5.553230415257564800e+01 7.179193271003605048e+00 9.500000000000000000e+01
5.530947671965127199e+01 7.231516515749256691e+00 9.500000000000000000e+01
5.508201044268825086e+01 7.283268986732020167e+00 9.500000000000000000e+01
5.484999772977608501e+01 7.334450567101105101e+00 9.500000000000000000e+01
5.461353041005747855e+01 7.385061750815654413e+00 9.500000000000000000e+01
5.437269963702709674e+01 7.435103610537120211e+00 9.500000000000000000e+01
5.412759579922286690e+01 7.484577765671440730e+00 9.500000000000000000e+01
5.387830843813676296e+01 7.533486350707535806e+00 9.500000000000000000e+01
5.362492617314574517e+01 7.581831983983355450e+00 9.500000000000000000e+01
5.336753663324061137e+01 7.629617736995896848e+00 9.500000000000000000e+01
5.310622639531208478e+01 7.676847104357240603e+00 9.500000000000000000e+01
5.284108092873879770e+01 7.723523974484874266e+00 9.500000000000000000e+01
5.257218454600983648e+01 7.769652601101661560e+00 9.500000000000000000e+01
5.229962035910648410e+01 7.815237575608411369e+00 9.500000000000000000e+01
5.202347024136189191e+01 7.860283800380633679e+00 9.500000000000000000e+01
5.174381479451436405e+01 7.904796463030340448e+00 9.500000000000000000e+01
5.146073332066972483e+01 7.948781011664019402e+00 9.500000000000000000e+01
5.117430379888843106e+01 7.992243131158787151e+00 9.500000000000000000e+01
5.088460286611755379e+01 8.035188720470722856e+00 9.500000000000000000e+01
5.059170580219100088e+01 8.077623870981918586e+00 9.500000000000000000e+01
5.029568651862845030e+01 8.119554845886211680e+00 9.500000000000000000e+01
4.999661755096966687e+01 8.160988060607689221e+00 9.500000000000000000e+01
4.969457005438947306e+01 8.201930064241018670e+00 9.500000000000000000e+01
4.938961380234698595e+01 8.242387521997962097e+00 9.500000000000000000e+01
4.908181718803221827e+01 8.282367198640825379e+00 9.500000000000000000e+01
4.877124722838311044e+01 8.321875942880076593e+00 9.500000000000000000e+01
4.845796957045563147e+01 8.360920672710726365e+00 9.500000000000000000e+01
4.814204849994047208e+01 8.399508361659794531e+00 9.500000000000000000e+01
4.782354695162986502e+01 8.437646025915363168e+00 9.500000000000000000e+01
4.750252652164846268e+01 8.475340712306220325e+00 9.500000000000000000e+01
4.717904748127282488e+01 8.512599487100183993e+00 9.500000000000000000e+01
4.685316879217366903e+01 8.549429425588368048e+00 9.500000000000000000e+01
4.652494812292592741e+01 8.585837602422273562e+00 9.500000000000000000e+01
4.619444186664008356e+01 8.621831082670379232e+00 9.500000000000000000e+01
4.586170515957933702e+01 8.657416913560991745e+00 9.500000000000000000e+01
4.552679190063462045e+01 8.692602116878356711e+00 9.500000000000000000e+01
4.518975477153997389e+01 8.727393681979380702e+00 9.500000000000000000e+01
4.485064525771737465e+01 8.761798559399023745e+00 9.500000000000000000e+01
4.450951366965028910e+01 8.795823655012929621e+00 9.500000000000000000e+01
4.416640916469125244e+01 8.829475824726790378e+00 9.500000000000000000e+01
4.382137976921687539e+01 8.862761869662676872e+00 9.500000000000000000e+01
4.347447240105052657e+01 8.895688531813659594e+00 9.500000000000000000e+01
4.312573289207986704e+01 8.928262490138868301e+00 9.500000000000000000e+01
4.277520601100174247e+01 8.960490357072206535e+00 9.500000000000000000e+01
4.242293548613392318e+01 8.992378675419093526e+00 9.500000000000000000e+01
4.206896402823787184e+01 9.023933915616474621e+00 9.500000000000000000e+01
4.171333335330206182e+01 9.055162473332572404e+00 9.500000000000000000e+01
4.135608420524068407e+01 9.086070667383827626e+00 9.500000000000000000e+01
4.099725637846634640e+01 9.116664737947571595e+00 9.500000000000000000e+01
4.063688874030013665e+01 9.146950845050008994e+00 9.500000000000000000e+01
4.027501925318632203e+01 9.176935067310104444e+00 9.500000000000000000e+01
3.991168499668197711e+01 9.206623400921015943e+00 9.500000000000000000e+01
3.954692218919623059e+01 9.236021758851592267e+00 9.500000000000000000e+01
3.918076620945606692e+01 9.265135970251563435e+00 9.500000000000000000e+01
3.881325161767888687e+01 9.293971780044804731e+00 9.500000000000000000e+01
3.844441217643473863e+01 9.322534848696044207e+00 9.500000000000000000e+01
3.807428087118343285e+01 9.350830752137229140e+00 9.500000000000000000e+01
3.770288993047412873e+01 9.378864981840544957e+00 9.500000000000000000e+01
3.733027084579688193e+01 9.406642945025874170e+00 9.500000000000000000e+01
3.695645439107778429e+01 9.434169964991326651e+00 9.500000000000000000e+01
3.658147064181085995e+01 9.461451281556037429e+00 9.500000000000000000e+01
3.620534899382158756e+01 9.488492051605218691e+00 9.500000000000000000e+01
3.582811818165803430e+01 9.515297349728106369e+00 9.500000000000000000e+01
3.544980629660775406e+01 9.541872168939960375e+00 9.500000000000000000e+01
3.507044080433828270e+01 9.568221421480043176e+00 9.500000000000000000e+01
3.469004856216192678e+01 9.594349939677805139e+00 9.500000000000000000e+01
3.430865583592502333e+01 9.620262476880331093e+00 9.500000000000000000e+01
3.392628831652344701e+01 9.645963708434296180e+00 9.500000000000000000e+01
3.354297113604687297e+01 9.671458232716400261e+00 9.500000000000000000e+01
3.315872888355468007e+01 9.696750572206534358e+00 9.500000000000000000e+01
3.277358562048731017e+01 9.721845174598422901e+00 9.500000000000000000e+01
3.238756489571734676e+01 9.746746413942807052e+00 9.500000000000000000e+01
3.200068976024484613e+01 9.771458591818731776e+00 9.500000000000000000e+01
3.161298278154230346e+01 9.795985938528694703e+00 9.500000000000000000e+01
3.122446605755445148e+01 9.820332614313837638e+00 9.500000000000000000e+01
3.083516123035888867e+01 9.844502710585604888e+00 9.500000000000000000e+01
3.044508949949354815e+01 9.868500251170672755e+00 9.500000000000000000e+01
3.005427163495733467e+01 9.892329193566078871e+00 9.500000000000000000e+01
2.966272798989017190e+01 9.915993430201863745e+00 9.500000000000000000e+01
2.927047851293944092e+01 9.939496789708671898e+00 9.500000000000000000e+01
2.887754276031916589e+01 9.962843038188063716e+00 9.500000000000000000e+01
2.848393990756924410e+01 9.986035880483386862e+00 9.500000000000000000e+01
2.808968876102097667e+01 1.000907896144935805e+01 9.500000000000000000e+01
2.769480776897645669e+01 1.003197586721861079e+01 9.500000000000000000e+01
2.729931503260844750e+01 1.005473012646362285e+01 9.500000000000000000e+01
2.690322831658771108e+01 1.007734521165263963e+01 9.500000000000000000e+01
2.650656505944490249e+01 1.009982454029832155e+01 9.500000000000000000e+01
2.610934238367369886e+01 1.012217147619795909e+01 9.500000000000000000e+01
2.571157710558225773e+01 1.014438933066427495e+01 9.500000000000000000e+01
2.531328574489975480e+01 1.016648136374587708e+01 9.500000000000000000e+01
2.491448453414476916e+01 1.018845078543653493e+01 9.500000000000000000e+01
2.451518942776201015e+01 1.021030075687271577e+01 9.500000000000000000e+01
2.411541611103434235e+01 1.023203439151856919e+01 9.500000000000000000e+01
2.371518000877637178e+01 1.025365475633799761e+01 9.500000000000000000e+01
2.331449629381600985e+01 1.027516487295329384e+01 9.500000000000000000e+01
2.291337989527062291e+01 1.029656771878992494e+01 9.500000000000000000e+01
2.251184550662338069e+01 1.031786622820725974e+01 9.500000000000000000e+01
2.210990759360682034e+01 1.033906329361483500e+01 9.500000000000000000e+01
2.170758040189870286e+01 1.036016176657410881e+01 9.500000000000000000e+01
2.130487796463676986e+01 1.038116445888542216e+01 9.500000000000000000e+01
2.090181410975769438e+01 1.040207414366015293e+01 9.500000000000000000e+01
2.049840246716638958e+01 1.042289355637794657e+01 9.500000000000000000e+01
2.009465647574074509e+01 1.044362539592901484e+01 9.500000000000000000e+01
1.969058939017750376e+01 1.046427232564154153e+01 9.500000000000000000e+01
1.928621428768474289e+01 1.048483697429418449e+01 9.500000000000000000e+01
1.888154407452584493e+01 1.050532193711378071e+01 9.500000000000000000e+01
1.847659149242034005e+01 1.052572977675835908e+01 9.500000000000000000e+01
1.807136912480657642e+01 1.054606302428556930e+01 9.500000000000000000e+01
1.766588940297106802e+01 1.056632418010664942e+01 9.500000000000000000e+01
1.726016461204927666e+01 1.058651571492615773e+01 9.500000000000000000e+01
1.685420689690268148e+01 1.060664007066759318e+01 9.500000000000000000e+01
1.644802826787646310e+01 1.062669966138510702e+01 9.500000000000000000e+01
1.604164060644258427e+01 1.064669687416156130e+01 9.500000000000000000e+01
1.563505567073243441e+01 1.066663406999311547e+01 9.500000000000000000e+01
1.522828510096323562e+01 1.068651358466057566e+01 9.500000000000000000e+01
1.482134042476285885e+01 1.070633772958776930e+01 9.500000000000000000e+01
1.441423306239648916e+01 1.072610879268720829e+01 9.500000000000000000e+01
1.400697433189980501e+01 1.074582903919324117e+01 9.500000000000000000e+01
1.359957545412195756e+01 1.076550071248304619e+01 9.500000000000000000e+01
1.319204755768288351e+01 1.078512603488564281e+01 9.500000000000000000e+01
1.278440168384786624e+01 1.080470720847928945e+01 9.500000000000000000e+01
1.237664879132388940e+01 1.082424641587744851e+01 9.500000000000000000e+01
1.196879976098074572e+01 1.084374582100369011e+01 9.500000000000000000e+01
1.156086540050057465e+01 1.086320756985574576e+01 9.500000000000000000e+01
1.115285644895953254e+01 1.088263379125904251e+01 9.500000000000000000e+01
1.074478358134450495e+01 1.090202659760995552e+01 9.500000000000000000e+01
1.033665741300865903e+01 1.092138808560912899e+01 9.500000000000000000e+01
9.928488504068621268e+00 1.094072033698506097e+01 9.500000000000000000e+01
9.520287363746838594e+00 1.096002541920832662e+01 9.500000000000000000e+01
9.112064454662005986e+00 1.097930538619662677e+01 9.500000000000000000e+01
8.703830197070558938e+00 1.099856227901103800e+01 9.500000000000000000e+01
8.295594973062632604e+00 1.101779812654364754e+01 9.500000000000000000e+01
7.887369130714816379e+00 1.103701494619691736e+01 9.500000000000000000e+01
7.479162988203212237e+00 1.105621474455499964e+01 9.500000000000000000e+01
7.070986837879125630e+00 1.107539951804730727e+01 9.500000000000000000e+01
6.662850950310625464e+00 1.109457125360457042e+01 9.500000000000000000e+01
6.254765578292342809e+00 1.111373192930766862e+01 9.500000000000000000e+01
5.846740960826517508e+00 1.113288351502947293e+01 9.500000000000000000e+01
5.438787327077740485e+00 1.115202797306994853e+01 9.500000000000000000e+01
5.030914900304155779e+00 1.117116725878479322e+01 9.500000000000000000e+01
4.623133901767683795e+00 1.119030332120780891e+01 9.500000000000000000e+01
4.215454554625718053e+00 1.120943810366727433e+01 9.500000000000000000e+01
3.807887087807023008e+00 1.122857354439654642e+01 9.500000000000000000e+01
3.400441739874032976e+00 1.124771157713911052e+01 9.500000000000000000e+01
2.993128762874374793e+00 1.126685413174828732e+01 9.500000000000000000e+01
2.585958426183625480e+00 1.128600313478183814e+01 9.500000000000000000e+01
2.178941020342126667e+00 1.130516051009164435e+01 9.500000000000000000e+01
1.772086860887853499e+00 1.132432817940870962e+01 9.500000000000000000e+01
1.365406292187988369e+00 1.134350806292360225e+01 9.500000000000000000e+01
9.589096912713811482e-01 1.136270207986261838e+01 9.500000000000000000e+01
5.526074716641501405e-01 1.138191214905976523e+01 9.500000000000000000e+01
1.465100872309389457e-01 1.140114018952479391e+01 9.500000000000000000e+01
-2.593719639762143148e-01 1.142038812100741829e+01 9.500000000000000000e+01
-6.650281358588092662e-01 1.143965786455788702e+01 9.500000000000000000e+01
-1.070447830400705902e+00 1.145895134308404906e+01 9.500000000000000000e+01
-1.475620393782308026e+00 1.147827048190506893e+01 9.500000000000000000e+01
-1.880535112478206372e+00 1.149761720930192510e+01 9.500000000000000000e+01
-2.285181209335775510e+00 1.151699345706478539e+01 9.500000000000000000e+01
-2.689547839632854931e+00 1.153640116103740532e+01 9.500000000000000000e+01
-3.093624087112107901e+00 1.155584226165863626e+01 9.500000000000000000e+01
-3.497398959989977740e+00 1.157531870450115896e+01 9.500000000000000000e+01
-3.900861386938226705e+00 1.159483244080746900e+01 9.500000000000000000e+01
-4.304000213035644506e+00 1.161438542802327234e+01 9.500000000000000000e+01
-4.706804195688138570e+00 1.163397963032827676e+01 9.500000000000000000e+01
-5.109262000514767976e+00 1.165361701916443771e+01 9.500000000000000000e+01
-5.511362197197868795e+00 1.167329957376176530e+01 9.500000000000000000e+01
-5.913093255295077455e+00 1.169302928166159639e+01 9.500000000000000000e+01
-6.314443540011101419e+00 1.171280813923745434e+01 9.500000000000000000e+01
-6.715401307927306718e+00 1.173263815221340955e+01 9.500000000000000000e+01
-7.115954702686885902e+00 1.175252133617997252e+01 9.500000000000000000e+01
-7.516091750633830060e+00 1.177245971710744499e+01 9.500000000000000000e+01
-7.915800356403260629e+00 1.179245533185670602e+01 9.500000000000000000e+01
-8.315068298461522289e+00 1.181251022868734779e+01 9.500000000000000000e+01
-8.713883224593677923e+00 1.183262646776307925e+01 9.500000000000000000e+01
-9.112232647336622193e+00 1.185280612165428771e+01 9.500000000000000000e+01
-9.510103939355772695e+00 1.187305127583763564e+01 9.500000000000000000e+01
-9.907484328763237258e+00 1.189336402919254176e+01 9.500000000000000000e+01
-1.030436089437585956e+01 1.191374649449438117e+01 9.500000000000000000e+01
-1.070072056091064105e+01 1.193420079890422869e+01 9.500000000000000000e+01
-1.109655009411637927e+01 1.195472908445488791e+01 9.500000000000000000e+01
-1.149183609583892185e+01 1.197533350853302281e+01 9.500000000000000000e+01
-1.188656499901870589e+01 1.199601624435709546e+01 9.500000000000000000e+01
-1.228072306261845092e+01 1.201677948145079178e+01 9.500000000000000000e+01
-1.267429636647950986e+01 1.203762542611169195e+01 9.500000000000000000e+01
-1.306727080610466274e+01 1.205855630187473437e+01 9.500000000000000000e+01
-1.345963208736640837e+01 1.207957434997018709e+01 9.500000000000000000e+01
-1.385136572113814424e+01 1.210068182977563822e+01 9.500000000000000000e+01
-1.424245701784748164e+01 1.212188101926158268e+01 9.500000000000000000e+01
-1.463289108194965671e+01 1.214317421543014142e+01 9.500000000000000000e+01
-1.502265280631955413e+01 1.216456373474633246e+01 9.500000000000000000e+01
-1.541172686656138247e+01 1.218605191356140516e+01 9.500000000000000000e+01
-1.580009771523384465e+01 1.220764110852753781e+01 9.500000000000000000e+01
-1.618774957599038800e+01 1.222933369700336570e+01 9.500000000000000000e+01
-1.657466643763264358e+01 1.225113207744951538e+01 9.500000000000000000e+01
-1.696083204807645828e+01 1.227303866981352165e+01 9.500000000000000000e+01
-1.734622990822929722e+01 1.229505591590324975e+01 9.500000000000000000e+01
-1.773084326577801306e+01 1.231718627974802871e+01 9.500000000000000000e+01
-1.811465510888649888e+01 1.233943224794656501e+01 9.500000000000000000e+01
-1.849764815980241295e+01 1.236179633000069700e+01 9.500000000000000000e+01
-1.887980486837267691e+01 1.238428105863399686e+01 9.500000000000000000e+01
-1.926110740546688049e+01 1.240688899009409063e+01 9.500000000000000000e+01
-1.964153765630914705e+01 1.242962270443758221e+01 9.500000000000000000e+01
-2.002107721371793048e+01 1.245248480579641459e+01 9.500000000000000000e+01
-2.039970737125412015e+01 1.247547792262431265e+01 9.500000000000000000e+01
-2.077740911627769549e+01 1.249860470792199330e+01 9.500000000000000000e+01
-2.115416312291396039e+01 1.252186783943975357e+01 9.500000000000000000e+01
-2.152994974492932911e+01 1.254527001985585954e+01 9.500000000000000000e+01
-2.190474900851899065e+01 1.256881397692919577e+01 9.500000000000000000e+01
-2.227854060500667188e+01 1.259250246362450909e+01 9.500000000000000000e+01
-2.265130388345863111e+01 1.261633825820843846e+01 9.500000000000000000e+01
-2.302301784321404554e+01 1.264032416431453854e+01 9.500000000000000000e+01
-2.339366112633376105e+01 1.266446301097532867e+01 9.500000000000000000e+01
-2.376321200997006144e+01 1.268875765261929978e+01 9.500000000000000000e+01
-2.413164839866055900e+01 1.271321096903080061e+01 9.500000000000000000e+01
-2.449894781654979425e+01 1.273782586527049077e+01 9.500000000000000000e+01
-2.486508739954184577e+01 1.276260527155405100e+01 9.500000000000000000e+01
-2.523004388738899095e+01 1.278755214308670674e+01 9.500000000000000000e+01
-2.559379361572046108e+01 1.281266945985093386e+01 9.500000000000000000e+01
-2.595631250801703516e+01 1.283796022634472678e+01 9.500000000000000000e+01
-2.631757606753706469e+01 1.286342747126757935e+01 9.500000000000000000e+01
-2.667755936920042004e+01 1.288907424715130290e+01 9.500000000000000000e+01
-2.703623705143735734e+01 1.291490362993257612e+01 9.500000000000000000e+01
-2.739358330800972041e+01 1.294091871846414499e+01 9.500000000000000000e+01
-2.774957187981309303e+01 1.296712263396127973e+01 9.500000000000000000e+01
-2.810417604666861990e+01 1.299351851938019742e+01 9.500000000000000000e+01
-2.845736861911453630e+01 1.302010953872475518e+01 9.500000000000000000e+01
-2.880912193020761691e+01 1.304689887627790590e+01 9.500000000000000000e+01
-2.915940782734623937e+01 1.307388973575399405e+01 9.500000000000000000e+01
-2.950819766412695699e+01 1.310108533936799979e+01 9.500000000000000000e+01
-2.985546229224822667e+01 1.312848892681774515e+01 9.500000000000000000e+01
-3.020117205347476741e+01 1.315610375417478117e+01 9.500000000000000000e+01
-3.054529677167816359e+01 1.318393309267976754e+01 9.500000000000000000e+01
-3.088780574496962927e+01 1.321198022743783618e+01 9.500000000000000000e+01
-3.122866773794217110e+01 1.324024845600950862e+01 9.500000000000000000e+01
-3.156785097404062768e+01 1.326874108689246157e+01 9.500000000000000000e+01
-3.190532312807895110e+01 1.329746143788945822e+01 9.500000000000000000e+01
-3.224105131892567755e+01 1.332641283435757806e+01 9.500000000000000000e+01
-3.257500210237949290e+01 1.335559860733388504e+01 9.500000000000000000e+01
-3.290714146425833775e+01 1.338502209153253197e+01 9.500000000000000000e+01
-3.323743481372670772e+01 1.341468662320820115e+01 9.500000000000000000e+01
-3.356584697688734309e+01 1.344459553788091988e+01 9.500000000000000000e+01
-3.389234219066466380e+01 1.347475216791699992e+01 9.500000000000000000e+01
-3.421688409700912104e+01 1.350515983996102598e+01 9.500000000000000000e+01
-3.453943573745318929e+01 1.353582187221374511e+01 9.500000000000000000e+01
-3.485995954805058972e+01 1.356674157155078575e+01 9.500000000000000000e+01
-3.517841735473293596e+01 1.359792223047702464e+01 9.500000000000000000e+01
-3.549477036911867600e+01 1.362936712391182148e+01 9.500000000000000000e+01
-3.580897918481152686e+01 1.366107950580002672e+01 9.500000000000000000e+01
-3.612100377422661523e+01 1.369306260554414223e+01 9.500000000000000000e+01
-3.643080348598466855e+01 1.372531962425305885e+01 9.500000000000000000e+01
-3.673833704291613600e+01 1.375785373080289453e+01 9.500000000000000000e+01
-3.704356254071829824e+01 1.379066805770593085e+01 9.500000000000000000e+01
-3.734643744731094728e+01 1.382376569678368483e+01 9.500000000000000000e+01
-3.764691860293682879e+01 1.385714969464071622e+01 9.500000000000000000e+01
-3.794496222105518513e+01 1.389082304793592115e+01 9.500000000000000000e+01
-3.824052389007820807e+01 1.392478869844869394e+01 9.500000000000000000e+01
-3.853355857600148937e+01 1.395904952793767961e+01 9.500000000000000000e+01
-3.882402062598068682e+01 1.399360835279050619e+01 9.500000000000000000e+01
-3.911186377290885474e+01 1.402846791846332408e+01 9.500000000000000000e+01
-3.939704114104861077e+01 1.406363089370987396e+01 9.500000000000000000e+01
-3.967950525277559848e+01 1.409909986460024278e+01 9.500000000000000000e+01
-3.995920803649012498e+01 1.413487732833061727e+01 9.500000000000000000e+01
-4.023610083575453444e+01 1.417096568682587332e+01 9.500000000000000000e+01
-4.051013441971421969e+01 1.420736724013798380e+01 9.500000000000000000e+01
-4.078125899486143169e+01 1.424408417964428430e+01 9.500000000000000000e+01
-4.104942421819997378e+01 1.428111858105049059e+01 9.500000000000000000e+01
-4.131457921186954252e+01 1.431847239720479337e+01 9.500000000000000000e+01
-4.157667257928793703e+01 1.435614745073046628e+01 9.500000000000000000e+01
-4.183565242286824315e+01 1.439414542648570539e+01 9.500000000000000000e+01
-4.209146636336786429e+01 1.443246786386094627e+01 9.500000000000000000e+01
-4.234406156092389750e+01 1.447111614892525644e+01 9.500000000000000000e+01
-4.259338473782854351e+01 1.451009150643494117e+01 9.500000000000000000e+01
-4.283938220309546097e+01 1.454939499171918804e+01 9.500000000000000000e+01
-4.308199987886556670e+01 1.458902748245910885e+01 9.500000000000000000e+01
-4.332118332869799104e+01 1.462898967037839881e+01 9.500000000000000000e+01
-4.355687778778797536e+01 1.466928205286540887e+01 9.500000000000000000e+01
-4.378902819514991762e+01 1.470990492454844123e+01 9.500000000000000000e+01
-4.401757922779886201e+01 1.475085836884767865e+01 9.500000000000000000e+01
-4.424247533695915280e+01 1.479214224952916901e+01 9.500000000000000000e+01
-4.446366078632301111e+01 1.483375620228816061e+01 9.500000000000000000e+01
-4.468107969237581756e+01 1.487569962639066468e+01 9.500000000000000000e+01
-4.489467606679810530e+01 1.491797167640430466e+01 9.500000000000000000e+01
-4.510439386094719794e+01 1.496057125405098098e+01 9.500000000000000000e+01
-4.531017701241336226e+01 1.500349700021582677e+01 9.500000000000000000e+01
-4.551196949363700384e+01 1.504674728714835119e+01 9.500000000000000000e+01
-4.570971536256487155e+01 1.509032021089345932e+01 9.500000000000000000e+01
-4.590335881531289886e+01 1.513421358399121530e+01 9.500000000000000000e+01
-4.609284424079439191e+01 1.517842492848571645e+01 9.500000000000000000e+01
-4.627811627726115518e+01 1.522295146928436971e+01 9.500000000000000000e+01
-4.645911987069450788e+01 1.526779012791001122e+01 9.500000000000000000e+01
-4.663580033497174071e+01 1.531293751668879999e+01 9.500000000000000000e+01
-4.680810341372224315e+01 1.535838993341748449e+01 9.500000000000000000e+01
-4.697597534377536732e+01 1.540414335655380995e+01 9.500000000000000000e+01
-4.713936292009030637e+01 1.545019344097379310e+01 9.500000000000000000e+01
-4.729821356204595162e+01 1.549653551433919141e+01 9.500000000000000000e+01
-4.745247538095616591e+01 1.554316457411795582e+01 9.500000000000000000e+01
-4.760209724866460590e+01 1.559007528529933140e+01 9.500000000000000000e+01
-4.774702886706030114e+01 1.563726197884396818e+01 9.500000000000000000e+01
-4.788722083834362309e+01 1.568471865090772788e+01 9.500000000000000000e+01
-4.802262473586171154e+01 1.573243896287563182e+01 9.500000000000000000e+01
-4.815319317531996290e+01 1.578041624224013795e+01 9.500000000000000000e+01
-4.827887988616758719e+01 1.582864348435492197e+01 9.500000000000000000e+01
-4.839963978294436231e+01 1.587711335509207800e+01 9.500000000000000000e+01
-4.851542903636734394e+01 1.592581819442724544e+01 9.500000000000000000e+01
-4.862620514392875748e+01 1.597475002097296759e+01 9.500000000000000000e+01
-4.873192699976899434e+01 1.602390053747636856e+01 9.500000000000000000e+01
-4.883255496358368930e+01 1.607326113729273942e+01 9.500000000000000000e+01
-4.892805092831878966e+01 1.612282291184136440e+01 9.500000000000000000e+01
-4.901837838640522449e+01 1.617257665904506325e+01 9.500000000000000000e+01
-4.910350249428309866e+01 1.622251289274928965e+01 9.500000000000000000e+01
-4.918339013496532885e+01 1.627262185311109022e+01 9.500000000000000000e+01
-4.925800997839227335e+01 1.632289351794248944e+01 9.500000000000000000e+01
-4.932733253933258055e+01 1.637331761498696281e+01 9.500000000000000000e+01
-4.939133023258999344e+01 1.642388363510184135e+01 9.500000000000000000e+01
-4.944997742528278906e+01 1.647458084631366404e+01 9.500000000000000000e+01
-4.950325048597125033e+01 1.652539830870755821e+01 9.500000000000000000e+01
-4.955112783041790436e+01 1.657632489010626742e+01 9.500000000000000000e+01
-4.959358996377768136e+01 1.662734928248887556e+01 9.500000000000000000e+01
-4.963061951902819402e+01 1.667846001909402176e+01 9.500000000000000000e+01
-4.966220129146498152e+01 1.672964549214779950e+01 9.500000000000000000e+01
-4.968832226910309657e+01 1.678089397115148174e+01 9.500000000000000000e+01
-4.970897165884382218e+01 1.683219362166065380e+01 9.500000000000000000e+01
-4.972414090828365829e+01 1.688353252448340314e+01 9.500000000000000000e+01
-4.973382372306323873e+01 1.693489869522200664e+01 9.500000000000000000e+01
-4.973801607967331506e+01 1.698628010408017630e+01 9.500000000000000000e+01
-4.973671623365750349e+01 1.703766469585585952e+01 9.500000000000000000e+01
-4.972992472317199741e+01 1.708904041003792784e+01 9.500000000000000000e+01
-4.971764436788567565e+01 1.714039520092475755e+01 9.500000000000000000e+01
-4.969988026322572949e+01 1.719171705768202685e+01 9.500000000000000000e+01
-4.967663976999606490e+01 1.724299402425795691e+01 9.500000000000000000e+01
-4.964793249941855180e+01 1.729421421907502321e+01 9.500000000000000000e+01
-4.961377029366762770e+01 1.734536585441893308e+01 9.500000000000000000e+01
-4.957416720199068294e+01 1.739643725544810948e+01 9.500000000000000000e+01
-4.952913945252639394e+01 1.744741687874952163e+01 9.500000000000000000e+01
-4.947870541995251159e+01 1.749829333037031631e+01 9.500000000000000000e+01
-4.942288558911287311e+01 1.754905538325838066e+01 9.500000000000000000e+01
-4.936170251478996818e+01 1.759969199404948270e+01 9.500000000000000000e+01
-4.929518077780564056e+01 1.765019231914313735e+01 9.500000000000000000e+01
-4.922334693764584301e+01 1.770054573001455367e+01 9.500000000000000000e+01
-4.914622948181843043e+01 1.775074182771529152e+01 9.500000000000000000e+01
-4.906385877216381175e+01 1.780077045652073053e+01 9.500000000000000000e+01
-4.897626698834765335e+01 1.785062171668835873e+01 9.500000000000000000e+01
-4.888348806877187513e+01 1.790028597629653362e+01 9.500000000000000000e+01
-4.878555764914728599e+01 1.794975388213935474e+01 9.500000000000000000e+01
-4.868251299897394802e+01 1.799901636965907414e+01 9.500000000000000000e+01
-4.857439295617898978e+01 1.804806467190337571e+01 9.500000000000000000e+01
-4.846123786016215007e+01 1.809689032750047488e+01 9.500000000000000000e+01
-4.834308948349831780e+01 1.814548518765047902e+01 9.500000000000000000e+01
-4.821999096254490524e+01 1.819384142213688804e+01 9.500000000000000000e+01
-4.809198672719749368e+01 1.824195152436709222e+01 9.500000000000000000e+01
-4.795912243003282782e+01 1.828980831545554508e+01 9.500000000000000000e+01
-4.782144487507208197e+01 1.833740494736780491e+01 9.500000000000000000e+01
-4.767900194638927047e+01 1.838473490514776998e+01 9.500000000000000000e+01
-4.753184253678273308e+01 1.843179200825421660e+01 9.500000000000000000e+01
-4.738001647671713101e+01 1.847857041103616993e+01 9.500000000000000000e+01
-4.722357446373417389e+01 1.852506460237982466e+01 9.500000000000000000e+01
-4.706256799251952572e+01 1.857126940456220154e+01 9.500000000000000000e+01
-4.689704928580211174e+01 1.861717997134915592e+01 9.500000000000000000e+01
-4.672707122625044462e+01 1.866279178537723382e+01 9.500000000000000000e+01
-4.655268728951896406e+01 1.870810065486044138e+01 9.500000000000000000e+01
-4.637395147858467936e+01 1.875310270966414805e+01 9.500000000000000000e+01
-4.619091825950316377e+01 1.879779439678913988e+01 9.500000000000000000e+01
-4.600364249869952005e+01 1.884217247530949635e+01 9.500000000000000000e+01
-4.581217940189908688e+01 1.888623401080793940e+01 9.500000000000000000e+01
-4.561658445478941104e+01 1.892997636935258399e+01 9.500000000000000000e+01
-4.541691336549468616e+01 1.897339721105807442e+01 9.500000000000000000e+01
-4.521322200893070686e+01 1.901649448327422220e+01 9.500000000000000000e+01
-4.500556637309907160e+01 1.905926641344370509e+01 9.500000000000000000e+01
-4.479400250736738087e+01 1.910171150167003162e+01 9.500000000000000000e+01
-4.457858647277271302e+01 1.914382851303513178e+01 9.500000000000000000e+01
-4.435937429437525026e+01 1.918561646970520229e+01 9.500000000000000000e+01
-4.413642191568090567e+01 1.922707464286139967e+01 9.500000000000000000e+01
-4.390978515514125036e+01 1.926820254449084047e+01 9.500000000000000000e+01
-4.367951966473319914e+01 1.930899991907125823e+01 9.500000000000000000e+01
-4.344568089061109362e+01 1.934946673518139804e+01 9.500000000000000000e+01
-4.320832403581854209e+01 1.938960317706692038e+01 9.500000000000000000e+01
-4.296750402504019917e+01 1.942940963619015804e+01 9.500000000000000000e+01
-4.272327547136755044e+01 1.946888670279007627e+01 9.500000000000000000e+01
-4.247569264504827657e+01 1.950803515747678674e+01 9.500000000000000000e+01
-4.222480944418298776e+01 1.954685596288346261e+01 9.500000000000000000e+01
-4.197067936732982218e+01 1.958535025539638141e+01 9.500000000000000000e+01
-4.171335548797280524e+01 1.962351933698212036e+01 9.500000000000000000e+01
-4.145289043080729385e+01 1.966136466712941910e+01 9.500000000000000000e+01
-4.118933634979244829e+01 1.969888785492106109e+01 9.500000000000000000e+01
-4.092274490791864849e+01 1.973609065125004847e+01 9.500000000000000000e+01
-4.065316725863577574e+01 1.977297494119231303e+01 9.500000000000000000e+01
-4.038065402888649658e+01 1.980954273654699449e+01 9.500000000000000000e+01
-4.010525530368782654e+01 1.984579616855376472e+01 9.500000000000000000e+01
-3.982702061220285827e+01 1.988173748079531933e+01 9.500000000000000000e+01
-3.954599891524478039e+01 1.991736902229189710e+01 9.500000000000000000e+01
-3.926223859415405570e+01 1.995269324079354334e+01 9.500000000000000000e+01
-3.897578744099043035e+01 1.998771267627452275e+01 9.500000000000000000e+01
-3.868669264998142410e+01 2.002242995463350539e+01 9.500000000000000000e+01
-3.839500081016898037e+01 2.005684778160178183e+01 9.500000000000000000e+01
-3.810075789919766009e+01 2.009096893686131580e+01 9.500000000000000000e+01
-3.780400927818685375e+01 2.012479626837323821e+01 9.500000000000000000e+01
-3.750479968763270477e+01 2.015833268691674007e+01 9.500000000000000000e+01
-3.720317324428440742e+01 2.019158116083774601e+01 9.500000000000000000e+01
-3.689917343894202872e+01 2.022454471100586559e+01 9.500000000000000000e+01
-3.659284313512413434e+01 2.025722640597775381e+01 9.500000000000000000e+01
-3.628422456855433609e+01 2.028962935736443995e+01 9.500000000000000000e+01
-3.597335934741816743e+01 2.032175671539968675e+01 9.500000000000000000e+01
-3.566028845334280106e+01 2.035361166470600836e+01 9.500000000000000000e+01
-3.534505224305323168e+01 2.038519742025478365e+01 9.500000000000000000e+01
-3.502769045066128939e+01 2.041651722351639719e+01 9.500000000000000000e+01
-3.470824219054439652e+01 2.044757433879612307e+01 9.500000000000000000e+01
-3.438674596077321866e+01 2.047837204975141745e+01 9.500000000000000000e+01
-3.406323964704866825e+01 2.050891365608577743e+01 9.500000000000000000e+01
-3.373776052711091467e+01 2.053920247041450509e+01 9.500000000000000000e+01
-3.341034527558353773e+01 2.056924181529736018e+01 9.500000000000000000e+01
-3.308102996921918759e+01 2.059903502043305679e+01 9.500000000000000000e+01
-3.274985009251332713e+01 2.062858542001062645e+01 9.500000000000000000e+01
-3.241684054365472178e+01 2.065789635021238979e+01 9.500000000000000000e+01
-3.208203564078290526e+01 2.068697114686350957e+01 9.500000000000000000e+01
-3.174546912852451186e+01 2.071581314322292400e+01 9.500000000000000000e+01
-3.140717418478134704e+01 2.074442566791057985e+01 9.500000000000000000e+01
-3.106718342774468411e+01 2.077281204296586736e+01 9.500000000000000000e+01
-3.072552892311220418e+01 2.080097558203228658e+01 9.500000000000000000e+01
-3.038224219148411365e+01 2.082891958866339976e+01 9.500000000000000000e+01
-3.003735421591785482e+01 2.085664735474506415e+01 9.500000000000000000e+01
-2.969089544962034566e+01 2.088416215902941531e+01 9.500000000000000000e+01
-2.934289582375963334e+01 2.091146726577564863e+01 9.500000000000000000e+01
-2.899338475537736670e+01 2.093856592349322909e+01 9.500000000000000000e+01
-2.864239115538587654e+01 2.096546136378291791e+01 9.500000000000000000e+01
-2.828994343663420352e+01 2.099215680027132436e+01 9.500000000000000000e+01
-2.793606952202781812e+01 2.101865542763476213e+01 9.500000000000000000e+01
-2.758079685268958414e+01 2.104496042070822881e+01 9.500000000000000000e+01
-2.722415239614782934e+01 2.107107493367558249e+01 9.500000000000000000e+01
-2.686616265454099661e+01 2.109700209933699711e+01 9.500000000000000000e+01
-2.650685367282695637e+01 2.112274502845002644e+01 9.500000000000000000e+01
-2.614625104698716385e+01 2.114830680914058547e+01 9.500000000000000000e+01
-2.578437993221672642e+01 2.117369050638042438e+01 9.500000000000000000e+01
-2.542126505109056822e+01 2.119889916152773779e+01 9.500000000000000000e+01
-2.505693070169905567e+01 2.122393579192761237e+01 9.500000000000000000e+01
-2.469140076574479536e+01 2.124880339056928591e+01 9.500000000000000000e+01
-2.432469871659410998e+01 2.127350492579723706e+01 9.500000000000000000e+01
-2.395684762727772465e+01 2.129804334107310027e+01 9.500000000000000000e+01
-2.358787017843403078e+01 2.132242155478587975e+01 9.500000000000000000e+01
-2.321778866619068893e+01 2.134664246010763833e+01 9.500000000000000000e+01
-2.284662500997997370e+01 2.137070892489225216e+01 9.500000000000000000e+01
-2.247440076028324185e+01 2.139462379161480143e+01 9.500000000000000000e+01
-2.210113710630168526e+01 2.141838987734925581e+01 9.500000000000000000e+01
-2.172685488354952454e+01 2.144200997378232643e+01 9.500000000000000000e+01
-2.135157458136673725e+01 2.146548684726134937e+01 9.500000000000000000e+01
-2.097531635034992803e+01 2.148882323887421464e+01 9.500000000000000000e+01
-2.059810000969740074e+01 2.151202186455942567e+01 9.500000000000000000e+01
-2.021994505446856039e+01 2.153508541524452014e+01 9.500000000000000000e+01
-1.984087066275472822e+01 2.155801655701111130e+01 9.500000000000000000e+01
-1.946089570276043546e+01 2.158081793128489778e+01 9.500000000000000000e+01
-1.908003873979515319e+01 2.160349215504913900e+01 9.500000000000000000e+01
-1.869831804317302471e+01 2.162604182108011130e+01 9.500000000000000000e+01
-1.831575159302209244e+01 2.164846949820310584e+01 9.500000000000000000e+01
-1.793235708700078490e+01 2.167077773156774612e+01 9.500000000000000000e+01
-1.754815194692304914e+01 2.169296904294129646e+01 9.500000000000000000e+01
-1.716315332529155668e+01 2.171504593101882463e+01 9.500000000000000000e+01
-1.677737811173926374e+01 2.173701087174909219e+01 9.500000000000000000e+01
-1.639084293937975545e+01 2.175886631867516030e+01 9.500000000000000000e+01
-1.600356419106738315e+01 2.178061470328866278e+01 9.500000000000000000e+01
-1.561555800556699225e+01 2.180225843539688313e+01 9.500000000000000000e+01
-1.522684028363504893e+01 2.182379990350170118e+01 9.500000000000000000e+01
-1.483742669401251746e+01 2.184524147518964554e+01 9.500000000000000000e+01
-1.444733267933028742e+01 2.186658549753225955e+01 9.500000000000000000e+01
-1.405657346192944956e+01 2.188783429749603116e+01 9.500000000000000000e+01
-1.366516404959600273e+01 2.190899018236126494e+01 9.500000000000000000e+01
-1.327311924121284648e+01 2.193005544014927111e+01 9.500000000000000000e+01
-1.288045363232948404e+01 2.195103234005718207e+01 9.500000000000000000e+01
-1.248718162065094361e+01 2.197192313290000598e+01 9.500000000000000000e+01
-1.209331741144839434e+01 2.199273005155928828e+01 9.500000000000000000e+01
-1.169887502289135384e+01 2.201345531143798340e+01 9.500000000000000000e+01
-1.130386829130502413e+01 2.203410111092103207e+01 9.500000000000000000e+01
-1.090831087635280916e+01 2.205466963184135665e+01 9.500000000000000000e+01
-1.051221626614661986e+01 2.207516303995075546e+01 9.500000000000000000e+01
-1.011559778228673423e+01 2.209558348539548334e+01 9.500000000000000000e+01
-9.718468584832493207e+00 2.211593310319620187e+01 9.500000000000000000e+01
-9.320841677205969233e+00 2.213621401373189101e+01 9.500000000000000000e+01
-8.922729911030732097e+00 2.215642832322764022e+01 9.500000000000000000e+01
-8.524145990906800918e+00 2.217657812424596742e+01 9.500000000000000000e+01
-8.125102479124761246e+00 2.219666549618155571e+01 9.500000000000000000e+01
-7.725611800319832412e+00 2.221669250575908094e+01 9.500000000000000000e+01
-7.325686246068566554e+00 2.223666120753418696e+01 9.500000000000000000e+01
-6.925337979430047142e+00 2.225657364439727104e+01 9.500000000000000000e+01
-6.524579039433077376e+00 2.227643184808005827e+01 9.500000000000000000e+01
-6.123421345511985692e+00 2.229623783966487949e+01 9.500000000000000000e+01
-5.721876701892427697e+00 2.231599363009650361e+01 9.500000000000000000e+01
-5.319956801929387247e+00 2.233570122069654573e+01 9.500000000000000000e+01
-4.917673232399713434e+00 2.235536260368034789e+01 9.500000000000000000e+01
-4.515037477750516892e+00 2.237497976267631472e+01 9.500000000000000000e+01
-4.112060924305718679e+00 2.239455467324772897e+01 9.500000000000000000e+01
-3.708754864433232878e+00 2.241408930341700412e+01 9.500000000000000000e+01
-3.305130500673719940e+00 2.243358561419242392e+01 9.500000000000000000e+01
-2.901198949834142837e+00 2.245304556009738661e+01 9.500000000000000000e+01
-2.496971247047177211e+00 2.247247108970221419e+01 9.500000000000000000e+01
-2.092458349798910433e+00 2.249186414615861196e+01 9.500000000000000000e+01
-1.687671141927307161e+00 2.251122666773676073e+01 9.500000000000000000e+01
-1.282620437592548290e+00 2.253056058836528663e+01 9.500000000000000000e+01
-8.773169852225998211e-01 2.254986783817405538e+01 9.500000000000000000e+01
-4.717714714352161942e-01 2.256915034404002540e+01 9.500000000000000000e+01
-6.599452493904384154e-02 2.258841003013618831e+01 9.500000000000000000e+01
3.400032795834120325e-01 2.260764881848385244e+01 9.500000000000000000e+01
7.462114176095412388e-01 2.262686862950826949e+01 9.500000000000000000e+01
1.152619410923334087e+00 2.264607138259788499e+01 9.500000000000000000e+01
1.559216823773439842e+00 2.266525899666732258e+01 9.500000000000000000e+01
1.965993259039399144e+00 2.268443339072425857e+01 9.500000000000000000e+01
2.372938354402855943e+00 2.270359648444035017e+01 9.500000000000000000e+01
2.780041778521551876e+00 2.272275019872644108e+01 9.500000000000000000e+01
3.187293227202761425e+00 2.274189645631212997e+01 9.500000000000000000e+01
3.594682419572745147e+00 2.276103718232988271e+01 9.500000000000000000e+01
4.002199094240284971e+00 2.278017430490393025e+01 9.500000000000000000e+01
4.409833005450140675e+00 2.279930975574391638e+01 9.500000000000000000e+01
4.817573919224768630e+00 2.281844547074365082e+01 9.500000000000000000e+01
5.225411609491212417e+00 2.283758339058496389e+01 9.500000000000000000e+01
5.633335854190573144e+00 2.285672546134681227e+01 9.500000000000000000e+01
6.041336431368893756e+00 2.287587363511988059e+01 9.500000000000000000e+01
6.449403115246558293e+00 2.289502987062669348e+01 9.500000000000000000e+01
6.857525672265583516e+00 2.291419613384756460e+01 9.500000000000000000e+01
7.265693857113330267e+00 2.293337439865241834e+01 9.500000000000000000e+01
7.673897408720641522e+00 2.295256664743884301e+01 9.500000000000000000e+01
8.082126046234705541e+00 2.297177487177650690e+01 9.500000000000000000e+01
8.490369464963885449e+00 2.299100107305832807e+01 9.500000000000000000e+01
8.898617332294261217e+00 2.301024726315860036e+01 9.500000000000000000e+01
9.306859283575716901e+00 2.302951546509848413e+01 9.500000000000000000e+01
9.715084917975131518e+00 2.304880771371913539e+01 9.500000000000000000e+01
1.012328379429496472e+01 2.306812605636296354e+01 9.500000000000000000e+01
1.053144542675384798e+01 2.308747255356320238e+01 9.500000000000000000e+01
1.093955928072566763e+01 2.310684927974233105e+01 9.500000000000000000e+01
1.134761476843418038e+01 2.312625832391958625e+01 9.500000000000000000e+01
1.175560124459846811e+01 2.314570179042794962e+01 9.500000000000000000e+01
1.216350800202554439e+01 2.316518179964095481e+01 9.500000000000000000e+01
1.257132426714591134e+01 2.318470048870959488e+01 9.500000000000000000e+01
1.297903919548713603e+01 2.320426001230959656e+01 9.500000000000000000e+01
1.338664186708213499e+01 2.322386254339943079e+01 9.500000000000000000e+01
1.379412128180685571e+01 2.324351027398921588e+01 9.500000000000000000e+01
1.420146635464404916e+01 2.326320541592084723e+01 9.500000000000000000e+01
1.460866591086872646e+01 2.328295020165954199e+01 9.500000000000000000e+01
1.501570868115089930e+01 2.330274688509712533e+01 9.500000000000000000e+01
1.542258329657274452e+01 2.332259774236717220e+01 9.500000000000000000e+01
1.582927828355493460e+01 2.334250507267235974e+01 9.500000000000000000e+01
1.623578205868943769e+01 2.336247119912419734e+01 9.500000000000000000e+01
1.664208292347464635e+01 2.338249846959541145e+01 9.500000000000000000e+01
1.704816905894812606e+01 2.340258925758514508e+01 9.500000000000000000e+01
1.745402852021432238e+01 2.342274596309732360e+01 9.500000000000000000e+01
1.785964923086252654e+01 2.344297101353226154e+01 9.500000000000000000e+01
1.826501897727052892e+01 2.346326686459185495e+01 9.500000000000000000e+01
1.867012540279102595e+01 2.348363600119850858e+01 9.500000000000000000e+01
1.907495600181497508e+01 2.350408093842800028e+01 9.500000000000000000e+01
1.947949811370875040e+01 2.352460422245647464e+01 9.500000000000000000e+01
1.988373891661970916e+01 2.354520843152175757e+01 9.500000000000000000e+01
2.028766542114554028e+01 2.356589617689915528e+01 9.500000000000000000e+01
2.069126446386320595e+01 2.358667010389176966e+01 9.500000000000000000e+01
2.109452270071151503e+01 2.360753289283563916e+01 9.500000000000000000e+01
2.149742660022318930e+01 2.362848726011958078e+01 9.500000000000000000e+01
2.189996243660076658e+01 2.364953595921997120e+01 9.500000000000000000e+01
2.230211628263066004e+01 2.367068178175038895e+01 9.500000000000000000e+01
2.270387400243083320e+01 2.369192755852616017e+01 9.500000000000000000e+01
2.310522124402551469e+01 2.371327616064375476e+01 9.500000000000000000e+01
2.350614343174181542e+01 2.373473050057496891e+01 9.500000000000000000e+01
2.390662575842252835e+01 2.375629353327575188e+01 9.500000000000000000e+01
2.430665317744841403e+01 2.377796825730951014e+01 9.500000000000000000e+01
2.470621039456481682e+01 2.379975771598467915e+01 9.500000000000000000e+01
2.510528185950606428e+01 2.382166499850624319e+01 9.500000000000000000e+01
2.550385175741092070e+01 2.384369324114089039e+01 9.500000000000000000e+01
2.590190400002379434e+01 2.386584562839542301e+01 9.500000000000000000e+01
2.629942221667393554e+01 2.388812539420779046e+01 9.500000000000000000e+01
2.669638974502710127e+01 2.391053582315039350e+01 9.500000000000000000e+01
2.709278962160267312e+01 2.393308025164483865e+01 9.500000000000000000e+01
2.748860457204909835e+01 2.395576206918745754e+01 9.500000000000000000e+01
2.788381700117175299e+01 2.400000000000000000e+01 9.500000000000000000e+01
