3.516850560578685503e+01 0.000000000000000000e+00 9.000000000000000000e+01
3.552143948053605982e+01 5.478375985201614645e-02 9.000000000000000000e+01
3.587280360491696030e+01 8.398250699286749499e-02 9.000000000000000000e+01
3.622256346671581895e+01 1.134407874897178509e-01 9.000000000000000000e+01
3.657068385611731287e+01 1.431630719152673092e-01 9.000000000000000000e+01
3.691712885262756316e+01 1.731538645553875322e-01 9.000000000000000000e+01
3.726186181206742987e+01 2.034177015168751046e-01 9.000000000000000000e+01
3.760484535366466474e+01 2.339591486479602744e-01 9.000000000000000000e+01
3.794604134727664047e+01 2.647827992614765757e-01 9.000000000000000000e+01
3.828541090077659703e+01 2.958932716501415094e-01 9.000000000000000000e+01
3.862291434763965015e+01 3.272952063832128555e-01 9.000000000000000000e+01
3.895851123476757749e+01 3.589932633734534417e-01 9.000000000000000000e+01
3.929216031059321068e+01 3.909921187030264700e-01 9.000000000000000000e+01
3.962381951350984366e+01 4.232964611968297319e-01 9.000000000000000000e+01
3.995344596067196363e+01 4.559109887314028442e-01 9.000000000000000000e+01
4.028099593721913152e+01 4.888404042675173478e-01 9.000000000000000000e+01
4.060642488597598998e+01 5.220894115943408575e-01 9.000000000000000000e+01
4.092968739768615194e+01 5.556627107729439352e-01 9.000000000000000000e+01
4.125073720184027337e+01 5.895649932670041782e-01 9.000000000000000000e+01
4.156952715816354527e+01 6.238009367484629308e-01 9.000000000000000000e+01
4.188600924882886289e+01 6.583751995659916645e-01 9.000000000000000000e+01
4.220013457146966118e+01 6.932924148644050710e-01 9.000000000000000000e+01
4.251185333306550262e+01 7.285571843431827288e-01 9.000000000000000000e+01
4.282111484478168251e+01 7.641740716428359059e-01 9.000000000000000000e+01
4.312786751784477701e+01 8.001475953481262948e-01 9.000000000000000000e+01
4.343205886054166598e+01 8.364822215976910336e-01 9.000000000000000000e+01
4.373363547643283056e+01 8.731823562904403868e-01 9.000000000000000000e+01
4.403254306387454164e+01 9.102523368796664460e-01 9.000000000000000000e+01
4.432872641694810767e+01 9.476964237469284180e-01 9.000000000000000000e+01
4.462212942789872727e+01 9.855187911487545138e-01 9.000000000000000000e+01
4.491269509118845349e+01 1.023723517730435351e+00 9.000000000000000000e+01
4.520036550927290619e+01 1.062314576602706451e+00 9.000000000000000000e+01
4.548508190021264852e+01 1.101295824978543392e+00 9.000000000000000000e+01
4.576678460723417174e+01 1.140670993369253594e+00 9.000000000000000000e+01
4.604541311035730189e+01 1.180443674340922566e+00 9.000000000000000000e+01
4.632090604020755364e+01 1.220617310834461788e+00 9.000000000000000000e+01
4.659320119413430206e+01 1.261195184055010188e+00 9.000000000000000000e+01
4.686223555475628189e+01 1.302180400939015215e+00 9.000000000000000000e+01
4.712794531105581797e+01 1.343575881210088419e+00 9.000000000000000000e+01
4.739026588214475311e+01 1.385384344038057325e+00 9.000000000000000000e+01
4.764913194382150152e+01 1.427608294318658100e+00 9.000000000000000000e+01
4.790447745804012669e+01 1.470250008595126667e+00 9.000000000000000000e+01
4.815623570540672915e+01 1.513311520646549724e+00 9.000000000000000000e+01
4.840433932081714374e+01 1.556794606771852996e+00 9.000000000000000000e+01
4.864872033234451010e+01 1.600700770802601314e+00 9.000000000000000000e+01
4.888931020347935430e+01 1.645031228881987273e+00 9.000000000000000000e+01
4.912603987881893630e+01 1.689786894052127009e+00 9.000000000000000000e+01
4.935883983329382119e+01 1.734968360696379941e+00 9.000000000000000000e+01
4.958764012501036689e+01 1.780575888888173752e+00 9.000000000000000000e+01
4.981237045177755363e+01 1.826609388702944203e+00 9.000000000000000000e+01
5.003296021137405347e+01 1.873068404554454114e+00 9.000000000000000000e+01
5.024933856559778889e+01 1.919952099621993424e+00 9.000000000000000000e+01
5.046143450812576958e+01 1.967259240439715118e+00 9.000000000000000000e+01
5.066917693619436136e+01 2.014988181724167493e+00 9.000000000000000000e+01
5.087249472609305911e+01 2.063136851520871229e+00 9.000000000000000000e+01
5.107131681244513999e+01 2.111702736755111331e+00 9.000000000000000000e+01
5.126557227122633265e+01 2.160682869276208784e+00 9.000000000000000000e+01
5.145519040645235265e+01 2.210073812488530187e+00 9.000000000000000000e+01
5.164010084044019067e+01 2.259871648665495947e+00 9.000000000000000000e+01
5.182023360752465635e+01 2.310071967045994601e+00 9.000000000000000000e+01
5.199551925108506367e+01 2.360669852814589298e+00 9.000000000000000000e+01
5.216588892370926089e+01 2.411659877068463853e+00 9.000000000000000000e+01
5.233127449029603184e+01 2.463036087874985292e+00 9.000000000000000000e+01
5.249160863386693876e+01 2.514792002523428494e+00 9.000000000000000000e+01
5.264682496383066734e+01 2.566920601073680697e+00 9.000000000000000000e+01
5.279685812641498188e+01 2.619414321302651505e+00 9.000000000000000000e+01
5.294164391695091609e+01 2.672265055146063606e+00 9.000000000000000000e+01
5.308111939366822440e+01 2.725464146729490889e+00 9.000000000000000000e+01
5.321522299263180855e+01 2.779002392076932004e+00 9.000000000000000000e+01
5.334389464342436327e+01 2.832870040579216653e+00 9.000000000000000000e+01
5.346707588515489817e+01 2.887056798296836480e+00 9.000000000000000000e+01
5.358470998235106464e+01 2.941551833163116303e+00 9.000000000000000000e+01
5.369674204027180053e+01 2.996343782144021972e+00 9.000000000000000000e+01
5.380311911916039236e+01 3.051420760399877530e+00 9.000000000000000000e+01
5.390379034694145588e+01 3.106770372482350773e+00 9.000000000000000000e+01
5.399870702985522541e+01 3.162379725587396440e+00 9.000000000000000000e+01
5.408782276051348958e+01 3.218235444870892081e+00 9.000000000000000000e+01
5.417109352285751811e+01 3.274323690819531230e+00 9.000000000000000000e+01
5.424847779349843790e+01 3.330630178654404361e+00 9.000000000000000000e+01
5.431993663892379942e+01 3.387140199729210099e+00 9.000000000000000000e+01
5.438543380806350314e+01 3.443838644869588350e+00 9.000000000000000000e+01
5.444493581972014340e+01 3.500710029583944394e+00 9.000000000000000000e+01
5.449841204438730813e+01 3.557738521060855419e+00 9.000000000000000000e+01
5.454583478000057539e+01 3.614907966852539456e+00 9.000000000000000000e+01
5.458717932119263594e+01 3.672201925129121136e+00 9.000000000000000000e+01
5.462242402165452404e+01 3.729603696374497623e+00 9.000000000000000000e+01
5.465155034923971300e+01 3.787096356381139728e+00 9.000000000000000000e+01
5.467454293348604466e+01 3.844662790389401064e+00 9.000000000000000000e+01
5.469138960527245530e+01 3.902285728205953319e+00 9.000000000000000000e+01
5.470208142837193321e+01 3.959947780126628292e+00 9.000000000000000000e+01
5.470661272271014042e+01 4.017631473481387161e+00 9.000000000000000000e+01
5.470661272271014042e+01 4.017631473481387161e+00 9.000000000000000000e+01
5.470498107918778885e+01 4.075319289612908236e+00 9.000000000000000000e+01
5.469718736597677378e+01 4.132993701096170369e+00 9.000000000000000000e+01
5.468323572625087081e+01 4.190637209004042241e+00 9.000000000000000000e+01
5.466313356736555562e+01 4.248232380023424959e+00 9.000000000000000000e+01
5.463689154155268568e+01 4.305761883227930298e+00 9.000000000000000000e+01
5.460452351824783079e+01 4.363208526316522118e+00 9.000000000000000000e+01
5.456604654821810385e+01 4.420555291132586717e+00 9.000000000000000000e+01
5.452148081970699423e+01 4.477785368285005063e+00 9.000000000000000000e+01
5.447084960685835142e+01 4.534882190701243765e+00 9.000000000000000000e+01
5.441417921072547870e+01 4.591829465952760536e+00 9.000000000000000000e+01
5.435149889321073857e+01 4.648611207204285556e+00 9.000000000000000000e+01
5.428284080431821224e+01 4.705211762651429375e+00 9.000000000000000000e+01
5.420823990313381557e+01 4.761615843324591424e+00 9.000000000000000000e+01
5.412773387297634997e+01 4.817808549151707531e+00 9.000000000000000000e+01
5.404136303118618656e+01 4.873775393187537830e+00 9.000000000000000000e+01
5.394917023403879597e+01 4.929502323932570818e+00 9.000000000000000000e+01
5.385120077728481647e+01 4.984975745680558568e+00 9.000000000000000000e+01
5.374750229282878422e+01 5.040182536849266093e+00 9.000000000000000000e+01
5.363812464206534969e+01 5.095110066264734172e+00 9.000000000000000000e+01
5.352311980639309041e+01 5.149746207384484187e+00 9.000000000000000000e+01
5.340254177542374237e+01 5.204079350459839048e+00 9.000000000000000000e+01
5.327644643339836250e+01 5.258098412651623477e+00 9.000000000000000000e+01
5.314489144431207279e+01 5.311792846126660805e+00 9.000000000000000000e+01
5.300793613623532252e+01 5.365152644174987273e+00 9.000000000000000000e+01
5.286564138530360424e+01 5.418168345398921559e+00 9.000000000000000000e+01
5.271806949982754986e+01 5.470831036035541217e+00 9.000000000000000000e+01
5.256528410495453585e+01 5.523132350483262343e+00 9.000000000000000000e+01
5.240735002828900946e+01 5.575064470111316339e+00 9.000000000000000000e+01
5.224433318685272809e+01 5.626620120437695327e+00 9.000000000000000000e+01
5.207630047574089360e+01 5.677792566767030813e+00 9.000000000000000000e+01
5.190331965880061205e+01 5.728575608384349316e+00 9.000000000000000000e+01
5.172545926163175523e+01 5.778963571404184485e+00 9.000000000000000000e+01
5.154278846717980400e+01 5.828951300376973954e+00 9.000000000000000000e+01
5.135537701416300393e+01 5.878534148756082267e+00 9.000000000000000000e+01
5.116329509854686819e+01 5.927707968329256616e+00 9.000000000000000000e+01
5.096661327825083987e+01 5.976469097718001500e+00 9.000000000000000000e+01
5.076540238124537296e+01 6.024814350047124734e+00 9.000000000000000000e+01
5.055973341717007941e+01 6.072740999884809199e+00 9.000000000000000000e+01
5.034967749257926073e+01 6.120246769551068944e+00 9.000000000000000000e+01
5.013530572989560596e+01 6.167329814889304984e+00 9.000000000000000000e+01
4.991668919013064709e+01 6.213988710592118991e+00 9.000000000000000000e+01
4.969389879940860766e+01 6.260222435168615540e+00 9.000000000000000000e+01
4.946700527930990887e+01 6.306030355636001339e+00 9.000000000000000000e+01
4.923607908103179653e+01 6.351412212013860525e+00 9.000000000000000000e+01
4.900119032334648494e+01 6.396368101694666741e+00 9.000000000000000000e+01
4.876240873432143275e+01 6.440898463759221926e+00 9.000000000000000000e+01
4.851980359675139454e+01 6.485004063300818800e+00 9.000000000000000000e+01
4.827344369724050210e+01 6.528685975816839182e+00 9.000000000000000000e+01
4.802339727885953380e+01 6.571945571721753865e+00 9.000000000000000000e+01
4.776973199729508934e+01 6.614784501030412045e+00 9.000000000000000000e+01
4.751251488039735449e+01 6.657204678255927099e+00 9.000000000000000000e+01
4.725181229102738456e+01 6.699208267561709285e+00 9.000000000000000000e+01
4.698768989309676414e+01 6.740797668202807458e+00 9.000000000000000000e+01
4.672021262068918190e+01 6.781975500287393821e+00 9.000000000000000000e+01
4.644944465014840063e+01 6.822744590885154281e+00 9.000000000000000000e+01
4.617544937501450164e+01 6.863107960505503868e+00 9.000000000000000000e+01
4.589828938368817290e+01 6.903068809964800323e+00 9.000000000000000000e+01
4.561802643970169413e+01 6.942630507658439143e+00 9.000000000000000000e+01
4.533472146447432749e+01 6.981796577250356961e+00 9.000000000000000000e+01
4.504843452243044766e+01 7.020570685789680354e+00 9.000000000000000000e+01
4.475922480835942707e+01 7.058956632261333297e+00 9.000000000000000000e+01
4.446715063689755709e+01 7.096958336575052151e+00 9.000000000000000000e+01
4.417226943401398387e+01 7.134579828994890072e+00 9.000000000000000000e+01
4.387463773038539472e+01 7.171825240009202851e+00 9.000000000000000000e+01
4.357431115654584630e+01 7.208698790639277654e+00 9.000000000000000000e+01
4.327134443970226840e+01 7.245204783183024411e+00 9.000000000000000000e+01
4.296579140210810266e+01 7.281347592388716095e+00 9.000000000000000000e+01
4.265770496089189834e+01 7.317131657052356353e+00 9.000000000000000000e+01
4.234713712924039442e+01 7.352561472031218237e+00 9.000000000000000000e+01
4.203413901883999415e+01 7.387641580664948471e+00 9.000000000000000000e+01
4.171876084348392055e+01 7.422376567594930030e+00 9.000000000000000000e+01
4.140105192375612830e+01 7.456771051971712971e+00 9.000000000000000000e+01
4.108106069270701255e+01 7.490829681039913979e+00 9.000000000000000000e+01
4.075883470243990558e+01 7.524557124089286120e+00 9.000000000000000000e+01
4.043442063153101884e+01 7.557958066760486204e+00 9.000000000000000000e+01
4.010786429320926061e+01 7.591037205693619505e+00 9.000000000000000000e+01
3.977921064422655206e+01 7.623799243507553669e+00 9.000000000000000000e+01
3.944850379435208509e+01 7.656248884097816010e+00 9.000000000000000000e+01
3.911578701642870470e+01 7.688390828240867059e+00 9.000000000000000000e+01
3.878110275693213538e+01 7.720229769492508609e+00 9.000000000000000000e+01
3.844449264697775703e+01 7.751770390368335484e+00 9.000000000000000000e+01
3.810599751372276245e+01 7.783017358794142027e+00 9.000000000000000000e+01
3.776565739211451955e+01 7.813975324814494527e+00 9.000000000000000000e+01
3.742351153693997645e+01 7.844648917547728750e+00 9.000000000000000000e+01
3.707959843513217635e+01 7.875042742375926608e+00 9.000000000000000000e+01
3.673395581829496592e+01 7.905161378358748436e+00 9.000000000000000000e+01
3.638662067540757761e+01 7.935009375860134107e+00 9.000000000000000000e+01
3.603762926567530656e+01 7.964591254377261009e+00 9.000000000000000000e+01
3.568701713149338417e+01 7.993911500561484473e+00 9.000000000000000000e+01
3.533481911149461041e+01 8.022974566421206433e+00 9.000000000000000000e+01
3.498106935365292713e+01 8.051784867697074688e+00 9.000000000000000000e+01
3.462580132841762293e+01 8.080346782400116723e+00 9.000000000000000000e+01
3.426904784185487074e+01 8.108664649503872113e+00 9.000000000000000000e+01
3.391084104877452887e+01 8.136742767781843355e+00 9.000000000000000000e+01
3.355121246582337591e+01 8.164585394781950001e+00 9.000000000000000000e+01
3.319019298452577971e+01 8.192196745930045765e+00 9.000000000000000000e+01
3.282781288425637456e+01 8.219580993754812326e+00 9.000000000000000000e+01
3.246410184512900798e+01 8.246742267226776946e+00 9.000000000000000000e+01
3.209908896078909635e+01 8.273684651204408880e+00 9.000000000000000000e+01
3.173280275109689796e+01 8.300412185980684754e+00 9.000000000000000000e+01
3.136527117469096382e+01 8.326928866923726247e+00 9.000000000000000000e+01
3.099652164142191069e+01 8.353238644205481123e+00 9.000000000000000000e+01
3.062658102464793330e+01 8.379345422612670902e+00 9.000000000000000000e+01
3.025547567338465527e+01 8.405253061434541095e+00 9.000000000000000000e+01
2.988323142430187218e+01 8.430965374422237701e+00 9.000000000000000000e+01
2.950987361356251171e+01 8.456486129814829056e+00 9.000000000000000000e+01
2.913542708849763940e+01 8.481819050427358064e+00 9.000000000000000000e+01
2.875991621911427387e+01 8.506967813796464384e+00 9.000000000000000000e+01
2.838336490943181545e+01 8.531936052379414548e+00 9.000000000000000000e+01
2.800579660864438836e+01 8.556727353802576985e+00 9.000000000000000000e+01
2.762723432210695762e+01 8.581345261155616910e+00 9.000000000000000000e+01
2.724770062214346211e+01 8.605793273327867254e+00 9.000000000000000000e+01
2.686721765867545031e+01 8.630074845383591153e+00 9.000000000000000000e+01
2.648580716967081727e+01 8.654193388972997170e+00 9.000000000000000000e+01
2.610349049141229827e+01 8.678152272776024745e+00 9.000000000000000000e+01
2.572028856858547741e+01 8.701954822976226467e+00 9.000000000000000000e+01
2.533622196418721018e+01 8.725604323762025771e+00 9.000000000000000000e+01
2.495131086925475472e+01 8.749104017853058579e+00 9.000000000000000000e+01
2.456557511241708269e+01 8.772457107049174141e+00 9.000000000000000000e+01
2.417903416926948168e+01 8.795666752800034516e+00 9.000000000000000000e+01
2.379170717157306214e+01 8.818736076793321388e+00 9.000000000000000000e+01
2.340361291628112284e+01 8.841668161559592676e+00 9.000000000000000000e+01
2.301476987439408006e+01 8.864466051092154686e+00 9.000000000000000000e+01
2.262519619964553996e+01 8.887132751480214310e+00 9.000000000000000000e+01
2.223490973702150342e+01 8.909671231553868864e+00 9.000000000000000000e+01
2.184392803111557058e+01 8.932084423539459195e+00 9.000000000000000000e+01
2.145226833432227309e+01 8.954375223724015953e+00 9.000000000000000000e+01
2.105994761487179190e+01 8.976546493127568027e+00 9.000000000000000000e+01
2.066698256470862916e+01 8.998601058182142509e+00 9.000000000000000000e+01
2.027338960721694860e+01 9.020541711416466768e+00 9.000000000000000000e+01
1.987918490479620459e+01 9.042371212145365433e+00 9.000000000000000000e+01
1.948438436628930504e+01 9.064092287162978323e+00 9.000000000000000000e+01
1.908900365426701029e+01 9.085707631438950216e+00 9.000000000000000000e+01
1.869305819217158060e+01 9.107219908816864162e+00 9.000000000000000000e+01
1.829656317132262089e+01 9.128631752714216674e+00 9.000000000000000000e+01
1.789953355778867916e+01 9.149945766823291748e+00 9.000000000000000000e+01
1.750198409912749042e+01 9.171164525812363522e+00 9.000000000000000000e+01
1.710392933099846147e+01 9.192290576026675097e+00 9.000000000000000000e+01
1.670538358365028486e+01 9.213326436188793878e+00 9.000000000000000000e+01
1.630636098828721714e+01 9.234274598097769626e+00 9.000000000000000000e+01
1.590687548331713685e+01 9.255137527326873226e+00 9.000000000000000000e+01
1.550694082048472922e+01 9.275917663919443612e+00 9.000000000000000000e+01
1.510657057089285615e+01 9.296617423082590648e+00 9.000000000000000000e+01
1.470577813091559527e+01 9.317239195878464386e+00 9.000000000000000000e+01
1.430457672800587687e+01 9.337785349912854471e+00 9.000000000000000000e+01
1.390297942640118656e+01 9.358258230020922497e+00 9.000000000000000000e+01
1.350099913273030339e+01 9.378660158949857717e+00 9.000000000000000000e+01
1.309864860152428534e+01 9.398993438038344195e+00 9.000000000000000000e+01
1.269594044063495986e+01 9.419260347892679519e+00 9.000000000000000000e+01
1.229288711656366573e+01 9.439463149059472258e+00 9.000000000000000000e+01
1.188950095970386300e+01 9.459604082694811567e+00 9.000000000000000000e+01
1.148579416950010312e+01 9.479685371229878754e+00 9.000000000000000000e+01
1.108177881952681609e+01 9.499709219032961727e+00 9.000000000000000000e+01
1.067746686248957033e+01 9.519677813067810135e+00 9.000000000000000000e+01
1.027287013515211633e+01 9.539593323548386294e+00 9.000000000000000000e+01
9.868000363191772095e+00 9.559457904590001220e+00 9.000000000000000000e+01
9.462869165986411701e+00 9.579273694856855315e+00 9.000000000000000000e+01
9.057488061335710938e+00 9.599042818206042327e+00 9.000000000000000000e+01
8.651868470119545407e+00 9.618767384328062775e+00 9.000000000000000000e+01
8.246021720896470342e+00 9.638449489383921431e+00 9.000000000000000000e+01
7.839959054444907594e+00 9.658091216638874599e+00 9.000000000000000000e+01
7.433691628250016947e+00 9.677694637092944419e+00 9.000000000000000000e+01
7.027230520938762659e+00 9.697261810108264157e+00 9.000000000000000000e+01
6.620586736666161265e+00 9.716794784033378818e+00 9.000000000000000000e+01
6.213771209455166478e+00 9.736295596824623644e+00 9.000000000000000000e+01
5.806794807492909882e+00 9.755766276664699532e+00 9.000000000000000000e+01
5.399668337386263950e+00 9.775208842578560819e+00 9.000000000000000000e+01
4.992402548378750637e+00 9.794625305046766428e+00 9.000000000000000000e+01
4.585008136532062295e+00 9.814017666616441815e+00 9.000000000000000000e+01
4.177495748874230586e+00 9.833387922509984946e+00 9.000000000000000000e+01
3.769875987517490312e+00 9.852738061231679723e+00 9.000000000000000000e+01
3.362159413747948911e+00 9.872070065172362519e+00 9.000000000000000000e+01
2.954356552090025012e+00 9.891385911212323023e+00 9.000000000000000000e+01
2.546477894347811688e+00 9.910687571322569056e+00 9.000000000000000000e+01
2.138533903626160804e+00 9.929977013164672073e+00 9.000000000000000000e+01
1.730535018333869912e+00 9.949256200689312379e+00 9.000000000000000000e+01
1.322491656171382202e+00 9.968527094733728333e+00 9.000000000000000000e+01
9.144142181057237639e-01 9.987791653618257826e+00 9.000000000000000000e+01
5.063130923348512225e-01 1.000705183374208040e+01 9.000000000000000000e+01
9.819865824419853062e-02 1.002630959017843004e+01 9.000000000000000000e+01
-3.099187096424342314e-01 1.004556687726938513e+01 9.000000000000000000e+01
-7.180286377148543675e-01 1.006482564922046841e+01 9.000000000000000000e+01
-1.126120749329178716e+00 1.008408786069517227e+01 9.000000000000000000e+01
-1.534184660858530558e+00 1.010335546740965817e+01 9.000000000000000000e+01
-1.942209977739394855e+00 1.012263042672777758e+01 9.000000000000000000e+01
-2.350186290511236287e+00 1.014191469825658665e+01 9.000000000000000000e+01
-2.758103170846687657e+00 1.016121024444253607e+01 9.000000000000000000e+01
-3.165950167570135143e+00 1.018051903116854007e+01 9.000000000000000000e+01
-3.573716802661883296e+00 1.019984302835207224e+01 9.000000000000000000e+01
-3.981392567245756187e+00 1.021918421054445147e+01 9.000000000000000000e+01
-4.388966917557302061e+00 1.023854455753153125e+01 9.000000000000000000e+01
-4.796429270890412155e+00 1.025792605493593079e+01 9.000000000000000000e+01
-5.203769001519503945e+00 1.027733069482098038e+01 9.000000000000000000e+01
-5.610975436595070143e+00 1.029676047629654256e+01 9.000000000000000000e+01
-6.018037852009753053e+00 1.031621740612686722e+01 9.000000000000000000e+01
-6.424945468232511558e+00 1.033570349934065469e+01 9.000000000000000000e+01
-6.831687446108397843e+00 1.035522077984344236e+01 9.000000000000000000e+01
-7.238252882621049267e+00 1.037477128103248702e+01 9.000000000000000000e+01
-7.644630806615622554e+00 1.039435704641427449e+01 9.000000000000000000e+01
-8.050810174479224202e+00 1.041398013022479141e+01 9.000000000000000000e+01
-8.456779865776431038e+00 1.043364259805268546e+01 9.000000000000000000e+01
-8.862528678836945062e+00 1.045334652746541693e+01 9.000000000000000000e+01
-9.268045326292954300e+00 1.047309400863857043e+01 9.000000000000000000e+01
-9.673318430563211834e+00 1.049288714498832320e+01 9.000000000000000000e+01
-1.007833651928129193e+01 1.051272805380730802e+01 9.000000000000000000e+01
-1.048308802066502032e+01 1.053261886690380678e+01 9.000000000000000000e+01
-1.088756125882442127e+01 1.055256173124446839e+01 9.000000000000000000e+01
-1.129174444900531071e+01 1.057255880960054739e+01 9.000000000000000000e+01
-1.169562569276562591e+01 1.059261228119770770e+01 9.000000000000000000e+01
-1.209919297308154995e+01 1.061272434236947859e+01 9.000000000000000000e+01
-1.250243414938069542e+01 1.063289720721434684e+01 9.000000000000000000e+01
-1.290533695249915702e+01 1.065313310825648507e+01 9.000000000000000000e+01
-1.330788897955958028e+01 1.067343429711013236e+01 9.000000000000000000e+01
-1.371007768876716959e+01 1.069380304514758429e+01 9.000000000000000000e+01
-1.411189039412077584e+01 1.071424164417074998e+01 9.000000000000000000e+01
-1.451331426003570080e+01 1.073475240708619616e+01 9.000000000000000000e+01
-1.491433629587533893e+01 1.075533766858359819e+01 9.000000000000000000e+01
-1.531494335038842003e+01 1.077599978581751650e+01 9.000000000000000000e+01
-1.571512210604890747e+01 1.079674113909227096e+01 9.000000000000000000e+01
-1.611485907329506162e+01 1.081756413254986526e+01 9.000000000000000000e+01
-1.651414058466482615e+01 1.083847119486067179e+01 9.000000000000000000e+01
-1.691295278882397923e+01 1.085946477991670100e+01 9.000000000000000000e+01
-1.731128164448417905e+01 1.088054736752720508e+01 9.000000000000000000e+01
-1.770911291420742373e+01 1.090172146411626386e+01 9.000000000000000000e+01
-1.810643215809372109e+01 1.092298960342213121e+01 9.000000000000000000e+01
-1.850322472734873003e+01 1.094435434719785682e+01 9.000000000000000000e+01
-1.889947575772821864e+01 1.096581828591284768e+01 9.000000000000000000e+01
-1.929517016285592135e+01 1.098738403945490916e+01 9.000000000000000000e+01
-1.969029262741143427e+01 1.100905425783222391e+01 9.000000000000000000e+01
-2.008482760018544866e+01 1.103083162187476240e+01 9.000000000000000000e+01
-2.047875928699830084e+01 1.105271884393447657e+01 9.000000000000000000e+01
-2.087207164347935873e+01 1.107471866858364073e+01 9.000000000000000000e+01
-2.126474836770351473e+01 1.109683387331060977e+01 9.000000000000000000e+01
-2.165677289268213102e+01 1.111906726921218613e+01 9.000000000000000000e+01
-2.204812837870502307e+01 1.114142170168175205e+01 9.000000000000000000e+01
-2.243879770553050079e+01 1.116390005109224681e+01 9.000000000000000000e+01
-2.282876346442054327e+01 1.118650523347294623e+01 9.000000000000000000e+01
-2.321800795001843554e+01 1.120924020117897868e+01 9.000000000000000000e+01
-2.360651315206565215e+01 1.123210794355240871e+01 9.000000000000000000e+01
-2.399426074695553979e+01 1.125511148757356672e+01 9.000000000000000000e+01
-2.438123208912152862e+01 1.127825389850135096e+01 9.000000000000000000e+01
-2.476740820225652584e+01 1.130153828050091924e+01 9.000000000000000000e+01
-2.515276977036260675e+01 1.132496777725730475e+01 9.000000000000000000e+01
-2.553729712862740087e+01 1.134854557257315655e+01 9.000000000000000000e+01
-2.592097025412634537e+01 1.137227489094890487e+01 9.000000000000000000e+01
-2.630376875634854628e+01 1.139615899814327449e+01 9.000000000000000000e+01
-2.668567186754513898e+01 1.142020120171225805e+01 9.000000000000000000e+01
-2.706665843289853512e+01 1.144440485152410147e+01 9.000000000000000000e+01
-2.744670690051193418e+01 1.146877334024816619e+01 9.000000000000000000e+01
-2.782579531121834648e+01 1.149331010381497009e+01 9.000000000000000000e+01
-2.820390128820892528e+01 1.151801862184482239e+01 9.000000000000000000e+01
-2.858100202648077115e+01 1.154290241804218375e+01 9.000000000000000000e+01
-2.895707428210460321e+01 1.156796506055264118e+01 9.000000000000000000e+01
-2.933209436131324921e+01 1.159321016227939971e+01 9.000000000000000000e+01
-2.970603810941263845e+01 1.161864138115569922e+01 9.000000000000000000e+01
-3.007888089951724098e+01 1.164426242036971004e+01 9.000000000000000000e+01
-3.045059762111213431e+01 1.167007702853787343e+01 9.000000000000000000e+01
-3.082116266844568386e+01 1.169608899982277528e+01 9.000000000000000000e+01
-3.119054992875575749e+01 1.172230217399109975e+01 9.000000000000000000e+01
-3.155873277033509083e+01 1.174872043640722730e+01 9.000000000000000000e+01
-3.192568403044031200e+01 1.177534771795759028e+01 9.000000000000000000e+01
-3.229137600305153200e+01 1.180218799490073778e+01 9.000000000000000000e+01
-3.265578042648922263e+01 1.182924528863778768e+01 9.000000000000000000e+01
-3.301886847089684096e+01 1.185652366539759228e+01 9.000000000000000000e+01
-3.338061072559829512e+01 1.188402723583074838e+01 9.000000000000000000e+01
-3.374097718634037335e+01 1.191176015450618841e+01 9.000000000000000000e+01
-3.409993724243209101e+01 1.193972661930387424e+01 9.000000000000000000e+01
-3.445745966379343628e+01 1.196793087069671024e+01 9.000000000000000000e+01
-3.481351258792767567e+01 1.199637719091456844e+01 9.000000000000000000e+01
-3.516806350683339843e+01 1.202506990298282830e+01 9.000000000000000000e+01
-3.552107925387278442e+01 1.205401336962778913e+01 9.000000000000000000e+01
-3.587252599061553582e+01 1.208321199204057628e+01 9.000000000000000000e+01
-3.622236919367892938e+01 1.211267020849123277e+01 9.000000000000000000e+01
-3.657057364158645640e+01 1.214239249278403143e+01 9.000000000000000000e+01
-3.691710340166950743e+01 1.217238335254487325e+01 9.000000000000000000e+01
-3.726192181703884643e+01 1.220264732733126500e+01 9.000000000000000000e+01
-3.760499149365442406e+01 1.223318898655496589e+01 9.000000000000000000e+01
-3.794627428752465903e+01 1.226401292720718672e+01 9.000000000000000000e+01
-3.828573129206884573e+01 1.229512377137583456e+01 9.000000000000000000e+01
-3.862332282567851394e+01 1.232652616354393160e+01 9.000000000000000000e+01
-3.895900841951659999e+01 1.235822476765825328e+01 9.000000000000000000e+01
-3.929274680559601762e+01 1.239022426395670529e+01 9.000000000000000000e+01
-3.962449590518206577e+01 1.242252934554292310e+01 9.000000000000000000e+01
-3.995421281756589593e+01 1.245514471469629036e+01 9.000000000000000000e+01
-4.028185380926032622e+01 1.248807507890535540e+01 9.000000000000000000e+01
-4.060737430367100131e+01 1.252132514661253815e+01 9.000000000000000000e+01
-4.093072887130113457e+01 1.255489962265795612e+01 9.000000000000000000e+01
-4.125187122055001510e+01 1.258880320341006787e+01 9.000000000000000000e+01
-4.157075418916983978e+01 1.262304057157091286e+01 9.000000000000000000e+01
-4.188732973644874136e+01 1.265761639064383104e+01 9.000000000000000000e+01
-4.220154893619206860e+01 1.269253529905160960e+01 9.000000000000000000e+01
-4.251336197057725741e+01 1.272780190389340760e+01 9.000000000000000000e+01
-4.282271812496151142e+01 1.276342077432892808e+01 9.000000000000000000e+01
-4.312956578372597249e+01 1.279939643457892728e+01 9.000000000000000000e+01
-4.343385242724323092e+01 1.283573335653161429e+01 9.000000000000000000e+01
-4.373552463005901103e+01 1.287243595194512302e+01 9.000000000000000000e+01
-4.403452806038323786e+01 1.290950856423711812e+01 9.000000000000000000e+01
-4.433080748098853974e+01 1.294695545985342200e+01 9.000000000000000000e+01
-4.462430675161864002e+01 1.298478081920872640e+01 9.000000000000000000e+01
-4.491496883301177689e+01 1.302298872719361000e+01 9.000000000000000000e+01
-4.520273579264871699e+01 1.306158316324362900e+01 9.000000000000000000e+01
-4.548754881233649172e+01 1.310056799096760827e+01 9.000000000000000000e+01
-4.576934819774287888e+01 1.313994694733434265e+01 9.000000000000000000e+01
-4.604807338999890476e+01 1.317972363141864101e+01 9.000000000000000000e+01
-4.632366297948798461e+01 1.321990149271003112e+01 9.000000000000000000e+01
-4.659605472194296283e+01 1.326048381898973183e+01 9.000000000000000000e+01
-4.686518555697235655e+01 1.330147372378422510e+01 9.000000000000000000e+01
-4.713099162913825069e+01 1.334287413340653394e+01 9.000000000000000000e+01
-4.739340831170829205e+01 1.338468777359948092e+01 9.000000000000000000e+01
-4.765237023320223386e+01 1.342691715579850964e+01 9.000000000000000000e+01
-4.790781130685360978e+01 1.346956456303517591e+01 9.000000000000000000e+01
-4.815966476310263999e+01 1.351263203550617931e+01 9.000000000000000000e+01
-4.840786318523434062e+01 1.355612135583690758e+01 9.000000000000000000e+01
-4.865233854827091164e+01 1.360003403407251810e+01 9.000000000000000000e+01
-4.889302226122153883e+01 1.364437129243408720e+01 9.000000000000000000e+01
-4.912984521278634986e+01 1.368913404988187388e+01 9.000000000000000000e+01
-4.936273782060293769e+01 1.373432290653247279e+01 9.000000000000000000e+01
-4.959163008411481144e+01 1.377993812798141704e+01 9.000000000000000000e+01
-4.981645164113020741e+01 1.382597962958782922e+01 9.000000000000000000e+01
-5.003713182812741422e+01 1.387244696078256290e+01 9.000000000000000000e+01
-5.025359974434962851e+01 1.391933928946627397e+01 9.000000000000000000e+01
-5.046578431971680345e+01 1.396665538656889716e+01 9.000000000000000000e+01
-5.067361438656549666e+01 1.401439361084668178e+01 9.000000000000000000e+01
-5.087701875521003814e+01 1.406255189399770700e+01 9.000000000000000000e+01
-5.107592629329767675e+01 1.411112772618124289e+01 9.000000000000000000e+01
-5.127026600891061037e+01 1.416011814203041297e+01 9.000000000000000000e+01
-5.145996713734433570e+01 1.420951970725147184e+01 9.000000000000000000e+01
-5.164495923146861145e+01 1.425932850590634793e+01 9.000000000000000000e+01
-5.182517225555149309e+01 1.430954012847788093e+01 9.000000000000000000e+01
-5.200053668240206406e+01 1.436014966081943278e+01 9.000000000000000000e+01
-5.217098359365897409e+01 1.441115167409217079e+01 9.000000000000000000e+01
-5.233644478302488778e+01 1.446254021579387228e+01 9.000000000000000000e+01
-5.249685286221895097e+01 1.451430880198341455e+01 9.000000000000000000e+01
-5.265214136938916312e+01 1.456645041080371783e+01 9.000000000000000000e+01
-5.280224487969941549e+01 1.461895747740428142e+01 9.000000000000000000e+01
-5.294709911777623290e+01 1.467182189036132200e+01 9.000000000000000000e+01
-5.308664107167257384e+01 1.472503498968947966e+01 9.000000000000000000e+01
-5.322080910797895115e+01 1.477858756653385797e+01 9.000000000000000000e+01
-5.334954308768548259e+01 1.483246986462479278e+01 9.000000000000000000e+01
-5.347278448237445048e+01 1.488667158357023723e+01 9.000000000000000000e+01
-5.359047649030012650e+01 1.494118188405202297e+01 9.000000000000000000e+01
-5.370256415189182064e+01 1.499598939498237726e+01 9.000000000000000000e+01
-5.380899446419864773e+01 1.505108222266622064e+01 9.000000000000000000e+01
-5.390971649377929964e+01 1.510644796200285001e+01 9.000000000000000000e+01
-5.400468148752841557e+01 1.516207370974767699e+01 9.000000000000000000e+01
-5.409384298092333410e+01 1.521794607984108616e+01 9.000000000000000000e+01
-5.417715690316993715e+01 1.527405122079685995e+01 9.000000000000000000e+01
-5.425458167872696436e+01 1.533037483512773669e+01 9.000000000000000000e+01
-5.432607832469182796e+01 1.538690220077008419e+01 9.000000000000000000e+01
-5.439161054353873936e+01 1.544361819445396833e+01 9.000000000000000000e+01
-5.445114481071452417e+01 1.550050731694914674e+01 9.000000000000000000e+01
-5.450465045661309915e+01 1.555755372010170134e+01 9.000000000000000000e+01
-5.455209974247289040e+01 1.561474123556073401e+01 9.000000000000000000e+01
-5.459346792976761265e+01 1.567205340507968714e+01 9.000000000000000000e+01
-5.462873334269097114e+01 1.572947351226268964e+01 9.000000000000000000e+01
-5.465787742337136024e+01 1.578698461561308264e+01 9.000000000000000000e+01
-5.468088477949064696e+01 1.584456958272926741e+01 9.000000000000000000e+01
-5.469774322402290068e+01 1.590221112548217341e+01 9.000000000000000000e+01
-5.470844380685459640e+01 1.595989183599923145e+01 9.000000000000000000e+01
-5.471298083809422508e+01 1.601759422327207361e+01 9.000000000000000000e+01
-5.471135190292994821e+01 1.607530075019902682e+01 9.000000000000000000e+01
-5.470355786794413433e+01 1.613299387086941650e+01 9.000000000000000000e+01
-5.468960287884621607e+01 1.619065606789399325e+01 9.000000000000000000e+01
-5.466949434963795795e+01 1.624826988958579221e+01 9.000000000000000000e+01
-5.464324294327705900e+01 1.630581798679682137e+01 9.000000000000000000e+01
-5.461086254395742401e+01 1.636328314921941995e+01 9.000000000000000000e+01
-5.457237022117395497e+01 1.642064834096663972e+01 9.000000000000000000e+01
-5.452778618578927450e+01 1.647789673525236864e+01 9.000000000000000000e+01
-5.447713373836482020e+01 1.653501174800117823e+01 9.000000000000000000e+01
-5.442043921006338536e+01 1.659197707022762813e+01 9.000000000000000000e+01
-5.435773189646914005e+01 1.664877669903619051e+01 9.000000000000000000e+01
-5.428904398470859860e+01 1.670539496710620142e+01 9.000000000000000000e+01
-5.421441047428806570e+01 1.676181657053923857e+01 9.000000000000000000e+01
-5.413386909209208397e+01 1.681802659496148422e+01 9.000000000000000000e+01
-5.404746020201077528e+01 1.687401053978846832e+01 9.000000000000000000e+01
-5.395522670968438206e+01 1.692975434057518669e+01 9.000000000000000000e+01
-5.385721396286771778e+01 1.698524438939049119e+01 9.000000000000000000e+01
-5.375346964792838378e+01 1.704046755317038375e+01 9.000000000000000000e+01
-5.364404368299823034e+01 1.709541119002032517e+01 9.000000000000000000e+01
-5.352898810829959331e+01 1.715006316345222714e+01 9.000000000000000000e+01
-5.340835697416523686e+01 1.720441185455629096e+01 9.000000000000000000e+01
-5.328220622726478695e+01 1.725844617212200660e+01 9.000000000000000000e+01
-5.315059359554005169e+01 1.731215556073601647e+01 9.000000000000000000e+01
-5.301357847233867204e+01 1.736553000689678328e+01 9.000000000000000000e+01
-5.287122180021831497e+01 1.741856004319751250e+01 9.000000000000000000e+01
-5.272358595487490618e+01 1.747123675063909332e+01 9.000000000000000000e+01
-5.257073462962656407e+01 1.752355175914386365e+01 9.000000000000000000e+01
-5.241273272086085200e+01 1.757549724634942834e+01 9.000000000000000000e+01
-5.224964621482805427e+01 1.762706593476821837e+01 9.000000000000000000e+01
-5.208154207613585385e+01 1.767825108740457551e+01 9.000000000000000000e+01
-5.190848813827371799e+01 1.772904650192559117e+01 9.000000000000000000e+01
-5.173055299646603089e+01 1.777944650348546318e+01 9.000000000000000000e+01
-5.154780590312526556e+01 1.782944593630542585e+01 9.000000000000000000e+01
-5.136031666614690039e+01 1.787904015411309899e+01 9.000000000000000000e+01
-5.116815555025947759e+01 1.792822500954506992e+01 9.000000000000000000e+01
-5.097139318161502786e+01 1.797699684261662867e+01 9.000000000000000000e+01
-5.077010045577797825e+01 1.802535246836100669e+01 9.000000000000000000e+01
-5.056434844924325489e+01 1.807328916373878869e+01 9.000000000000000000e+01
-5.035420833458981349e+01 1.812080465391548145e+01 9.000000000000000000e+01
-5.013975129935015218e+01 1.816789709800223918e+01 9.000000000000000000e+01
-4.992104846865476020e+01 1.821456507435096839e+01 9.000000000000000000e+01
-4.969817083168725702e+01 1.826080756549131934e+01 9.000000000000000000e+01
-4.947118917196692678e+01 1.830662394279237404e+01 9.000000000000000000e+01
-4.924017400145528001e+01 1.835201395092774845e+01 9.000000000000000000e+01
-4.900519549846729461e+01 1.839697769221753276e+01 9.000000000000000000e+01
-4.876632344935131158e+01 1.844151561091607050e+01 9.000000000000000000e+01
-4.852362719388710843e+01 1.848562847750931226e+01 9.000000000000000000e+01
-4.827717557433987139e+01 1.852931737308064086e+01 9.000000000000000000e+01
-4.802703688809522475e+01 1.857258367379905550e+01 9.000000000000000000e+01
-4.777327884379138112e+01 1.861542903557883832e+01 9.000000000000000000e+01
-4.751596852085503997e+01 1.865785537895482449e+01 9.000000000000000000e+01
-4.725517233234128867e+01 1.869986487421300936e+01 9.000000000000000000e+01
-4.699095599097048392e+01 1.874145992681162909e+01 9.000000000000000000e+01
-4.672338447825080010e+01 1.878264316312351312e+01 9.000000000000000000e+01
-4.645252201657105218e+01 1.882341741652650668e+01 9.000000000000000000e+01
-4.617843204414518965e+01 1.886378571386486058e+01 9.000000000000000000e+01
-4.590117719268789642e+01 1.890375126230075864e+01 9.000000000000000000e+01
-4.562081926769963047e+01 1.894331743657179246e+01 9.000000000000000000e+01
-4.533741923123852757e+01 1.898248776666698490e+01 9.000000000000000000e+01
-4.505103718705757387e+01 1.902126592593098309e+01 9.000000000000000000e+01
-4.476173236798530297e+01 1.905965571960314620e+01 9.000000000000000000e+01
-4.446956312543024836e+01 1.909766107379619626e+01 9.000000000000000000e+01
-4.417458692089115857e+01 1.913528602491610897e+01 9.000000000000000000e+01
-4.387686031935697883e+01 1.917253470952350014e+01 9.000000000000000000e+01
-4.357643898448350228e+01 1.920941135463447580e+01 9.000000000000000000e+01
-4.327337767543620828e+01 1.924592026845738246e+01 9.000000000000000000e+01
-4.296773024529223761e+01 1.928206583156033815e+01 9.000000000000000000e+01
-4.265954964089784340e+01 1.931785248846319192e+01 9.000000000000000000e+01
-4.234888790408074755e+01 1.935328473964624507e+01 9.000000000000000000e+01
-4.203579617412135860e+01 1.938836713396728584e+01 9.000000000000000000e+01
-4.172032469138962796e+01 1.942310426147743385e+01 9.000000000000000000e+01
-4.140252280205891111e+01 1.945750074662562668e+01 9.000000000000000000e+01
-4.108243896381146953e+01 1.949156124184110794e+01 9.000000000000000000e+01
-4.076012075245488120e+01 1.952529042148260530e+01 9.000000000000000000e+01
-4.043561486937123561e+01 1.955869297614255942e+01 9.000000000000000000e+01
-4.010896714972643906e+01 1.959177360729472994e+01 9.000000000000000000e+01
-3.978022257136926498e+01 1.962453702227275443e+01 9.000000000000000000e+01
-3.944942526435418984e+01 1.965698792956779783e+01 9.000000000000000000e+01
-3.911661852102587744e+01 1.968913103443281898e+01 9.000000000000000000e+01
-3.878184480660574707e+01 1.972097103478131430e+01 9.000000000000000000e+01
-3.844514577022595603e+01 1.975251261736832475e+01 9.000000000000000000e+01
-3.810656225635774064e+01 1.978376045424172247e+01 9.000000000000000000e+01
-3.776613431658585540e+01 1.981471919945176552e+01 9.000000000000000000e+01
-3.742390122168296074e+01 1.984539348600736020e+01 9.000000000000000000e+01
-3.707990147394085056e+01 1.987578792306749165e+01 9.000000000000000000e+01
-3.673417281971887860e+01 1.990590709335656072e+01 9.000000000000000000e+01
-3.638675226217199565e+01 1.993575555079283035e+01 9.000000000000000000e+01
-3.603767607412385132e+01 1.996533781831922028e+01 9.000000000000000000e+01
-3.568697981105264461e+01 1.999465838592613309e+01 9.000000000000000000e+01
-3.533469832415984513e+01 2.002372170885636748e+01 9.000000000000000000e+01
-3.498086577349447168e+01 2.005253220598240205e+01 9.000000000000000000e+01
-3.462551564110712121e+01 2.008109425834667405e+01 9.000000000000000000e+01
-3.426868074421071242e+01 2.010941220785591810e+01 9.000000000000000000e+01
-3.391039324832589585e+01 2.013749035612083915e+01 9.000000000000000000e+01
-3.355068468039207374e+01 2.016533296343287063e+01 9.000000000000000000e+01
-3.318958594182562649e+01 2.019294424786993503e+01 9.000000000000000000e+01
-3.282712732150903889e+01 2.022032838452367898e+01 9.000000000000000000e+01
-3.246333850869594784e+01 2.024748950484076460e+01 9.000000000000000000e+01
-3.209824860581902328e+01 2.027443169607130002e+01 9.000000000000000000e+01
-3.173188614118812367e+01 2.030115900081765901e+01 9.000000000000000000e+01
-3.136427908156795397e+01 2.032767541667745093e+01 9.000000000000000000e+01
-3.099545484462586131e+01 2.035398489597442762e+01 9.000000000000000000e+01
-3.062544031124027910e+01 2.038009134557169943e+01 9.000000000000000000e+01
-3.025426183766349908e+01 2.040599862676167575e+01 9.000000000000000000e+01
-2.988194526753074598e+01 2.043171055522764945e+01 9.000000000000000000e+01
-2.950851594371049913e+01 2.045723090107197351e+01 9.000000000000000000e+01
-2.913399871999124358e+01 2.048256338890621109e+01 9.000000000000000000e+01
-2.875841797259978350e+01 2.050771169799887517e+01 9.000000000000000000e+01
-2.838179761154817626e+01 2.053267946247646591e+01 9.000000000000000000e+01
-2.800416109180621049e+01 2.055747027157396190e+01 9.000000000000000000e+01
-2.762553142429682396e+01 2.058208766993099559e+01 9.000000000000000000e+01
-2.724593118671373659e+01 2.060653515793011081e+01 9.000000000000000000e+01
-2.686538253415885436e+01 2.063081619207392592e+01 9.000000000000000000e+01
-2.648390720959945099e+01 2.065493418539795911e+01 9.000000000000000000e+01
-2.610152655414501055e+01 2.067889250791620981e+01 9.000000000000000000e+01
-2.571826151714297737e+01 2.070269448709678528e+01 9.000000000000000000e+01
-2.533413266609488801e+01 2.072634340836483346e+01 9.000000000000000000e+01
-2.494916019639295257e+01 2.074984251563055793e+01 9.000000000000000000e+01
-2.456336394087812280e+01 2.077319501183978900e+01 9.000000000000000000e+01
-2.417676337922202734e+01 2.079640405954519622e+01 9.000000000000000000e+01
-2.378937764713267455e+01 2.081947278149593572e+01 9.000000000000000000e+01
-2.340122554538761790e+01 2.084240426124402745e+01 9.000000000000000000e+01
-2.301232554869512370e+01 2.086520154376561820e+01 9.000000000000000000e+01
-2.262269581438618715e+01 2.088786763609552821e+01 9.000000000000000000e+01
-2.223235419094014276e+01 2.091040550797355380e+01 9.000000000000000000e+01
-2.184131822634527964e+01 2.093281809250112957e+01 9.000000000000000000e+01
-2.144960517629854735e+01 2.095510828680698623e+01 9.000000000000000000e+01
-2.105723201224574126e+01 2.097727895272065268e+01 9.000000000000000000e+01
-2.066421542926582688e+01 2.099933291745261954e+01 9.000000000000000000e+01
-2.027057185380234117e+01 2.102127297428013009e+01 9.000000000000000000e+01
-1.987631745124440741e+01 2.104310188323762532e+01 9.000000000000000000e+01
-1.948146813336077088e+01 2.106482237181096551e+01 9.000000000000000000e+01
-1.908603956559013781e+01 2.108643713563454014e+01 9.000000000000000000e+01
-1.869004717419043970e+01 2.110794883919064446e+01 9.000000000000000000e+01
-1.829350615325084917e+01 2.112936011651023094e+01 9.000000000000000000e+01
-1.789643147156931491e+01 2.115067357187459862e+01 9.000000000000000000e+01
-1.749883787939887370e+01 2.117189178051726017e+01 9.000000000000000000e+01
-1.710073991506657975e+01 2.119301728932561346e+01 9.000000000000000000e+01
-1.670215191146709444e+01 2.121405261754177118e+01 9.000000000000000000e+01
-1.630308800243554046e+01 2.123500025746227848e+01 9.000000000000000000e+01
-1.590356212900188737e+01 2.125586267513616079e+01 9.000000000000000000e+01
-1.550358804552992176e+01 2.127664231106107806e+01 9.000000000000000000e+01
-1.510317932574511701e+01 2.129734158087718043e+01 9.000000000000000000e+01
-1.470234936865264963e+01 2.131796287605841300e+01 9.000000000000000000e+01
-1.430111140435046124e+01 2.133850856460102463e+01 9.000000000000000000e+01
-1.389947849973851746e+01 2.135898099170904274e+01 9.000000000000000000e+01
-1.349746356412830472e+01 2.137938248047651157e+01 9.000000000000000000e+01
-1.309507935475480700e+01 2.139971533256642644e+01 9.000000000000000000e+01
-1.269233848219330696e+01 2.141998182888607971e+01 9.000000000000000000e+01
-1.228925341568353247e+01 2.144018423025881859e+01 9.000000000000000000e+01
-1.188583648836380213e+01 2.146032477809221106e+01 9.000000000000000000e+01
-1.148209990241626777e+01 2.148040569504239272e+01 9.000000000000000000e+01
-1.107805573412656486e+01 2.150042918567474359e+01 9.000000000000000000e+01
-1.067371593885828140e+01 2.152039743712097675e+01 9.000000000000000000e+01
-1.026909235594500558e+01 2.154031261973252853e+01 9.000000000000000000e+01
-9.864196713501904412e+00 2.156017688773059859e+01 9.000000000000000000e+01
-9.459040633158123157e+00 2.157999237985290009e+01 9.000000000000000000e+01
-9.053635634713669944e+00 2.159976121999740428e+01 9.000000000000000000e+01
-8.647993140723386318e+00 2.161948551786336736e+01 9.000000000000000000e+01
-8.242124481012409021e+00 2.163916736958993425e+01 9.000000000000000000e+01
-7.836040897129341154e+00 2.165880885839272452e+01 9.000000000000000000e+01
-7.429753546743547155e+00 2.167841205519869519e+01 9.000000000000000000e+01
-7.023273507995881459e+00 2.169797901927958961e+01 9.000000000000000000e+01
-6.616611783813898917e+00 2.171751179888411798e+01 9.000000000000000000e+01
-6.209779306202352522e+00 2.173701243186901877e+01 9.000000000000000000e+01
-5.802786940522569381e+00 2.175648294632874169e+01 9.000000000000000000e+01
-5.395645489771507819e+00 2.177592536122337563e+01 9.000000000000000000e+01
-4.988365698870393494e+00 2.179534168700426378e+01 9.000000000000000000e+01
-4.580958258969361374e+00 2.181473392623633245e+01 9.000000000000000000e+01
-4.173433811767842450e+00 2.183410407421645161e+01 9.000000000000000000e+01
-3.765802953846740131e+00 2.185345411958658701e+01 9.000000000000000000e+01
-3.358076241000354401e+00 2.187278604494134271e+01 9.000000000000000000e+01
-2.950264192552743303e+00 2.189210182742932176e+01 9.000000000000000000e+01
-2.542377295640462886e+00 2.191140343934837631e+01 9.000000000000000000e+01
-2.134426009442701222e+00 2.193069284873546820e+01 9.000000000000000000e+01
-1.726420769345131223e+00 2.194997201995192171e+01 9.000000000000000000e+01
-1.318371991027252221e+00 2.196924291426569198e+01 9.000000000000000000e+01
-9.102900744715147763e-01 2.198850749043196018e+01 9.000000000000000000e+01
-5.021854078996261794e-01 2.200776770527361492e+01 9.000000000000000000e+01
-9.406837164647219307e-02 2.202702551426293809e+01 9.000000000000000000e+01
3.140506580125800862e-01 2.204628287210540449e+01 9.000000000000000000e+01
7.221613050632165187e-01 2.206554173332622426e+01 9.000000000000000000e+01
1.130253189966396787e+00 2.208480405285989789e+01 9.000000000000000000e+01
1.538315925868643186e+00 2.210407178664267747e+01 9.000000000000000000e+01
1.946339114796926006e+00 2.212334689220781669e+01 9.000000000000000000e+01
2.354312343828430354e+00 2.214263132928319422e+01 9.000000000000000000e+01
2.762225181228597837e+00 2.216192706039091931e+01 9.000000000000000000e+01
3.170067172554917434e+00 2.218123605144865707e+01 9.000000000000000000e+01
3.577827836723584287e+00 2.220056027237241381e+01 9.000000000000000000e+01
3.985496662039796689e+00 2.221990169768049128e+01 9.000000000000000000e+01
4.393063102191703706e+00 2.223926230709868435e+01 9.000000000000000000e+01
4.800516572208274546e+00 2.225864408616659773e+01 9.000000000000000000e+01
5.207846444382684403e+00 2.227804902684524180e+01 9.000000000000000000e+01
5.615042044160360568e+00 2.229747912812596411e+01 9.000000000000000000e+01
6.022092645992511706e+00 2.231693639664085893e+01 9.000000000000000000e+01
6.428987469154278322e+00 2.233642284727497440e+01 9.000000000000000000e+01
6.835715673526028269e+00 2.235594050378028541e+01 9.000000000000000000e+01
7.242266355337235062e+00 2.237549139939185139e+01 9.000000000000000000e+01
7.648628542870777203e+00 2.239507757744621230e+01 9.000000000000000000e+01
8.054791192125199117e+00 2.241470109200222538e+01 9.000000000000000000e+01
8.460743182433724030e+00 2.243436400846461964e+01 9.000000000000000000e+01
8.866473312036339038e+00 2.245406840421026473e+01 9.000000000000000000e+01
9.271970293603299496e+00 2.247381636921745240e+01 9.000000000000000000e+01
9.677222749707054206e+00 2.249361000669825117e+01 9.000000000000000000e+01
1.008221920823925366e+01 2.251345143373407254e+01 9.000000000000000000e+01
1.048694809777110848e+01 2.253334278191453421e+01 9.000000000000000000e+01
1.089139774285283657e+01 2.255328619797976941e+01 9.000000000000000000e+01
1.129555635925048840e+01 2.257328384446616454e+01 9.000000000000000000e+01
1.169941204911644306e+01 2.259333790035570644e+01 9.000000000000000000e+01
1.210295279609044528e+01 2.261345056172886459e+01 9.000000000000000000e+01
1.250616646032902146e+01 2.263362404242111126e+01 9.000000000000000000e+01
1.290904077345904888e+01 2.265386057468305125e+01 9.000000000000000000e+01
1.331156333345332321e+01 2.267416240984420028e+01 9.000000000000000000e+01
1.371372159942488800e+01 2.269453181898033378e+01 9.000000000000000000e+01
1.411550288633630501e+01 2.271497109358440980e+01 9.000000000000000000e+01
1.451689435962171615e+01 2.273548254624090248e+01 9.000000000000000000e+01
1.491788302971805180e+01 2.275606851130363140e+01 9.000000000000000000e+01
1.531845574650196440e+01 2.277673134557679546e+01 9.000000000000000000e+01
1.571859919363009084e+01 2.279747342899915807e+01 9.000000000000000000e+01
1.611829988277839831e+01 2.281829716533121299e+01 9.000000000000000000e+01
1.651754414777850499e+01 2.283920498284514622e+01 9.000000000000000000e+01
1.691631813864694678e+01 2.286019933501732382e+01 9.000000000000000000e+01
1.731460781550416428e+01 2.288128270122309260e+01 9.000000000000000000e+01
1.771239894238082968e+01 2.290245758743358095e+01 9.000000000000000000e+01
1.810967708090682748e+01 2.292372652691418011e+01 9.000000000000000000e+01
1.850642758388098486e+01 2.294509208092430441e+01 9.000000000000000000e+01
1.890263558871765781e+01 2.296655683941810722e+01 9.000000000000000000e+01
1.929828601076654948e+01 2.298812342174556278e+01 9.000000000000000000e+01
1.969336353650339433e+01 2.300979447735351968e+01 9.000000000000000000e+01
2.008785261658745469e+01 2.303157268648614320e+01 9.000000000000000000e+01
2.048173745878307983e+01 2.305346076088408935e+01 9.000000000000000000e+01
2.087500202074202349e+01 2.307546144448184222e+01 9.000000000000000000e+01
2.126763000264305958e+01 2.309757751410237248e+01 9.000000000000000000e+01
2.165960483968620665e+01 2.311981178014838534e+01 9.000000000000000000e+01
2.205090969443842042e+01 2.314216708728939409e+01 9.000000000000000000e+01
2.244152744902709884e+01 2.316464631514341121e+01 9.000000000000000000e+01
2.283144069717958047e+01 2.318725237895258928e+01 9.000000000000000000e+01
2.322063173610449383e+01 2.320998823025145441e+01 9.000000000000000000e+01
2.360908255821320623e+01 2.323285685752669139e+01 9.000000000000000000e+01
2.399677484267836647e+01 2.325586128686715881e+01 9.000000000000000000e+01
2.438368994682631907e+01 2.327900458260275940e+01 9.000000000000000000e+01
2.476980889736235270e+01 2.330228984793078340e+01 9.000000000000000000e+01
2.515511238142500972e+01 2.332572022552799140e+01 9.000000000000000000e+01
2.553958073746850843e+01 2.334929889814686277e+01 9.000000000000000000e+01
2.592319394597082649e+01 2.337302908919421540e+01 9.000000000000000000e+01
2.630593161996560880e+01 2.339691406329010803e+01 9.000000000000000000e+01
2.668777299539719650e+01 2.342095712680513131e+01 9.000000000000000000e+01
2.706869692129640370e+01 2.344516162837373940e+01 9.000000000000000000e+01
2.744868184977735481e+01 2.346953095938131284e+01 9.000000000000000000e+01
2.782770582585400376e+01 2.349406855442245501e+01 9.000000000000000000e+01
2.820574647707617899e+01 2.351877789172773348e+01 9.000000000000000000e+01
2.858278100298555557e+01 2.354366249355615182e+01 9.000000000000000000e+01
2.895878616439207320e+01 2.356872592655023979e+01 9.000000000000000000e+01
2.933373827247119792e+01 2.359397180205044364e+01 9.000000000000000000e+01
2.970761317768461041e+01 2.361940377636562616e+01 9.000000000000000000e+01
3.008038625852509540e+01 2.364502555099577563e+01 9.000000000000000000e+01
3.045203241008918482e+01 2.367084087280328930e+01 9.000000000000000000e+01
3.082252603248049638e+01 2.369685353412863194e+01 9.000000000000000000e+01
3.119184101904717465e+01 2.372306737284607081e+01 9.000000000000000000e+01
3.155995074445896265e+01 2.374948627235505327e+01 9.000000000000000000e+01
3.192682805262852952e+01 2.377611416150222468e+01 9.000000000000000000e+01
3.229244524448367315e+01 2.380295501442918393e+01 9.000000000000000000e+01
3.265677406559779428e+01 2.383001285034059080e+01 9.000000000000000000e+01
3.301978569368617400e+01 2.385729173318689078e+01 9.000000000000000000e+01
3.338145072597801288e+01 2.388479577125596265e+01 9.000000000000000000e+01
3.374173916647394122e+01 2.391252911666724401e+01 9.000000000000000000e+01
3.410062041310088432e+01 2.394049596476198971e+01 9.000000000000000000e+01
3.445806324477744198e+01 2.396870055338273531e+01 9.000000000000000000e+01
3.481403580840289891e+01 2.400000000000000000e+01 9.000000000000000000e+01
