-2.831966220919511912e+01 0.000000000000000000e+00 9.500000000000000000e+01
-2.796526509227926383e+01 5.114469658535013286e-02 9.500000000000000000e+01
-2.760947216065927634e+01 7.741227188810971549e-02 9.500000000000000000e+01
-2.725231036515851457e+01 1.034891074654079590e-01 9.500000000000000000e+01
-2.689380618976593951e+01 1.293783482713093957e-01 9.500000000000000000e+01
-2.653398565992180025e+01 1.550831167710247649e-01 9.500000000000000000e+01
-2.617287435079506963e+01 1.806065123632773495e-01 9.500000000000000000e+01
-2.581049739554408973e+01 2.059516108690543912e-01 9.500000000000000000e+01
-2.544687949355048318e+01 2.311214640834325373e-01 9.500000000000000000e+01
-2.508204491861974361e+01 2.561190993871551025e-01 9.500000000000000000e+01
-2.471601752714027000e+01 2.809475194149114174e-01 9.500000000000000000e+01
-2.434882076619473779e+01 3.056097017772655411e-01 9.500000000000000000e+01
-2.398047768161768190e+01 3.301085988333703480e-01 9.500000000000000000e+01
-2.361101092599364293e+01 3.544471375117366763e-01 9.500000000000000000e+01
-2.324044276659095232e+01 3.786282191763746252e-01 9.500000000000000000e+01
-2.286879509322701765e+01 4.026547195358097242e-01 9.500000000000000000e+01
-2.249608942606035455e+01 4.265294885925560719e-01 9.500000000000000000e+01
-2.212234692330678598e+01 4.502553506307218623e-01 9.500000000000000000e+01
-2.174758838887586521e+01 4.738351042395670953e-01 9.500000000000000000e+01
-2.137183427992470897e+01 4.972715223709258114e-01 9.500000000000000000e+01
-2.099510471432799008e+01 5.205673524284328835e-01 9.500000000000000000e+01
-2.061741947806014963e+01 5.437253163867502570e-01 9.500000000000000000e+01
-2.023879803248997789e+01 5.667481109388851079e-01 9.500000000000000000e+01
-1.985925952158483909e+01 5.896384076699474619e-01 9.500000000000000000e+01
-1.947882277902359149e+01 6.123988532557045339e-01 9.500000000000000000e+01
-1.909750633521812802e+01 6.350320696843329005e-01 9.500000000000000000e+01
-1.871532842424148768e+01 6.575406544999911063e-01 9.500000000000000000e+01
-1.833230699066354319e+01 6.799271810667207872e-01 9.500000000000000000e+01
-1.794845969629282578e+01 7.021941988514508459e-01 9.500000000000000000e+01
-1.756380392682510205e+01 7.243442337248036100e-01 9.500000000000000000e+01
-1.717835679839898688e+01 7.463797882785495608e-01 9.500000000000000000e+01
-1.679213516405831186e+01 7.683033421585996336e-01 9.500000000000000000e+01
-1.640515562012215156e+01 7.901173524125095771e-01 9.500000000000000000e+01
-1.601743451246327865e+01 8.118242538504515382e-01 9.500000000000000000e+01
-1.562898794269510105e+01 8.334264594188298680e-01 9.500000000000000000e+01
-1.523983177426886826e+01 8.549263605855629278e-01 9.500000000000000000e+01
-1.484998163848150909e+01 8.763263277362872694e-01 9.500000000000000000e+01
-1.445945294039496787e+01 8.976287105807090327e-01 9.500000000000000000e+01
-1.406826086466955417e+01 9.188358385683422780e-01 9.500000000000000000e+01
-1.367642038131055315e+01 9.399500213130441706e-01 9.500000000000000000e+01
-1.328394625133143414e+01 9.609735490256310353e-01 9.500000000000000000e+01
-1.289085303233374447e+01 9.819086929540731257e-01 9.500000000000000000e+01
-1.249715508400556985e+01 1.002757705830693347e+00 9.500000000000000000e+01
-1.210286657354078699e+01 1.023522822325843018e+00 9.500000000000000000e+01
-1.170800148097920079e+01 1.044206259507656442e+00 9.500000000000000000e+01
-1.131257360447118465e+01 1.064810217307374796e+00 9.500000000000000000e+01
-1.091659656546669943e+01 1.085336878989920262e+00 9.500000000000000000e+01
-1.052008381383162039e+01 1.105788411629303969e+00 9.500000000000000000e+01
-1.012304863289293344e+01 1.126166966588546536e+00 9.500000000000000000e+01
-9.725504144414228946e+00 1.146474680003835678e+00 9.500000000000000000e+01
-9.327463313503693954e+00 1.166713673272608887e+00 9.500000000000000000e+01
-8.928938953456640348e+00 1.186886053545330943e+00 9.500000000000000000e+01
-8.529943730533867452e+00 1.206993914220752862e+00 9.500000000000000000e+01
-8.130490168678761620e+00 1.227039335444420898e+00 9.500000000000000000e+01
-7.730590654173933984e+00 1.247024384610303738e+00 9.500000000000000000e+01
-7.330257440240299793e+00 1.266951116865350446e+00 9.500000000000000000e+01
-6.929502651580301098e+00 1.286821575616849511e+00 9.500000000000000000e+01
-6.528338288866983419e+00 1.306637793042511042e+00 9.500000000000000000e+01
-6.126776233181549181e+00 1.326401790603120245e+00 9.500000000000000000e+01
-5.724828250400791241e+00 1.346115579557743525e+00 9.500000000000000000e+01
-5.322505995536820578e+00 1.365781161481408379e+00 9.500000000000000000e+01
-4.919821017031321908e+00 1.385400528785185603e+00 9.500000000000000000e+01
-4.516784761005895099e+00 1.404975665238712423e+00 9.500000000000000000e+01
-4.113408575470789863e+00 1.424508546495098393e+00 9.500000000000000000e+01
-3.709703714494631210e+00 1.444001140618219159e+00 9.500000000000000000e+01
-3.305681342336137085e+00 1.463455408612460928e+00 9.500000000000000000e+01
-2.901352537541218801e+00 1.482873304954886562e+00 9.500000000000000000e+01
-2.496728297006542086e+00 1.502256778129922532e+00 9.500000000000000000e+01
-2.091819540012084921e+00 1.521607771166603618e+00 9.500000000000000000e+01
-1.686637112225255253e+00 1.540928222178415963e+00 9.500000000000000000e+01
-1.281191789677687209e+00 1.560220064905885939e+00 9.500000000000000000e+01
-8.754942827180940412e-01 1.579485229261931467e+00 9.500000000000000000e+01
-4.695552399423541523e-01 1.598725641880130999e+00 9.500000000000000000e+01
-6.338525210339411575e-02 1.617943226666012979e+00 9.500000000000000000e+01
3.430051439965173254e-01 1.637139905351448155e+00 9.500000000000000000e+01
7.496054616298726270e-01 1.656317598052344575e+00 9.500000000000000000e+01
1.156405260280976899e+00 1.675478223829714119e+00 9.500000000000000000e+01
1.563394141794749004e+00 1.694623701254311499e+00 9.500000000000000000e+01
1.970561746534596370e+00 1.713755948974986731e+00 9.500000000000000000e+01
2.377897749546719730e+00 1.732876886290887875e+00 9.500000000000000000e+01
2.785391856729313886e+00 1.751988433727741601e+00 9.500000000000000000e+01
3.193033801003986039e+00 1.771092513618351738e+00 9.500000000000000000e+01
3.600813338486639203e+00 1.790191050687497398e+00 9.500000000000000000e+01
4.008720244656520215e+00 1.809285972641476725e+00 9.500000000000000000e+01
4.416744310519782779e+00 1.828379210762426377e+00 9.500000000000000000e+01
4.824875338766296373e+00 1.847472700507689636e+00 9.500000000000000000e+01
5.233103139916719826e+00 1.866568382114408786e+00 9.500000000000000000e+01
5.641417528457099984e+00 1.885668201209568462e+00 9.500000000000000000e+01
6.049808318959511766e+00 1.904774109425734663e+00 9.500000000000000000e+01
6.458265322184943535e+00 1.923888065022696825e+00 9.500000000000000000e+01
6.866778341166929422e+00 1.943012033515267412e+00 9.500000000000000000e+01
7.275337167273087324e+00 1.962147988307485935e+00 9.500000000000000000e+01
7.683931576241207928e+00 1.981297911333446127e+00 9.500000000000000000e+01
8.092551324188629991e+00 2.000463793705045124e+00 9.500000000000000000e+01
8.501186143590713229e+00 2.019647636366868060e+00 9.500000000000000000e+01
8.909825739226821639e+00 2.038851450758500494e+00 9.500000000000000000e+01
9.318459784090608267e+00 2.058077259484524024e+00 9.500000000000000000e+01
9.727077915261368446e+00 2.077327096992457545e+00 9.500000000000000000e+01
1.013566972973435121e+01 2.096603010258934585e+00 9.500000000000000000e+01
1.054422478020670795e+01 2.115907059484384956e+00 9.500000000000000000e+01
1.095273257081573703e+01 2.135241318796485377e+00 9.500000000000000000e+01
1.136118255282729450e+01 2.154607876962699731e+00 9.500000000000000000e+01
1.176956412027026921e+01 2.174008838112154951e+00 9.500000000000000000e+01
1.217786660551465516e+01 2.193446322467162091e+00 9.500000000000000000e+01
1.258607927478993282e+01 2.212922467084664557e+00 9.500000000000000000e+01
1.299419132363986051e+01 2.232439426607890187e+00 9.500000000000000000e+01
1.340219187231138065e+01 2.251999374028542888e+00 9.500000000000000000e+01
1.381006996107308105e+01 2.271604501459739023e+00 9.500000000000000000e+01
1.421781454546055556e+01 2.291257020920079768e+00 9.500000000000000000e+01
1.462541449144493910e+01 2.310959165129068182e+00 9.500000000000000000e+01
1.503285857052031638e+01 2.330713188314183615e+00 9.500000000000000000e+01
1.544013545470746784e+01 2.350521367029927866e+00 9.500000000000000000e+01
1.584723371146879245e+01 2.370386000989056718e+00 9.500000000000000000e+01
1.625414179853162366e+01 2.390309413906334779e+00 9.500000000000000000e+01
1.666084805861561335e+01 2.410293954355069435e+00 9.500000000000000000e+01
1.706734071405942288e+01 2.430341996636642854e+00 9.500000000000000000e+01
1.747360786134374067e+01 2.450455941663373327e+00 9.500000000000000000e+01
1.787963746550563471e+01 2.470638217854904006e+00 9.500000000000000000e+01
1.828541735443963034e+01 2.490891282048357525e+00 9.500000000000000000e+01
1.869093521308212047e+01 2.511217620422526942e+00 9.500000000000000000e+01
1.909617857747307212e+01 2.531619749436253120e+00 9.500000000000000000e+01
1.950113482869189241e+01 2.552100216781254982e+00 9.500000000000000000e+01
1.990579118666151359e+01 2.572661602349563648e+00 9.500000000000000000e+01
2.031013470381625297e+01 2.593306519215696770e+00 9.500000000000000000e+01
2.071415225862876142e+01 2.614037614633805795e+00 9.500000000000000000e+01
2.111783054899022005e+01 2.634857571049813885e+00 9.500000000000000000e+01
2.152115608543934755e+01 2.655769107128742146e+00 9.500000000000000000e+01
2.192411518423451255e+01 2.676774978797221038e+00 9.500000000000000000e+01
2.232669396026323483e+01 2.697877980301261136e+00 9.500000000000000000e+01
2.272887831978429674e+01 2.719080945279310324e+00 9.500000000000000000e+01
2.313065395299579663e+01 2.740386747850513505e+00 9.500000000000000000e+01
2.353200632642431955e+01 2.761798303718177916e+00 9.500000000000000000e+01
2.393292067512875576e+01 2.783318571288262877e+00 9.500000000000000000e+01
2.433338199471262442e+01 2.804950552802795372e+00 9.500000000000000000e+01
2.473337503313928920e+01 2.826697295487949013e+00 9.500000000000000000e+01
2.513288428234365668e+01 2.848561892716560795e+00 9.500000000000000000e+01
2.553189396963337288e+01 2.870547485184728576e+00 9.500000000000000000e+01
2.593038804887437365e+01 2.892657262102093618e+00 9.500000000000000000e+01
2.632835019145272426e+01 2.914894462395360542e+00 9.500000000000000000e+01
2.672576377700728401e+01 2.937262375924479585e+00 9.500000000000000000e+01
2.712261188392606215e+01 2.959764344710877015e+00 9.500000000000000000e+01
2.751887727959894292e+01 2.982403764176984495e+00 9.500000000000000000e+01
2.791454241042103135e+01 3.005184084396265387e+00 9.500000000000000000e+01
2.830958939153823195e+01 3.028108811352787644e+00 9.500000000000000000e+01
2.870399999632939725e+01 3.051181508209281468e+00 9.500000000000000000e+01
2.909775564561725147e+01 3.074405796582535544e+00 9.500000000000000000e+01
2.949083739660080994e+01 3.097785357824768937e+00 9.500000000000000000e+01
2.988322593150312301e+01 3.121323934309568671e+00 9.500000000000000000e+01
3.027490154592614502e+01 3.145025330720725432e+00 9.500000000000000000e+01
3.066584413690643274e+01 3.168893415342211473e+00 9.500000000000000000e+01
3.105603319066472068e+01 3.192932121347330288e+00 9.500000000000000000e+01
3.144544777004137970e+01 3.217145448084828718e+00 9.500000000000000000e+01
3.183406650161229479e+01 3.241537462359657340e+00 9.500000000000000000e+01
3.222186756247778305e+01 3.266112299705727917e+00 9.500000000000000000e+01
3.260882866671738611e+01 3.290874165647837746e+00 9.500000000000000000e+01
3.299492705150549199e+01 3.315827336949684678e+00 9.500000000000000000e+01
3.338013946288044309e+01 3.340976162844536468e+00 9.500000000000000000e+01
3.376444214116185805e+01 3.366325066244952424e+00 9.500000000000000000e+01
3.414781080601090935e+01 3.391878544927533934e+00 9.500000000000000000e+01
3.453022064112716549e+01 3.417641172688345108e+00 9.500000000000000000e+01
3.491164627857910574e+01 3.443617600464409456e+00 9.500000000000000000e+01
3.529206178276221095e+01 3.469812557416119603e+00 9.500000000000000000e+01
3.567144063398254161e+01 3.496230851965174136e+00 9.500000000000000000e+01
3.604975571166174575e+01 3.522877372782081462e+00 9.500000000000000000e+01
3.642697927716134387e+01 3.549757089716890412e+00 9.500000000000000000e+01
3.680308295622564430e+01 3.576875054666331266e+00 9.500000000000000000e+01
3.717803772104117854e+01 3.604236402369940251e+00 9.500000000000000000e+01
3.755181387191459663e+01 3.631846351127324901e+00 9.500000000000000000e+01
3.792438101856959776e+01 3.659710203428070407e+00 9.500000000000000000e+01
3.829570806106571013e+01 3.687833346485158259e+00 9.500000000000000000e+01
3.866576317034341770e+01 3.716221252662223140e+00 9.500000000000000000e+01
3.903451376840120446e+01 3.744879479784228860e+00 9.500000000000000000e+01
3.940192650811107455e+01 3.773813671320384699e+00 9.500000000000000000e+01
3.976796725268267352e+01 3.803029556427560909e+00 9.500000000000000000e+01
4.013260105478599371e+01 3.832532949841444658e+00 9.500000000000000000e+01
4.049579213534669719e+01 3.862329751602064487e+00 9.500000000000000000e+01
4.085750386202916928e+01 3.892425946599361808e+00 9.500000000000000000e+01
4.121769872742499530e+01 3.922827603923589646e+00 9.500000000000000000e+01
4.157633832696906495e+01 3.953540876004492333e+00 9.500000000000000000e+01
4.193338333660528150e+01 3.984571997522151410e+00 9.500000000000000000e+01
4.228879349023070233e+01 4.015927284071500125e+00 9.500000000000000000e+01
4.264252755694798935e+01 4.047613130561476424e+00 9.500000000000000000e+01
4.299454331816026809e+01 4.079636009328644342e+00 9.500000000000000000e+01
4.334479754454803668e+01 4.112002467944284589e+00 9.500000000000000000e+01
4.369324597296962764e+01 4.144719126692575806e+00 9.500000000000000000e+01
4.403984328333397258e+01 4.177792675696713864e+00 9.500000000000000000e+01
4.438454307549811517e+01 4.211229871668463964e+00 9.500000000000000000e+01
4.472729784624640814e+01 4.245037534255691192e+00 9.500000000000000000e+01
4.506805896641702702e+01 4.279222541961281934e+00 9.500000000000000000e+01
4.540677665824400577e+01 4.313791827605843565e+00 9.500000000000000000e+01
4.574339997299163230e+01 4.348752373305392993e+00 9.500000000000000000e+01
4.607787676896504081e+01 4.384111204934511008e+00 9.500000000000000000e+01
4.641015368998608892e+01 4.419875386044177290e+00 9.500000000000000000e+01
4.674017614443354063e+01 4.456052011202900509e+00 9.500000000000000000e+01
4.706788828495353982e+01 4.492648198728873332e+00 9.500000000000000000e+01
4.739323298895395453e+01 4.529671082780122759e+00 9.500000000000000000e+01
4.771615184000675924e+01 4.567127804769320676e+00 9.500000000000000000e+01
4.803658511029001943e+01 4.605025504069271136e+00 9.500000000000000000e+01
4.835447174421165073e+01 4.643371307975090900e+00 9.500000000000000000e+01
4.866974934336625580e+01 4.682172320889063322e+00 9.500000000000000000e+01
4.898235415298672280e+01 4.721435612694240724e+00 9.500000000000000000e+01
4.929222105006215315e+01 4.761168206283731941e+00 9.500000000000000000e+01
4.959928353330477080e+01 4.801377064213022905e+00 9.500000000000000000e+01
4.990347371515844088e+01 4.842069074444276922e+00 9.500000000000000000e+01
5.020472231605258884e+01 4.883251035152833985e+00 9.500000000000000000e+01
5.050295866111500231e+01 4.924929638568253942e+00 9.500000000000000000e+01
5.079811067956902093e+01 4.967111453824750278e+00 9.500000000000000000e+01
5.109010490704935137e+01 5.009802908798797638e+00 9.500000000000000000e+01
5.137886649108114767e+01 5.053010270915231139e+00 9.500000000000000000e+01
5.166431919997697975e+01 5.096739626907467624e+00 9.500000000000000000e+01
5.194638543541384479e+01 5.140996861522053152e+00 9.500000000000000000e+01
5.222498624896149977e+01 5.185787635163515041e+00 9.500000000000000000e+01
5.250004136283932610e+01 5.231117360481571055e+00 9.500000000000000000e+01
5.277146919518489909e+01 5.276991177909788000e+00 9.500000000000000000e+01
5.303918689012213150e+01 5.323413930172757880e+00 9.500000000000000000e+01
5.330311035291856570e+01 5.370390135787283192e+00 9.500000000000000000e+01
5.356315429052265387e+01 5.417923961592800985e+00 9.500000000000000000e+01
5.381923225777025266e+01 5.466019194356528388e+00 9.500000000000000000e+01
5.407125670954489038e+01 5.514679211509981194e+00 9.500000000000000000e+01
5.431913905917109986e+01 5.563906951085809460e+00 9.500000000000000000e+01
5.456278974330849962e+01 5.613704880936433383e+00 9.500000000000000000e+01
5.480211829360284526e+01 5.664074967329943533e+00 9.500000000000000000e+01
5.503703341533301341e+01 5.715018643032820478e+00 9.500000000000000000e+01
5.526744307327214756e+01 5.766536775003986648e+00 9.500000000000000000e+01
5.549325458495754049e+01 5.818629631840265048e+00 9.500000000000000000e+01
5.571437472153424153e+01 5.871296851128968264e+00 9.500000000000000000e+01
5.593070981630422267e+01 5.924537406879259116e+00 9.500000000000000000e+01
5.614216588107537831e+01 5.978349577220157585e+00 9.500000000000000000e+01
5.634864873036131172e+01 6.032730912568464277e+00 9.500000000000000000e+01
5.655006411343577355e+01 6.087678204485525768e+00 9.500000000000000000e+01
5.674631785419302332e+01 6.143187455456184942e+00 9.500000000000000000e+01
5.693731599870825022e+01 6.199253849836776631e+00 9.500000000000000000e+01
5.712296497033160136e+01 6.255871726231570840e+00 9.500000000000000000e+01
5.730317173208188564e+01 6.313034551567302088e+00 9.500000000000000000e+01
5.747784395603867580e+01 6.370734897144410880e+00 9.500000000000000000e+01
5.764689019935654812e+01 6.428964416949701999e+00 9.500000000000000000e+01
5.781022008645106069e+01 6.487713828518706372e+00 9.500000000000000000e+01
5.796774449682752106e+01 6.546972896636888528e+00 9.500000000000000000e+01
5.811937575794506472e+01 6.606730420165722428e+00 9.500000000000000000e+01
5.826502784242940436e+01 6.666974222273658768e+00 9.500000000000000000e+01
5.840461656886883191e+01 6.727691144341523710e+00 9.500000000000000000e+01
5.853805980535212683e+01 6.788867043797579548e+00 9.500000000000000000e+01
5.866527767483285771e+01 6.850486796119056976e+00 9.500000000000000000e+01
5.878619276133635907e+01 6.912534301213957733e+00 9.500000000000000000e+01
5.890073031596117659e+01 6.974992494369675278e+00 9.500000000000000000e+01
5.900881846157158606e+01 7.037843361923871832e+00 9.500000000000000000e+01
5.911038839502828068e+01 7.101067961777143722e+00 9.500000000000000000e+01
5.920537458576681189e+01 7.164646448828198899e+00 9.500000000000000000e+01
5.929371496950493992e+01 7.228558105369388365e+00 9.500000000000000000e+01
5.937535113584363700e+01 7.292781376434884777e+00 9.500000000000000000e+01
5.945022850852397056e+01 7.357293910046089458e+00 9.500000000000000000e+01
5.951829651711106095e+01 7.422072602248921847e+00 9.500000000000000000e+01
5.957950875890102793e+01 7.487093646787360335e+00 9.500000000000000000e+01
5.963382314988569277e+01 7.552332589206649516e+00 9.500000000000000000e+01
5.968120206366110381e+01 7.617764385129410343e+00 9.500000000000000000e+01
5.972161245723503953e+01 7.683363462399616317e+00 9.500000000000000000e+01
5.975502598276780475e+01 7.749103786742788991e+00 9.500000000000000000e+01
5.978141908437562080e+01 7.814958930548248972e+00 9.500000000000000000e+01
5.980077307923117758e+01 7.880902144340208082e+00 9.500000000000000000e+01
5.981307422231293458e+01 7.946906430470521698e+00 9.500000000000000000e+01
5.981831375428036779e+01 8.012944618537696684e+00 9.500000000000000000e+01
5.981831375428036779e+01 8.012944618537696684e+00 9.500000000000000000e+01
5.981648793208611181e+01 8.078989442014185229e+00 9.500000000000000000e+01
5.980759804207480812e+01 8.145013615548428731e+00 9.500000000000000000e+01
5.979165039546148819e+01 8.210989912399240254e+00 9.500000000000000000e+01
5.976865630622645398e+01 8.276891241458379511e+00 9.500000000000000000e+01
5.973863205160776602e+01 8.342690723322554902e+00 9.500000000000000000e+01
5.970159881551317227e+01 8.408361764888557133e+00 9.500000000000000000e+01
5.965758261531034634e+01 8.473878131964296401e+00 9.500000000000000000e+01
5.960661421258333803e+01 8.539214019414067991e+00 9.500000000000000000e+01
5.954872900856553741e+01 8.604344118387800222e+00 9.500000000000000000e+01
5.948396692506953087e+01 8.669243680220509063e+00 9.500000000000000000e+01
5.941237227183518854e+01 8.733888576629144751e+00 9.500000000000000000e+01
5.933399360130385958e+01 8.798255355878909612e+00 9.500000000000000000e+01
5.924888355190088163e+01 8.862321294638446645e+00 9.500000000000000000e+01
5.915709868096816848e+01 8.926064445292862359e+00 9.500000000000000000e+01
5.905869928853412887e+01 8.989463678534210800e+00 9.500000000000000000e+01
5.895374923313944038e+01 9.052498721099587087e+00 9.500000000000000000e+01
5.884231574095336725e+01 9.115150188577466395e+00 9.500000000000000000e+01
5.872446920941948889e+01 9.177399613251532529e+00 9.500000000000000000e+01
5.860028300665845791e+01 9.239229466998125417e+00 9.500000000000000000e+01
5.846983326783368540e+01 9.300623179297542009e+00 9.500000000000000000e+01
5.833319868965259047e+01 9.361565150460293694e+00 9.500000000000000000e+01
5.819046032413159253e+01 9.422040760206879639e+00 9.500000000000000000e+01
5.804170137270111240e+01 9.482036371772888828e+00 9.500000000000000000e+01
5.788700698166628911e+01 9.541539331740686691e+00 9.500000000000000000e+01
5.772646403997293874e+01 9.600537965823745523e+00 9.500000000000000000e+01
5.756016098015615512e+01 9.659021570850406135e+00 9.500000000000000000e+01
5.738818758327504099e+01 9.716980403210300210e+00 9.500000000000000000e+01
5.721063478855765538e+01 9.774405664038731345e+00 9.500000000000000000e+01
5.702759450840308375e+01 9.831289481422684773e+00 9.500000000000000000e+01
5.683915944930715369e+01 9.887624889916489579e+00 9.500000000000000000e+01
5.664542293920040805e+01 9.943405807656199968e+00 9.500000000000000000e+01
5.644647876161036493e+01 9.998627011359547012e+00 9.500000000000000000e+01
5.624242099698533792e+01 1.005328410949337936e+01 9.500000000000000000e+01
5.603334387144609963e+01 1.010737351388275407e+01 9.500000000000000000e+01
5.581934161316429055e+01 1.016089241002643107e+01 9.500000000000000000e+01
5.560050831650225689e+01 1.021383872637175294e+01 9.500000000000000000e+01
5.537693781399024573e+01 1.026621110278912852e+01 9.500000000000000000e+01
5.514872355616218869e+01 1.031800885847203730e+01 9.500000000000000000e+01
5.491595849922139649e+01 1.036923195947354870e+01 9.500000000000000000e+01
5.467873500046241020e+01 1.041988098607478541e+01 9.500000000000000000e+01
5.443714472133475368e+01 1.046995710016478576e+01 9.500000000000000000e+01
5.419127853799958672e+01 1.051946201279532467e+01 9.500000000000000000e+01
5.394122645919765802e+01 1.056839795205826071e+01 9.500000000000000000e+01
5.368707755122246539e+01 1.061676763141742619e+01 9.500000000000000000e+01
5.342891986976848528e+01 1.066457421861186816e+01 9.500000000000000000e+01
5.316684039840626497e+01 1.071182130523263609e+01 9.500000000000000000e+01
5.290092499342220123e+01 1.075851287706132453e+01 9.500000000000000000e+01
5.263125833474881432e+01 1.080465328524525326e+01 9.500000000000000000e+01
5.235792388270294140e+01 1.085024721837189254e+01 9.500000000000000000e+01
5.208100384024506724e+01 1.089529967549326983e+01 9.500000000000000000e+01
5.180057912046910928e+01 1.093981594014049996e+01 9.500000000000000000e+01
5.151672931903221553e+01 1.098380155535853397e+01 9.500000000000000000e+01
5.122953269123588171e+01 1.102726229978221895e+01 9.500000000000000000e+01
5.093906613347259338e+01 1.107020416476645330e+01 9.500000000000000000e+01
5.064540516875794651e+01 1.111263333257592834e+01 9.500000000000000000e+01
5.034862393607350128e+01 1.115455615563319469e+01 9.500000000000000000e+01
5.004879518325416399e+01 1.119597913681803192e+01 9.500000000000000000e+01
4.974599026316143835e+01 1.123690891080585175e+01 9.500000000000000000e+01
4.944027913289326648e+01 1.127735222642851021e+01 9.500000000000000000e+01
4.913173035579059444e+01 1.131731593003689085e+01 9.500000000000000000e+01
4.882041110601151246e+01 1.135680694984158912e+01 9.500000000000000000e+01
4.850638717545316325e+01 1.139583228120502056e+01 9.500000000000000000e+01
4.818972298281325095e+01 1.143439897285630380e+01 9.500000000000000000e+01
4.787048158459272429e+01 1.147251411399838084e+01 9.500000000000000000e+01
4.754872468785237771e+01 1.151018482227538975e+01 9.500000000000000000e+01
4.722451266454663710e+01 1.154741823256752298e+01 9.500000000000000000e+01
4.689790456726756673e+01 1.158422148657965245e+01 9.500000000000000000e+01
4.656895814624321162e+01 1.162060172318989970e+01 9.500000000000000000e+01
4.623772986744349112e+01 1.165656606952396501e+01 9.500000000000000000e+01
4.590427493165702799e+01 1.169212163272132621e+01 9.500000000000000000e+01
4.556864729441111450e+01 1.172727549235954747e+01 9.500000000000000000e+01
4.523089968661646054e+01 1.176203469350354958e+01 9.500000000000000000e+01
4.489108363582658257e+01 1.179640624034719742e+01 9.500000000000000000e+01
4.454924948800960749e+01 1.183039709041532284e+01 9.500000000000000000e+01
4.420544642973927552e+01 1.186401414929516918e+01 9.500000000000000000e+01
4.385972251071765271e+01 1.189726426586702779e+01 9.500000000000000000e+01
4.351212466655042732e+01 1.193015422800501213e+01 9.500000000000000000e+01
4.316269874170179577e+01 1.196269075871967402e+01 9.500000000000000000e+01
4.281148951256214730e+01 1.199488051271548628e+01 9.500000000000000000e+01
4.245854071056791668e+01 1.202673007333707744e+01 9.500000000000000000e+01
4.210389504531837446e+01 1.205824594987933196e+01 9.500000000000000000e+01
4.174759422763928285e+01 1.208943457523749210e+01 9.500000000000000000e+01
4.138967899254819116e+01 1.212030230387455632e+01 9.500000000000000000e+01
4.103018912208098357e+01 1.215085541008427761e+01 9.500000000000000000e+01
4.066916346794302939e+01 1.218110008652916498e+01 9.500000000000000000e+01
4.030663997395282649e+01 1.221104244303397124e+01 9.500000000000000000e+01
3.994265569824868578e+01 1.224068850561613431e+01 9.500000000000000000e+01
3.957724683523380094e+01 1.227004421573561466e+01 9.500000000000000000e+01
3.921044873723690927e+01 1.229911542974761218e+01 9.500000000000000000e+01
3.884229593586931628e+01 1.232790791854249335e+01 9.500000000000000000e+01
3.847282216306130920e+01 1.235642736735822567e+01 9.500000000000000000e+01
3.810206037176399008e+01 1.238467937575146571e+01 9.500000000000000000e+01
3.773004275630440674e+01 1.241266945771422492e+01 9.500000000000000000e+01
3.735680077238353647e+01 1.244040304192394686e+01 9.500000000000000000e+01
3.698236515670978264e+01 1.246788547211546039e+01 9.500000000000000000e+01
3.660676594626090719e+01 1.249512200756412383e+01 9.500000000000000000e+01
3.623003249717002205e+01 1.252211782367002968e+01 9.500000000000000000e+01
3.585219350323197318e+01 1.254887801263395275e+01 9.500000000000000000e+01
3.547327701402830513e+01 1.257540758421622407e+01 9.500000000000000000e+01
3.509331045266953453e+01 1.260171146657033958e+01 9.500000000000000000e+01
3.471232063315498095e+01 1.262779450714370277e+01 9.500000000000000000e+01
3.433033377735166169e+01 1.265366147363842586e+01 9.500000000000000000e+01
3.394737553159319532e+01 1.267931705502555317e+01 9.500000000000000000e+01
3.356347098290257236e+01 1.270476586260658891e+01 9.500000000000000000e+01
3.317864467484113788e+01 1.273001243111673197e+01 9.500000000000000000e+01
3.279292062298836186e+01 1.275506121986443908e+01 9.500000000000000000e+01
3.240632233005669605e+01 1.277991661390253419e+01 9.500000000000000000e+01
3.201887280064653396e+01 1.280458292522636476e+01 9.500000000000000000e+01
3.163059455564637545e+01 1.282906439399479304e+01 9.500000000000000000e+01
3.124150964628433869e+01 1.285336518977030096e+01 9.500000000000000000e+01
3.085163966783661493e+01 1.287748941277457959e+01 9.500000000000000000e+01
3.046100577299943879e+01 1.290144109515646065e+01 9.500000000000000000e+01
3.006962868493089758e+01 1.292522420226915791e+01 9.500000000000000000e+01
2.967752870996910275e+01 1.294884263395415580e+01 9.500000000000000000e+01
2.928472575003396372e+01 1.297230022582921904e+01 9.500000000000000000e+01
2.889123931471888440e+01 1.299560075057826225e+01 9.500000000000000000e+01
2.849708853307997458e+01 1.301874791924105068e+01 9.500000000000000000e+01
2.810229216512910710e+01 1.304174538250079252e+01 9.500000000000000000e+01
2.770686861303869009e+01 1.306459673196800075e+01 9.500000000000000000e+01
2.731083593206466986e+01 1.308730550145900651e+01 9.500000000000000000e+01
2.691421184119500509e+01 1.310987516826780208e+01 9.500000000000000000e+01
2.651701373353094482e+01 1.313230915442993307e+01 9.500000000000000000e+01
2.611925868640757642e+01 1.315461082797735948e+01 9.500000000000000000e+01
2.572096347126120719e+01 1.317678350418324307e+01 9.500000000000000000e+01
2.532214456325021246e+01 1.319883044679584216e+01 9.500000000000000000e+01
2.492281815063626027e+01 1.322075486926068955e+01 9.500000000000000000e+01
2.452300014393258110e+01 1.324255993593040515e+01 9.500000000000000000e+01
2.412270618482619255e+01 1.326424876326154667e+01 9.500000000000000000e+01
2.372195165488050606e+01 1.328582442099797234e+01 9.500000000000000000e+01
2.332075168402479903e+01 1.330728993334033028e+01 9.500000000000000000e+01
2.291912115883732781e+01 1.332864828010123759e+01 9.500000000000000000e+01
2.251707473062745279e+01 1.334990239784594301e+01 9.500000000000000000e+01
2.211462682332436458e+01 1.337105518101816060e+01 9.500000000000000000e+01
2.171179164117692295e+01 1.339210948305092863e+01 9.500000000000000000e+01
2.130858317627195220e+01 1.341306811746233585e+01 9.500000000000000000e+01
2.090501521587578182e+01 1.343393385893606506e+01 9.500000000000000000e+01
2.050110134960549857e+01 1.345470944438666017e+01 9.500000000000000000e+01
2.009685497643507190e+01 1.347539757400953953e+01 9.500000000000000000e+01
1.969228931154203366e+01 1.349600091231577181e+01 9.500000000000000000e+01
1.928741739300010849e+01 1.351652208915166042e+01 9.500000000000000000e+01
1.888225208832296076e+01 1.353696370070325727e+01 9.500000000000000000e+01
1.847680610086437980e+01 1.355732831048587350e+01 9.500000000000000000e+01
1.807109197607973172e+01 1.357761845031875581e+01 9.500000000000000000e+01
1.766512210765380075e+01 1.359783662128505988e+01 9.500000000000000000e+01
1.725890874349974879e+01 1.361798529467734653e+01 9.500000000000000000e+01
1.685246399163395381e+01 1.363806691292869999e+01 9.500000000000000000e+01
1.644579982593125322e+01 1.365808389052979521e+01 9.500000000000000000e+01
1.603892809176519663e+01 1.367803861493204209e+01 9.500000000000000000e+01
1.563186051153782152e+01 1.369793344743705532e+01 9.500000000000000000e+01
1.522460869010276951e+01 1.371777072407277487e+01 9.500000000000000000e+01
1.481718412008673447e+01 1.373755275645634910e+01 9.500000000000000000e+01
1.440959818711264084e+01 1.375728183264418547e+01 9.500000000000000000e+01
1.400186217492903573e+01 1.377696021796932868e+01 9.500000000000000000e+01
1.359398727044929878e+01 1.379659015586650384e+01 9.500000000000000000e+01
1.318598456870497238e+01 1.381617386868506969e+01 9.500000000000000000e+01
1.277786507771634916e+01 1.383571355849019646e+01 9.500000000000000000e+01
1.236963972328467065e+01 1.385521140785249017e+01 9.500000000000000000e+01
1.196131935370911137e+01 1.387466958062645084e+01 9.500000000000000000e+01
1.155291474443210120e+01 1.389409022271792971e+01 9.500000000000000000e+01
1.114443660261673408e+01 1.391347546284101178e+01 9.500000000000000000e+01
1.073589557165929342e+01 1.393282741326448182e+01 9.500000000000000000e+01
1.032730223564046490e+01 1.395214817054825218e+01 9.500000000000000000e+01
9.918667123718368117e+00 1.397143981627003129e+01 9.500000000000000000e+01
9.510000714466617211e+00 1.399070441774245843e+01 9.500000000000000000e+01
9.101313440160595292e+00 1.400994402872106903e+01 9.500000000000000000e+01
8.692615691014818680e+00 1.402916069010333011e+01 9.500000000000000000e+01
8.283917819374774894e+00 1.404835643061904449e+01 9.500000000000000000e+01
7.875230143865671550e+00 1.406753326751237232e+01 9.500000000000000000e+01
7.466562953501545863e+00 1.408669320721580220e+01 9.500000000000000000e+01
7.057926511757094623e+00 1.410583824601627967e+01 9.500000000000000000e+01
6.649331060605452315e+00 1.412497037071380213e+01 9.500000000000000000e+01
6.240786824524329646e+00 1.414409155927275030e+01 9.500000000000000000e+01
5.832304014473530529e+00 1.416320378146615688e+01 9.500000000000000000e+01
5.423892831846210072e+00 1.418230899951326052e+01 9.500000000000000000e+01
5.015563472396823208e+00 1.420140916871050685e+01 9.500000000000000000e+01
4.607326130148159393e+00 1.422050623805629677e+01 9.500000000000000000e+01
4.199191001280012436e+00 1.423960215086970749e+01 9.500000000000000000e+01
3.791168288002233488e+00 1.425869884540340848e+01 9.500000000000000000e+01
3.383268202414328130e+00 1.427779825545102987e+01 9.500000000000000000e+01
2.975500970354432617e+00 1.429690231094916442e+01 9.500000000000000000e+01
2.567876835239742750e+00 1.431601293857428203e+01 9.500000000000000000e+01
2.160406061901161578e+00 1.433513206233469894e+01 9.500000000000000000e+01
1.753098940414211215e+00 1.435426160415784835e+01 9.500000000000000000e+01
1.345965789928837975e+00 1.437340348447305693e+01 9.500000000000000000e+01
9.390169625003490506e-01 1.439255962278998702e+01 9.500000000000000000e+01
5.322628469236848625e-01 1.441173193827293986e+01 9.500000000000000000e+01
1.257138725735952589e-01 1.443092235031121895e+01 9.500000000000000000e+01
-2.806194867473342236e-01 1.445013277908569549e+01 9.500000000000000000e+01
-6.867267089502055999e-01 1.446936514613172520e+01 9.500000000000000000e+01
-1.092597219788962404e+00 1.448862137489863322e+01 9.500000000000000000e+01
-1.498220388974627726e+00 1.450790339130581685e+01 9.500000000000000000e+01
-1.903585526272730366e+00 1.452721312429569167e+01 9.500000000000000000e+01
-2.308681877581381325e+00 1.454655250638353614e+01 9.500000000000000000e+01
-2.713498620988143983e+00 1.456592347420441413e+01 9.500000000000000000e+01
-3.118024862803259634e+00 1.458532796905721796e+01 9.500000000000000000e+01
-3.522249633567145377e+00 1.460476793744597224e+01 9.500000000000000000e+01
-3.926161884030145544e+00 1.462424533161848750e+01 9.500000000000000000e+01
-4.329750481102085935e+00 1.464376211010239359e+01 9.500000000000000000e+01
-4.733004203769880291e+00 1.466332023823866315e+01 9.500000000000000000e+01
-5.135911738980670549e+00 1.468292168871267300e+01 9.500000000000000000e+01
-5.538461677488677459e+00 1.470256844208277869e+01 9.500000000000000000e+01
-5.940642509663568660e+00 1.472226248730652998e+01 9.500000000000000000e+01
-6.342442621258136626e+00 1.474200582226444212e+01 9.500000000000000000e+01
-6.743850289133355602e+00 1.476180045428140630e+01 9.500000000000000000e+01
-7.144853676938607734e+00 1.478164840064560792e+01 9.500000000000000000e+01
-7.545440830745182126e+00 1.480155168912506980e+01 9.500000000000000000e+01
-7.945599674630736686e+00 1.482151235848163573e+01 9.500000000000000000e+01
-8.345318006212950834e+00 1.484153245898239426e+01 9.500000000000000000e+01
-8.744583492130111324e+00 1.486161405290844328e+01 9.500000000000000000e+01
-9.143383663466742917e+00 1.488175921506090660e+01 9.500000000000000000e+01
-9.541705911122319250e+00 1.490197003326404968e+01 9.500000000000000000e+01
-9.939537481120812146e+00 1.492224860886536497e+01 9.500000000000000000e+01
-1.033686546985956056e+01 1.494259705723247578e+01 9.500000000000000000e+01
-1.073367681929490480e+01 1.496301750824664722e+01 9.500000000000000000e+01
-1.112995831206337094e+01 1.498351210679270196e+01 9.500000000000000000e+01
-1.152569656653586883e+01 1.500408301324511129e+01 9.500000000000000000e+01
-1.192087803180337779e+01 1.502473240394997767e+01 9.500000000000000000e+01
-1.231548898259224067e+01 1.504546247170264195e+01 9.500000000000000000e+01
-1.270951551410722402e+01 1.506627542622059579e+01 9.500000000000000000e+01
-1.310294353680036217e+01 1.508717349461129409e+01 9.500000000000000000e+01
-1.349575877106444999e+01 1.510815892183460285e+01 9.500000000000000000e+01
-1.388794674184872591e+01 1.512923397115932644e+01 9.500000000000000000e+01
-1.427949277319563137e+01 1.515040092461349097e+01 9.500000000000000000e+01
-1.467038198269702853e+01 1.517166208342779754e+01 9.500000000000000000e+01
-1.506059927586799319e+01 1.519301976847181557e+01 9.500000000000000000e+01
-1.545012934043737651e+01 1.521447632068228017e+01 9.500000000000000000e+01
-1.583895664055282104e+01 1.523603410148289683e+01 9.500000000000000000e+01
-1.622706541089997856e+01 1.525769549319507412e+01 9.500000000000000000e+01
-1.661443965073382500e+01 1.527946289943876934e+01 9.500000000000000000e+01
-1.700106311782144530e+01 1.530133874552286244e+01 9.500000000000000000e+01
-1.738691932229519921e+01 1.532332547882406892e+01 9.500000000000000000e+01
-1.777199152041502828e+01 1.534542556915375577e+01 9.500000000000000000e+01
-1.815626270823948829e+01 1.536764150911158744e+01 9.500000000000000000e+01
-1.853971561520475220e+01 1.538997581442516172e+01 9.500000000000000000e+01
-1.892233269761084813e+01 1.541243102427454303e+01 9.500000000000000000e+01
-1.930409613201493713e+01 1.543500970160066110e+01 9.500000000000000000e+01
-1.968498780853132502e+01 1.545771443339641316e+01 9.500000000000000000e+01
-2.006498932403821200e+01 1.548054783097925835e+01 9.500000000000000000e+01
-2.044408197529144644e+01 1.550351253024401643e+01 9.500000000000000000e+01
-2.082224675194509089e+01 1.552661119189452954e+01 9.500000000000000000e+01
-2.119946432948033532e+01 1.554984650165275362e+01 9.500000000000000000e+01
-2.157571506204231326e+01 1.557322117044373044e+01 9.500000000000000000e+01
-2.195097897518720487e+01 1.559673793455491619e+01 9.500000000000000000e+01
-2.232523575853983999e+01 1.562039955576813988e+01 9.500000000000000000e+01
-2.269846475836390809e+01 1.564420882146239400e+01 9.500000000000000000e+01
-2.307064497004671111e+01 1.566816854468569886e+01 9.500000000000000000e+01
-2.344175503050073672e+01 1.569228156419396214e+01 9.500000000000000000e+01
-2.381177321048428652e+01 1.571655074445489397e+01 9.500000000000000000e+01
-2.418067740684450584e+01 1.574097897561472870e+01 9.500000000000000000e+01
-2.454844513468611567e+01 1.576556917342557007e+01 9.500000000000000000e+01
-2.491505351946942071e+01 1.579032427913094239e+01 9.500000000000000000e+01
-2.528047928904230446e+01 1.581524725930710318e+01 9.500000000000000000e+01
-2.564469876561027917e+01 1.584034110565751163e+01 9.500000000000000000e+01
-2.600768785765053792e+01 1.586560883475777750e+01 9.500000000000000000e+01
-2.636942205177520648e+01 1.589105348774816839e+01 9.500000000000000000e+01
-2.672987640455055924e+01 1.591667812997091325e+01 9.500000000000000000e+01
-2.708902553427890680e+01 1.594248585054906009e+01 9.500000000000000000e+01
-2.744684361275087170e+01 1.596847976190375640e+01 9.500000000000000000e+01
-2.780330435697631231e+01 1.599466299920667645e+01 9.500000000000000000e+01
-2.815838102090283002e+01 1.602103871976405713e+01 9.500000000000000000e+01
-2.851204638713171846e+01 1.604761010232889973e+01 9.500000000000000000e+01
-2.886427275864183883e+01 1.607438034633744905e+01 9.500000000000000000e+01
-2.921503195053261237e+01 1.610135267106628376e+01 9.500000000000000000e+01
-2.956429528179873856e+01 1.612853031470595511e+01 9.500000000000000000e+01
-2.991203356714952122e+01 1.615591653334710287e+01 9.500000000000000000e+01
-3.025821710888692451e+01 1.618351459987485086e+01 9.500000000000000000e+01
-3.060281568885780601e+01 1.621132780276708019e+01 9.500000000000000000e+01
-3.094579856049595534e+01 1.623935944479222826e+01 9.500000000000000000e+01
-3.128713444097175866e+01 1.626761284160186705e+01 9.500000000000000000e+01
-3.162679150346772872e+01 1.629609132021355578e+01 9.500000000000000000e+01
-3.196473736959926271e+01 1.632479821737902270e+01 9.500000000000000000e+01
-3.230093910200197627e+01 1.635373687783289753e+01 9.500000000000000000e+01
-3.263536319710717493e+01 1.638291065241690347e+01 9.500000000000000000e+01
-3.296797557812956825e+01 1.641232289607460260e+01 9.500000000000000000e+01
-3.329874158829134956e+01 1.644197696571143652e+01 9.500000000000000000e+01
-3.362762598430960281e+01 1.647187621791496426e+01 9.500000000000000000e+01
-3.395459293017420066e+01 1.650202400653007473e+01 9.500000000000000000e+01
-3.427960599124565277e+01 1.653242368008398699e+01 9.500000000000000000e+01
-3.460262812870366389e+01 1.656307857905573755e+01 9.500000000000000000e+01
-3.492362169437863884e+01 1.659399203298503167e+01 9.500000000000000000e+01
-3.524254842599997772e+01 1.662516735741526475e+01 9.500000000000000000e+01
-3.555936944289678792e+01 1.665660785066563321e+01 9.500000000000000000e+01
-3.587404524218839441e+01 1.668831679042736127e+01 9.500000000000000000e+01
-3.618653569550286875e+01 1.672029743017922598e+01 9.500000000000000000e+01
-3.649680004626472396e+01 1.675255299541761289e+01 9.500000000000000000e+01
-3.680479690759381128e+01 1.678508667969671109e+01 9.500000000000000000e+01
-3.711048426085866225e+01 1.681790164047455605e+01 9.500000000000000000e+01
-3.741381945493079542e+01 1.685100099476099800e+01 9.500000000000000000e+01
-3.771475920618618005e+01 1.688438781456392235e+01 9.500000000000000000e+01
-3.801325959930298382e+01 1.691806512213058156e+01 9.500000000000000000e+01
-3.830927608890567626e+01 1.695203588498107905e+01 9.500000000000000000e+01
-3.860276350210756391e+01 1.698630301073184512e+01 9.500000000000000000e+01
-3.889367604200405282e+01 1.702086934170717569e+01 9.500000000000000000e+01
-3.918196729217199703e+01 1.705573764933778236e+01 9.500000000000000000e+01
-3.946759022223012892e+01 1.709091062834578167e+01 9.500000000000000000e+01
-3.975049719451739350e+01 1.712639089071636533e+01 9.500000000000000000e+01
-4.003063997194699652e+01 1.716218095945723476e+01 9.500000000000000000e+01
-4.030796972709430293e+01 1.719828326214769376e+01 9.500000000000000000e+01
-4.058243705257778089e+01 1.723470012428022002e+01 9.500000000000000000e+01
-4.085399197279222960e+01 1.727143376239855854e+01 9.500000000000000000e+01
-4.112258395705382696e+01 1.730848627703717213e+01 9.500000000000000000e+01
-4.138816193421644130e+01 1.734585964546838355e+01 9.500000000000000000e+01
-4.165067430881825317e+01 1.738355571426457047e+01 9.500000000000000000e+01
-4.191006897881687365e+01 1.742157619168418137e+01 9.500000000000000000e+01
-4.216629335497059117e+01 1.745992263989188586e+01 9.500000000000000000e+01
-4.241929438192143209e+01 1.749859646702441296e+01 9.500000000000000000e+01
-4.266901856103437041e+01 1.753759891911536073e+01 9.500000000000000000e+01
-4.291541197504488991e+01 1.757693107189389536e+01 9.500000000000000000e+01
-4.315842031456413252e+01 1.761659382247376726e+01 9.500000000000000000e+01
-4.339798890648836505e+01 1.765658788095108278e+01 9.500000000000000000e+01
-4.363406274435543963e+01 1.769691376193075882e+01 9.500000000000000000e+01
-4.386658652068727804e+01 1.773757177600371193e+01 9.500000000000000000e+01
-4.409550466135308255e+01 1.777856202119842166e+01 9.500000000000000000e+01
-4.432076136198178773e+01 1.781988437443261475e+01 9.500000000000000000e+01
-4.454230062644821686e+01 1.786153848299257874e+01 9.500000000000000000e+01
-4.476006630744996784e+01 1.790352375606946822e+01 9.500000000000000000e+01
-4.497400214918605599e+01 1.794583935638395644e+01 9.500000000000000000e+01
-4.518405183213998555e+01 1.798848419193220138e+01 9.500000000000000000e+01
-4.539015901996374680e+01 1.803145690788812416e+01 9.500000000000000000e+01
-4.559226740844854220e+01 1.807475587869830491e+01 9.500000000000000000e+01
-4.579032077656083999e+01 1.811837920040783700e+01 9.500000000000000000e+01
-4.598426303951200111e+01 1.816232468325646821e+01 9.500000000000000000e+01
-4.617403830381909557e+01 1.820658984458605190e+01 9.500000000000000000e+01
-4.635959092430515227e+01 1.825117190210127660e+01 9.500000000000000000e+01
-4.654086556297521327e+01 1.829606776752671848e+01 9.500000000000000000e+01
-4.671780724969278964e+01 1.834127404070382283e+01 9.500000000000000000e+01
-4.689036144457104172e+01 1.838678700417222700e+01 9.500000000000000000e+01
-4.705847410197900871e+01 1.843260261827983726e+01 9.500000000000000000e+01
-4.722209173605267551e+01 1.847871651686608629e+01 9.500000000000000000e+01
-4.738116148758700774e+01 1.852512400356260613e+01 9.500000000000000000e+01
-4.753563119217358235e+01 1.857182004875467030e+01 9.500000000000000000e+01
-4.768544944943543129e+01 1.861879928724589561e+01 9.500000000000000000e+01
-4.783056569319871443e+01 1.866605601666732639e+01 9.500000000000000000e+01
-4.797093026242918512e+01 1.871358419667017259e+01 9.500000000000000000e+01
-4.810649447274899160e+01 1.876137744893946291e+01 9.500000000000000000e+01
-4.823721068833913961e+01 1.880942905806334053e+01 9.500000000000000000e+01
-4.836303239402222687e+01 1.885773197328973083e+01 9.500000000000000000e+01
-4.848391426730928799e+01 1.890627881119903364e+01 9.500000000000000000e+01
-4.859981225018759687e+01 1.895506185931754572e+01 9.500000000000000000e+01
-4.871068362041603450e+01 1.900407308069252466e+01 9.500000000000000000e+01
-4.881648706208971333e+01 1.905330411944524016e+01 9.500000000000000000e+01
-4.891718273522849358e+01 1.910274630731384704e+01 9.500000000000000000e+01
-4.901273234414054514e+01 1.915239067119249583e+01 9.500000000000000000e+01
-4.910309920430814401e+01 1.920222794166841140e+01 9.500000000000000000e+01
-4.918824830754257960e+01 1.925224856255242756e+01 9.500000000000000000e+01
-4.926814638515422473e+01 1.930244270139338880e+01 9.500000000000000000e+01
-4.934276196888573196e+01 1.935280026096056361e+01 9.500000000000000000e+01
-4.941206544935971579e+01 1.940331089167238332e+01 9.500000000000000000e+01
-4.947602913179795792e+01 1.945396400494395905e+01 9.500000000000000000e+01
-4.953462728877460819e+01 1.950474878741952622e+01 9.500000000000000000e+01
-4.958783620977614248e+01 1.955565421605052379e+01 9.500000000000000000e+01
-4.963563424734974916e+01 1.960666907397381920e+01 9.500000000000000000e+01
-4.967800185963440640e+01 1.965778196713934634e+01 9.500000000000000000e+01
-4.971492164908244860e+01 1.970898134163097026e+01 9.500000000000000000e+01
-4.974637839719423482e+01 1.976025550161942945e+01 9.500000000000000000e+01
-4.977235909510552148e+01 1.981159262788169428e+01 9.500000000000000000e+01
-4.979285296988425102e+01 1.986298079681675688e+01 9.500000000000000000e+01
-4.980785150641349901e+01 1.991440799988424715e+01 9.500000000000000000e+01
-4.981734846475641376e+01 1.996586216338914710e+01 9.500000000000000000e+01
-4.982133989292078979e+01 2.001733116853307948e+01 9.500000000000000000e+01
-4.981982413496182005e+01 2.006880287165081356e+01 9.500000000000000000e+01
-4.981280183438443743e+01 2.012026512454903582e+01 9.500000000000000000e+01
-4.980027593282870413e+01 2.017170579486376880e+01 9.500000000000000000e+01
-4.978225166404470770e+01 2.022311278635268650e+01 9.500000000000000000e+01
-4.975873654318571937e+01 2.027447405903886235e+01 9.500000000000000000e+01
-4.972974035147102967e+01 2.032577764912400298e+01 9.500000000000000000e+01
-4.969527511629164707e+01 2.037701168859060630e+01 9.500000000000000000e+01
-4.965535508685329802e+01 2.042816442441506553e+01 9.500000000000000000e+01
-4.960999670547185758e+01 2.047922423731662889e+01 9.500000000000000000e+01
-4.955921857465568081e+01 2.053017965997059235e+01 9.500000000000000000e+01
-4.950304142012763009e+01 2.058101939461809948e+01 9.500000000000000000e+01
-4.944148804995705859e+01 2.063173233000922835e+01 9.500000000000000000e+01
-4.937458330998745737e+01 2.068230755762107265e+01 9.500000000000000000e+01
-4.930235403575960618e+01 2.073273438709759020e+01 9.500000000000000000e+01
-4.922482900114350457e+01 2.078300236086326436e+01 9.500000000000000000e+01
-4.914203886390205156e+01 2.083310126786864913e+01 9.500000000000000000e+01
-4.905401610842024240e+01 2.088302115643144674e+01 9.500000000000000000e+01
-4.896079498584011702e+01 2.093275234614275604e+01 9.500000000000000000e+01
-4.886241145184823154e+01 2.098228543881419128e+01 9.500000000000000000e+01
-4.875890310236615477e+01 2.103161132844755343e+01 9.500000000000000000e+01
-4.865030910739738346e+01 2.108072121021442769e+01 9.500000000000000000e+01
-4.853667014328429019e+01 2.112960658843929096e+01 9.500000000000000000e+01
-4.841802832362829889e+01 2.117825928358485399e+01 9.500000000000000000e+01
-4.829442712912426572e+01 2.122667143824408242e+01 9.500000000000000000e+01
-4.816591133655569479e+01 2.127483552214839690e+01 9.500000000000000000e+01
-4.803252694719282800e+01 2.132274433620644416e+01 9.500000000000000000e+01
-4.789432111482921783e+01 2.137039101559221876e+01 9.500000000000000000e+01
-4.775134207368436279e+01 2.141776903190576320e+01 9.500000000000000000e+01
-4.760363906639211962e+01 2.146487219443332961e+01 9.500000000000000000e+01
-4.745126227228507787e+01 2.151169465053735053e+01 9.500000000000000000e+01
-4.729426273617404775e+01 2.155823088520982012e+01 9.500000000000000000e+01
-4.713269229781243297e+01 2.160447571982505366e+01 9.500000000000000000e+01
-4.696660352222250623e+01 2.165042431013042901e+01 9.500000000000000000e+01
-4.679604963104922177e+01 2.169607214351540492e+01 9.500000000000000000e+01
-4.662108443509573164e+01 2.174141503560066369e+01 9.500000000000000000e+01
-4.644176226818126452e+01 2.178644912619052931e+01 9.500000000000000000e+01
-4.625813792245064349e+01 2.183117087463244133e+01 9.500000000000000000e+01
-4.607026658525163754e+01 2.187557705462786473e+01 9.500000000000000000e+01
-4.587820377768446889e+01 2.191966474853918712e+01 9.500000000000000000e+01
-4.568200529491508632e+01 2.196343134123694441e+01 9.500000000000000000e+01
-4.548172714833287955e+01 2.200687451353143587e+01 9.500000000000000000e+01
-4.527742550962059198e+01 2.204999223523200058e+01 9.500000000000000000e+01
-4.506915665679425587e+01 2.209278275787645640e+01 9.500000000000000000e+01
-4.485697692225922140e+01 2.213524460717220066e+01 9.500000000000000000e+01
-4.464094264291879455e+01 2.217737657518898331e+01 9.500000000000000000e+01
-4.442111011236138296e+01 2.221917771234224404e+01 9.500000000000000000e+01
-4.419753553514347999e+01 2.226064731920416051e+01 9.500000000000000000e+01
-4.397027498317685712e+01 2.230178493817806995e+01 9.500000000000000000e+01
-4.373938435421934656e+01 2.234259034507007513e+01 9.500000000000000000e+01
-4.350491933246278364e+01 2.238306354058994785e+01 9.500000000000000000e+01
-4.326693535120267597e+01 2.242320474181160250e+01 9.500000000000000000e+01
-4.302548755756910737e+01 2.246301437362141584e+01 9.500000000000000000e+01
-4.278063077929159164e+01 2.250249306018095652e+01 9.500000000000000000e+01
-4.253241949346628559e+01 2.254164161642875897e+01 9.500000000000000000e+01
-4.228090779728783843e+01 2.258046103964373685e+01 9.500000000000000000e+01
-4.202614938070537676e+01 2.261895250109130018e+01 9.500000000000000000e+01
-4.176819750095705075e+01 2.265711733777111547e+01 9.500000000000000000e+01
-4.150710495893546437e+01 2.269495704428389615e+01 9.500000000000000000e+01
-4.124292407733241816e+01 2.273247326483281938e+01 9.500000000000000000e+01
-4.097570668051024967e+01 2.276966778537349256e+01 9.500000000000000000e+01
-4.070550407604412868e+01 2.280654252592488263e+01 9.500000000000000000e+01
-4.043236703787857778e+01 2.284309953305199059e+01 9.500000000000000000e+01
-4.015634579104035140e+01 2.287934097252978205e+01 9.500000000000000000e+01
-3.987748999784881931e+01 2.291526912219626055e+01 9.500000000000000000e+01
-3.959584874556468037e+01 2.295088636500153001e+01 9.500000000000000000e+01
-3.931147053541750580e+01 2.298619518225835989e+01 9.500000000000000000e+01
-3.902440327295212796e+01 2.302119814709857692e+01 9.500000000000000000e+01
-3.873469425963584456e+01 2.305589791813867961e+01 9.500000000000000000e+01
-3.844239018566641164e+01 2.309029723335692452e+01 9.500000000000000000e+01
-3.814753712392393226e+01 2.312439890418340838e+01 9.500000000000000000e+01
-3.785018052500848285e+01 2.315820580980364696e+01 9.500000000000000000e+01
-3.755036521330865895e+01 2.319172089167551576e+01 9.500000000000000000e+01
-3.724813538404454505e+01 2.322494714825865003e+01 9.500000000000000000e+01
-3.694353460123276989e+01 2.325788762995480496e+01 9.500000000000000000e+01
-3.663660579652056271e+01 2.329054543425704082e+01 9.500000000000000000e+01
-3.632739126883785019e+01 2.332292370110522484e+01 9.500000000000000000e+01
-3.601593268481860832e+01 2.335502560844469855e+01 9.500000000000000000e+01
-3.570227107994303850e+01 2.338685436798465034e+01 9.500000000000000000e+01
-3.538644686035479481e+01 2.341841322115249824e+01 9.500000000000000000e+01
-3.506849980530822819e+01 2.344970543524000206e+01 9.500000000000000000e+01
-3.474846907020338449e+01 2.348073429973688775e+01 9.500000000000000000e+01
-3.442639319016684141e+01 2.351150312284720556e+01 9.500000000000000000e+01
-3.410231008413925480e+01 2.354201522818386749e+01 9.500000000000000000e+01
-3.377625705943167134e+01 2.357227395163617345e+01 9.500000000000000000e+01
-3.344827081671395774e+01 2.360228263840555130e+01 9.500000000000000000e+01
-3.311838745540131868e+01 2.363204464020417461e+01 9.500000000000000000e+01
-3.278664247940547227e+01 2.366156331261137424e+01 9.500000000000000000e+01
-3.245307080321929050e+01 2.369084201258262112e+01 9.500000000000000000e+01
-3.211770675830459965e+01 2.371988409610588633e+01 9.500000000000000000e+01
-3.178058409975558618e+01 2.374869291600001020e+01 9.500000000000000000e+01
-3.144173601321008249e+01 2.377727181985013516e+01 9.500000000000000000e+01
-3.110119512198371083e+01 2.380562414807483762e+01 9.500000000000000000e+01
-3.075899349440295438e+01 2.383375323212001007e+01 9.500000000000000000e+01
-3.041516265131390639e+01 2.386166239277443779e+01 9.500000000000000000e+01
-3.006973357374592837e+01 2.388935493860211778e+01 9.500000000000000000e+01
-2.972273671070951551e+01 2.391683416448655208e+01 9.500000000000000000e+01
-2.937420198711001262e+01 2.394410335028219450e+01 9.500000000000000000e+01
-2.902415881175868861e+01 2.397116575956847484e+01 9.500000000000000000e+01
-2.867263608546512543e+01 2.400000000000000000e+01 9.500000000000000000e+01
