4.223465299759268987e+01 0.000000000000000000e+00 9.500000000000000000e+01
4.258759016095452665e+01 5.605376564250762889e-02 9.500000000000000000e+01
4.293880383575537252e+01 8.812291905629181243e-02 9.500000000000000000e+01
4.328825080444224227e+01 1.205346801264430001e-01 9.500000000000000000e+01
4.363588682185243073e+01 1.532956144525795261e-01 9.500000000000000000e+01
4.398166659248067845e+01 1.864123552323490030e-01 9.500000000000000000e+01
4.432554374778882789e+01 2.198915999527264464e-01 9.500000000000000000e+01
4.466747082361599297e+01 2.537401066808778749e-01 9.500000000000000000e+01
4.500739923775398665e+01 2.879646899285033257e-01 9.500000000000000000e+01
4.534527926775751894e+01 3.225722160624588941e-01 9.500000000000000000e+01
4.568106002906543495e+01 3.575695982334543555e-01 9.500000000000000000e+01
4.601468945351716400e+01 3.929637907938062225e-01 9.500000000000000000e+01
4.634611426835351722e+01 4.287617831741399876e-01 9.500000000000000000e+01
4.667527997580039312e+01 4.649705931882833765e-01 9.500000000000000000e+01
4.700213083334138986e+01 5.015972597348495876e-01 9.500000000000000000e+01
4.732660983479236450e+01 5.386488348632413325e-01 9.500000000000000000e+01
4.764865869230155226e+01 5.761323751715923258e-01 9.500000000000000000e+01
4.796821781940613505e+01 6.140549325035726813e-01 9.500000000000000000e+01
4.828522631528631592e+01 6.524235439110649404e-01 9.500000000000000000e+01
4.859962195036744959e+01 6.912452208496628892e-01 9.500000000000000000e+01
4.891134115342989475e+01 7.305269375742522442e-01 9.500000000000000000e+01
4.922031900039746688e+01 7.702756187026604806e-01 9.500000000000000000e+01
4.952648920498425156e+01 8.104981259160412010e-01 9.500000000000000000e+01
4.982978411139104935e+01 8.512012437661151676e-01 9.500000000000000000e+01
5.013013468925213800e+01 8.923916645608869214e-01 9.500000000000000000e+01
5.042747053104373123e+01 9.340759723024922856e-01 9.500000000000000000e+01
5.072171985217535450e+01 9.762606256534746008e-01 9.500000000000000000e+01
5.101280949399615139e+01 1.018951939910688331e+00 9.500000000000000000e+01
5.130066492995570115e+01 1.062156067969625584e+00 9.500000000000000000e+01
5.158521027517013380e+01 1.105878980266253642e+00 9.500000000000000000e+01
5.186636829965086548e+01 1.150126443688043398e+00 9.500000000000000000e+01
5.214406044546175423e+01 1.194903999451618404e+00 9.500000000000000000e+01
5.241820684807645137e+01 1.240216939950468777e+00 9.500000000000000000e+01
5.268872636221286854e+01 1.286070284583179291e+00 9.500000000000000000e+01
5.295553659242586519e+01 1.332468754580485415e+00 9.500000000000000000e+01
5.321855392874085311e+01 1.379416746857810905e+00 9.500000000000000000e+01
5.347769358761157577e+01 1.426918306929515934e+00 9.500000000000000000e+01
5.373286965848331675e+01 1.474977100931168739e+00 9.500000000000000000e+01
5.398399515623777489e+01 1.523596386807126501e+00 9.500000000000000000e+01
5.423098207979040097e+01 1.572778984732756902e+00 9.500000000000000000e+01
5.447374147709814451e+01 1.622527246852894622e+00 9.500000000000000000e+01
5.471218351682583858e+01 1.672843026431759750e+00 9.500000000000000000e+01
5.494621756689961245e+01 1.723727646523367962e+00 9.500000000000000000e+01
5.517575228015637379e+01 1.775181868285925946e+00 9.500000000000000000e+01
5.540069568727476934e+01 1.827205859078925076e+00 9.500000000000000000e+01
5.562095529714260067e+01 1.879799160496708366e+00 9.500000000000000000e+01
5.583643820478378217e+01 1.932960656507840325e+00 9.500000000000000000e+01
5.604705120693007814e+01 1.986688541885100356e+00 9.500000000000000000e+01
5.625270092528020882e+01 2.040980291125932045e+00 9.500000000000000000e+01
5.645329393744264479e+01 2.095832628078129201e+00 9.500000000000000000e+01
5.664873691550665313e+01 2.151241496499333383e+00 9.500000000000000000e+01
5.683893677212971340e+01 2.207202031791911878e+00 9.500000000000000000e+01
5.702380081397039646e+01 2.263708534166615216e+00 9.500000000000000000e+01
5.720323690222979707e+01 2.320754443498109776e+00 9.500000000000000000e+01
5.737715361999823926e+01 2.378332316143874969e+00 9.500000000000000000e+01
5.754546044603160482e+01 2.436433804003507841e+00 9.500000000000000000e+01
5.770806793450857697e+01 2.495049636098611412e+00 9.500000000000000000e+01
5.786488790024451134e+01 2.554169602953857865e+00 9.500000000000000000e+01
5.801583360876052353e+01 2.613782544056454604e+00 9.500000000000000000e+01
5.816081997053007768e+01 2.673876338664952446e+00 9.500000000000000000e+01
5.829976373864924710e+01 2.734437900227874252e+00 9.500000000000000000e+01
5.843258370910245247e+01 2.795453174658253825e+00 9.500000000000000000e+01
5.855920092272517508e+01 2.856907142692092005e+00 9.500000000000000000e+01
5.867953886789844375e+01 2.918783826535944037e+00 9.500000000000000000e+01
5.879352368294792086e+01 2.981066300982226025e+00 9.500000000000000000e+01
5.890108435716847879e+01 3.043736709140306029e+00 9.500000000000000000e+01
5.900215292934627342e+01 3.106776282896496433e+00 9.500000000000000000e+01
5.909666468261649896e+01 3.170165368178182064e+00 9.500000000000000000e+01
5.918455833446653713e+01 3.233883455055681200e+00 9.500000000000000000e+01
5.926577622068042217e+01 3.297909212671153334e+00 9.500000000000000000e+01
5.934026447201830479e+01 3.362220528937679642e+00 9.500000000000000000e+01
5.940797318243442504e+01 3.426794554903211942e+00 9.500000000000000000e+01
5.946885656766173156e+01 3.491607753625467936e+00 9.500000000000000000e+01
5.952287311303003037e+01 3.556635953354580160e+00 9.500000000000000000e+01
5.956998570943439830e+01 3.621854404771860381e+00 9.500000000000000000e+01
5.961016177643952574e+01 3.687237841986444220e+00 9.500000000000000000e+01
5.964337337158168140e+01 3.752760546946599440e+00 9.500000000000000000e+01
5.966959728502333604e+01 3.818396416881567390e+00 9.500000000000000000e+01
5.968881511881816948e+01 3.884119034352139899e+00 9.500000000000000000e+01
5.970101335015748134e+01 3.949901739455516037e+00 9.500000000000000000e+01
5.970618337809192155e+01 4.015717703702799568e+00 9.500000000000000000e+01
5.970618337809192155e+01 4.015717703702799568e+00 9.500000000000000000e+01
5.970432155335134183e+01 4.081540005065874333e+00 9.500000000000000000e+01
5.969542919102166678e+01 4.147341703675370361e+00 9.500000000000000000e+01
5.967951256597556409e+01 4.213095917643009614e+00 9.500000000000000000e+01
5.965658289109396861e+01 4.278775898479998396e+00 9.500000000000000000e+01
5.962665627845539973e+01 4.344355105588295629e+00 9.500000000000000000e+01
5.958975368380645676e+01 4.409807279313742612e+00 9.500000000000000000e+01
5.954590083476027473e+01 4.475106512068384390e+00 9.500000000000000000e+01
5.949512814329450805e+01 4.540227317054044143e+00 9.500000000000000000e+01
5.943747060323935472e+01 4.605144694149407414e+00 9.500000000000000000e+01
5.937296767355382343e+01 4.669834192558218078e+00 9.500000000000000000e+01
5.930166314828562690e+01 4.734271969855630147e+00 9.500000000000000000e+01
5.922360501419554879e+01 4.798434847113049351e+00 9.500000000000000000e+01
5.913884529709830673e+01 4.862300359827598228e+00 9.500000000000000000e+01
5.904743989803149873e+01 4.925846804430134895e+00 9.500000000000000000e+01
5.894944842040807487e+01 4.989053280194706730e+00 9.500000000000000000e+01
5.884493398933884123e+01 5.051899726421259729e+00 9.500000000000000000e+01
5.873396306432835701e+01 5.114366954812213706e+00 9.500000000000000000e+01
5.861660524655106741e+01 5.176436677010582521e+00 9.500000000000000000e+01
5.849293308190583929e+01 5.238091527312914053e+00 9.500000000000000000e+01
5.836302186102530243e+01 5.299315080612900353e+00 9.500000000000000000e+01
5.822694941738571828e+01 5.360091865671479106e+00 9.500000000000000000e+01
5.808479592461960550e+01 5.420407373845515409e+00 9.500000000000000000e+01
5.793664369408474357e+01 5.480248063439724149e+00 9.500000000000000000e+01
5.778257697368375290e+01 5.539601359875147679e+00 9.500000000000000000e+01
5.762268174886534666e+01 5.598455651891900864e+00 9.500000000000000000e+01
5.745704554666872355e+01 5.656800284024296133e+00 9.500000000000000000e+01
5.728575724360012345e+01 5.714625545602610934e+00 9.500000000000000000e+01
5.710890687805565591e+01 5.771922656547930686e+00 9.500000000000000000e+01
5.692658546792730334e+01 5.828683750234861627e+00 9.500000000000000000e+01
5.673888483395260351e+01 5.884901853701479446e+00 9.500000000000000000e+01
5.654589742929253759e+01 5.940570865487298846e+00 9.500000000000000000e+01
5.634771617574679681e+01 5.995685531378136091e+00 9.500000000000000000e+01
5.614443430694377213e+01 6.050241418332277021e+00 9.500000000000000000e+01
5.593614521877274370e+01 6.104234886855207876e+00 9.500000000000000000e+01
5.572294232725985097e+01 6.157663062081184968e+00 9.500000000000000000e+01
5.550491893402705301e+01 6.210523803808832177e+00 9.500000000000000000e+01
5.528216809941515919e+01 6.262815675725740938e+00 9.500000000000000000e+01
5.505478252329891120e+01 6.314537914043336642e+00 9.500000000000000000e+01
5.482285443357227450e+01 6.365690395749006747e+00 9.500000000000000000e+01
5.458647548223824941e+01 6.416273606667399321e+00 9.500000000000000000e+01
5.434573664899775025e+01 6.466288609507527596e+00 9.500000000000000000e+01
5.410072815219643161e+01 6.515737012056748156e+00 9.500000000000000000e+01
5.385153936695798649e+01 6.564620935667434765e+00 9.500000000000000000e+01
5.359825875030615805e+01 6.612942984166857663e+00 9.500000000000000000e+01
5.334097377305469223e+01 6.660706213306122336e+00 9.500000000000000000e+01
5.307977085822617624e+01 6.707914100849791339e+00 9.500000000000000000e+01
5.281473532574664631e+01 6.754570517394063778e+00 9.500000000000000000e+01
5.254595134314989480e+01 6.800679697988588401e+00 9.500000000000000000e+01
5.227350188201798176e+01 6.846246214624704507e+00 9.500000000000000000e+01
5.199746867987867915e+01 6.891274949641513103e+00 9.500000000000000000e+01
5.171793220727692386e+01 6.935771070090669177e+00 9.500000000000000000e+01
5.143497163973768949e+01 6.979740003090869394e+00 9.500000000000000000e+01
5.114866483433742417e+01 7.023187412194288548e+00 9.500000000000000000e+01
5.085908831060571345e+01 7.066119174778900280e+00 9.500000000000000000e+01
5.056631723548229473e+01 7.108541360473381587e+00 9.500000000000000000e+01
5.027042541206090931e+01 7.150460210614808965e+00 9.500000000000000000e+01
4.997148527185835576e+01 7.191882118733329499e+00 9.500000000000000000e+01
4.966956787035517351e+01 7.232813612053100805e+00 9.500000000000000000e+01
4.936474288556278367e+01 7.273261333994121003e+00 9.500000000000000000e+01
4.905707861938115144e+01 7.313232027655879541e+00 9.500000000000000000e+01
4.874664200152133020e+01 7.352732520260339300e+00 9.500000000000000000e+01
4.843349859577624983e+01 7.391769708529111860e+00 9.500000000000000000e+01
4.811771260843439535e+01 7.430350544967366133e+00 9.500000000000000000e+01
4.779934689864037978e+01 7.468482025025245719e+00 9.500000000000000000e+01
4.747846299051754215e+01 7.506171175106062243e+00 9.500000000000000000e+01
4.715512108687719461e+01 7.543425041389574481e+00 9.500000000000000000e+01
4.682938008435001365e+01 7.580250679437892991e+00 9.500000000000000000e+01
4.650129758978435746e+01 7.616655144551080170e+00 9.500000000000000000e+01
4.617092993776642373e+01 7.652645482839409929e+00 9.500000000000000000e+01
4.583833220912595863e+01 7.688228722979211227e+00 9.500000000000000000e+01
4.550355825030153767e+01 7.723411868619535880e+00 9.500000000000000000e+01
4.516666069344649515e+01 7.758201891407188633e+00 9.500000000000000000e+01
4.482769097716672491e+01 7.792605724598397288e+00 9.500000000000000000e+01
4.448669936778809841e+01 7.826630257225823506e+00 9.500000000000000000e+01
4.414373498106045446e+01 7.860282328790606954e+00 9.500000000000000000e+01
4.379884580421090590e+01 7.893568724449859353e+00 9.500000000000000000e+01
4.345207871826727342e+01 7.926496170671043728e+00 9.500000000000000000e+01
4.310347952057862386e+01 7.959071331325511700e+00 9.500000000000000000e+01
4.275309294746600841e+01 7.991300804194652940e+00 9.500000000000000000e+01
4.240096269694234365e+01 8.023191117862996435e+00 9.500000000000000000e+01
4.204713145144614828e+01 8.054748728973761374e+00 9.500000000000000000e+01
4.169164090053879335e+01 8.085980019823301390e+00 9.500000000000000000e+01
4.133453176351940073e+01 8.116891296272152445e+00 9.500000000000000000e+01
4.097584381191692415e+01 8.147488785951138013e+00 9.500000000000000000e+01
4.061561589182218057e+01 8.177778636742324636e+00 9.500000000000000000e+01
4.025388594602728887e+01 8.207766915515426476e+00 9.500000000000000000e+01
3.989069103594271581e+01 8.237459607101410342e+00 9.500000000000000000e+01
3.952606736326669079e+01 8.266862613485860933e+00 9.500000000000000000e+01
3.916005029138382554e+01 8.295981753205795783e+00 9.500000000000000000e+01
3.879267436647316458e+01 8.324822760934342369e+00 9.500000000000000000e+01
3.842397333830817274e+01 8.353391287238766338e+00 9.500000000000000000e+01
3.805398018073456257e+01 8.381692898498014799e+00 9.500000000000000000e+01
3.768272711181257506e+01 8.409733076966849907e+00 9.500000000000000000e+01
3.731024561361392244e+01 8.437517220974447341e+00 9.500000000000000000e+01
3.693656645166456087e+01 8.465050645245996819e+00 9.500000000000000000e+01
3.656171969402625166e+01 8.492338581336657199e+00 9.500000000000000000e+01
3.618573473001224983e+01 8.519386178167797752e+00 9.500000000000000000e+01
3.580864028853255121e+01 8.546198502656206841e+00 9.500000000000000000e+01
3.543046445606684358e+01 8.572780540427469731e+00 9.500000000000000000e+01
3.505123469426325045e+01 8.599137196605402877e+00 9.500000000000000000e+01
3.467097785716313041e+01 8.625273296669881518e+00 9.500000000000000000e+01
3.428972020805214527e+01 8.651193587375978211e+00 9.500000000000000000e+01
3.390748743593947268e+01 8.676902737727859360e+00 9.500000000000000000e+01
3.352430467166745132e+01 8.702405340001220679e+00 9.500000000000000000e+01
3.314019650365430181e+01 8.727705910808706946e+00 9.500000000000000000e+01
3.275518699327421501e+01 8.752808892202898150e+00 9.500000000000000000e+01
3.236929968987833917e+01 8.777718652812094291e+00 9.500000000000000000e+01
3.198255764546177815e+01 8.802439489004315831e+00 9.500000000000000000e+01
3.159498342898134737e+01 8.826975626075361347e+00 9.500000000000000000e+01
3.120659914032957616e+01 8.851331219457110322e+00 9.500000000000000000e+01
3.081742642397097143e+01 8.875510355942488161e+00 9.500000000000000000e+01
3.042748648224611330e+01 8.899517054923828496e+00 9.500000000000000000e+01
3.003680008835026172e+01 8.923355269641680465e+00 9.500000000000000000e+01
2.964538759899236453e+01 8.947028888441264982e+00 9.500000000000000000e+01
2.925326896674163990e+01 8.970541736034112645e+00 9.500000000000000000e+01
2.886046375206786863e+01 8.993897574762556246e+00 9.500000000000000000e+01
2.846699113508272561e+01 9.017100105864980009e+00 9.500000000000000000e+01
2.807286992698831085e+01 9.040152970739937288e+00 9.500000000000000000e+01
2.767811858124051483e+01 9.063059752207417219e+00 9.500000000000000000e+01
2.728275520443362367e+01 9.085823975765666916e+00 9.500000000000000000e+01
2.688679756691326617e+01 9.108449110842146368e+00 9.500000000000000000e+01
2.649026311312465864e+01 9.130938572037395673e+00 9.500000000000000000e+01
2.609316897170284477e+01 9.153295720360615562e+00 9.500000000000000000e+01
2.569553196531198935e+01 9.175523864455982448e+00 9.500000000000000000e+01
2.529736862024033073e+01 9.197626261818768967e+00 9.500000000000000000e+01
2.489869517575777991e+01 9.219606120000465310e+00 9.500000000000000000e+01
2.449952759324232332e+01 9.241466597802228122e+00 9.500000000000000000e+01
2.409988156508237367e+01 9.263210806455992596e+00 9.500000000000000000e+01
2.369977252336127904e+01 9.284841810792769934e+00 9.500000000000000000e+01
2.329921564833022529e+01 9.306362630397625679e+00 9.500000000000000000e+01
2.289822587667632803e+01 9.327776240750974779e+00 9.500000000000000000e+01
2.249681790959138894e+01 9.349085574355891382e+00 9.500000000000000000e+01
2.209500622064821940e+01 9.370293521851133178e+00 9.500000000000000000e+01
2.169280506348987814e+01 9.391402933109707973e+00 9.500000000000000000e+01
2.129022847933803675e+01 9.412416618322808404e+00 9.500000000000000000e+01
2.088729030432608269e+01 9.433337349069011779e+00 9.500000000000000000e+01
2.048400417666285733e+01 9.454167859368681093e+00 9.500000000000000000e+01
2.008038354363213784e+01 9.474910846723531677e+00 9.500000000000000000e+01
1.967644166843384923e+01 9.495568973141395475e+00 9.500000000000000000e+01
1.927219163687182046e+01 9.516144866146161618e+00 9.500000000000000000e+01
1.886764636389367311e+01 9.536641119773054953e+00 9.500000000000000000e+01
1.846281859998769548e+01 9.557060295549254292e+00 9.500000000000000000e+01
1.805772093744189633e+01 9.577404923460042241e+00 9.500000000000000000e+01
1.765236581646990999e+01 9.597677502900570090e+00 9.500000000000000000e+01
1.724676553120871958e+01 9.617880503613461585e+00 9.500000000000000000e+01
1.684093223559279906e+01 9.638016366612365715e+00 9.500000000000000000e+01
1.643487794910916122e+01 9.658087505091716096e+00 9.500000000000000000e+01
1.602861456243792659e+01 9.678096305322839044e+00 9.500000000000000000e+01
1.562215384298285059e+01 9.698045127536714105e+00 9.500000000000000000e+01
1.521550744029554458e+01 9.717936306793529155e+00 9.500000000000000000e+01
1.480868689139850147e+01 9.737772153839353351e+00 9.500000000000000000e+01
1.440170362601009479e+01 9.757554955950086040e+00 9.500000000000000000e+01
1.399456897167618408e+01 9.777286977763052889e+00 9.500000000000000000e+01
1.358729415881179925e+01 9.796970462096403764e+00 9.500000000000000000e+01
1.317989032565717267e+01 9.816607630756651659e+00 9.500000000000000000e+01
1.277236852315129489e+01 9.836200685334574700e+00 9.500000000000000000e+01
1.236473971972733921e+01 9.855751807989806323e+00 9.500000000000000000e+01
1.195701480603291778e+01 9.875263162224360514e+00 9.500000000000000000e+01
1.154920459957900825e+01 9.894736893645355025e+00 9.500000000000000000e+01
1.114131984932100394e+01 9.914175130717270079e+00 9.500000000000000000e+01
1.073337124017504074e+01 9.933579985503973475e+00 9.500000000000000000e+01
1.032536939747313909e+01 9.952953554400801650e+00 9.500000000000000000e+01
9.917324891360166816e+00 9.972297918857011112e+00 9.500000000000000000e+01
9.509248241136047497e+00 9.991615146088820509e+00 9.500000000000000000e+01
9.101149919546109857e+00 1.001090728978339506e+01 9.500000000000000000e+01
8.693040357022608688e+00 1.003017639079399004e+01 9.500000000000000000e+01
8.284929945880763924e+00 1.004942447782654646e+01 9.500000000000000000e+01
7.876829044471700847e+00 1.006865356811803913e+01 9.500000000000000000e+01
7.468747981295738469e+00 1.008786566810677243e+01 9.500000000000000000e+01
7.060697059078385962e+00 1.010706277409499698e+01 9.500000000000000000e+01
6.652686558812270334e+00 1.012624687290400693e+01 9.500000000000000000e+01
6.244726743767352595e+00 1.014541994252203772e+01 9.500000000000000000e+01
5.836827863472466404e+00 1.016458395274518978e+01 9.500000000000000000e+01
5.429000157670571092e+00 1.018374086581164306e+01 9.500000000000000000e+01
5.021253860250527445e+00 1.020289263702941263e+01 9.500000000000000000e+01
4.613599203157945361e+00 1.022204121539784794e+01 9.500000000000000000e+01
4.206046420287528953e+00 1.024118854422315650e+01 9.500000000000000000e+01
3.798605751359665383e+00 1.026033656172817388e+01 9.500000000000000000e+01
3.391287445783456089e+00 1.027948720165656660e+01 9.500000000000000000e+01
2.984101766508969078e+00 1.029864239387172553e+01 9.500000000000000000e+01
2.577058993870797288e+00 1.031780406495056468e+01 9.500000000000000000e+01
2.170169429425667040e+00 1.033697413877239235e+01 9.500000000000000000e+01
1.763443399786124077e+00 1.035615453710309453e+01 9.500000000000000000e+01
1.356891260452941950e+00 1.037534718017480806e+01 9.500000000000000000e+01
9.505233996484400150e-01 1.039455398726127910e+01 9.500000000000000000e+01
5.443502421529421431e-01 1.041377687724905066e+01 9.500000000000000000e+01
1.383822531468956452e-01 1.043301776920469948e+01 9.500000000000000000e+01
-2.673700579393828991e-01 1.045227858293828582e+01 9.500000000000000000e+01
-6.728961335657716036e-01 1.047156123956310481e+01 9.500000000000000000e+01
-1.078185364210298536e+00 1.049086766205197385e+01 9.500000000000000000e+01
-1.483227084482461100e+00 1.051019977579013620e+01 9.500000000000000000e+01
-1.888010569220017310e+00 1.052955950912495631e+01 9.500000000000000000e+01
-2.292525029566744088e+00 1.054894879391248708e+01 9.500000000000000000e+01
-2.696759609029299121e+00 1.056836956606102618e+01 9.500000000000000000e+01
-3.100703379510769686e+00 1.058782376607182307e+01 9.500000000000000000e+01
-3.504345337318857112e+00 1.060731333957693678e+01 9.500000000000000000e+01
-3.907674399146664257e+00 1.062684023787440246e+01 9.500000000000000000e+01
-4.310679398023677500e+00 1.064640641846072988e+01 9.500000000000000000e+01
-4.713349079235190864e+00 1.066601384556082266e+01 9.500000000000000000e+01
-5.115672096207682706e+00 1.068566449065533774e+01 9.500000000000000000e+01
-5.517637006358349083e+00 1.070536033300556511e+01 9.500000000000000000e+01
-5.919232266906563567e+00 1.072510336017576726e+01 9.500000000000000000e+01
-6.320446230645184293e+00 1.074489556855308869e+01 9.500000000000000000e+01
-6.721267141669666323e+00 1.076473896386494822e+01 9.500000000000000000e+01
-7.121683131062891192e+00 1.078463556169391957e+01 9.500000000000000000e+01
-7.521682212533807643e+00 1.080458738799007179e+01 9.500000000000000000e+01
-7.921252278007535175e+00 1.082459647958070903e+01 9.500000000000000000e+01
-8.320381093165321928e+00 1.084466488467742984e+01 9.500000000000000000e+01
-8.719056292931975705e+00 1.086479466338042776e+01 9.500000000000000000e+01
-9.117265376908969543e+00 1.088498788817991958e+01 9.500000000000000000e+01
-9.514995704751321171e+00 1.090524664445458036e+01 9.500000000000000000e+01
-9.912234491485936161e+00 1.092557303096681842e+01 9.500000000000000000e+01
-1.030896880277000704e+01 1.094596916035476397e+01 9.500000000000000000e+01
-1.070518555008694683e+01 1.096643715962072285e+01 9.500000000000000000e+01
-1.110087148587854422e+01 1.098697917061590346e+01 9.500000000000000000e+01
-1.149601319861100635e+01 1.100759735052121968e+01 9.500000000000000000e+01
-1.189059710777334899e+01 1.102829387232380398e+01 9.500000000000000000e+01
-1.228460945880610033e+01 1.104907092528904045e+01 9.500000000000000000e+01
-1.267803631795885089e+01 1.106993071542773599e+01 9.500000000000000000e+01
-1.307086356707440800e+01 1.109087546595807439e+01 9.500000000000000000e+01
-1.346307689829861687e+01 1.111190741776200319e+01 9.500000000000000000e+01
-1.385466180871329378e+01 1.113302882983561126e+01 9.500000000000000000e+01
-1.424560359489140637e+01 1.115424197973304921e+01 9.500000000000000000e+01
-1.463588734737273889e+01 1.117554916400348830e+01 9.500000000000000000e+01
-1.502549794505817005e+01 1.119695269862065956e+01 9.500000000000000000e+01
-1.541442004952210354e+01 1.121845491940429795e+01 9.500000000000000000e+01
-1.580263809924032437e+01 1.124005818243296417e+01 9.500000000000000000e+01
-1.619013630373353863e+01 1.126176486444760272e+01 9.500000000000000000e+01
-1.657689863762412941e+01 1.128357736324504756e+01 9.500000000000000000e+01
-1.696290883460590138e+01 1.130549809806085371e+01 9.500000000000000000e+01
-1.734815038132550313e+01 1.132752950994054864e+01 9.500000000000000000e+01
-1.773260651117452369e+01 1.134967406209854701e+01 9.500000000000000000e+01
-1.811626019799178522e+01 1.137193424026374977e+01 9.500000000000000000e+01
-1.849909414967522636e+01 1.139431255301095725e+01 9.500000000000000000e+01
-1.888109080170256249e+01 1.141681153207698252e+01 9.500000000000000000e+01
-1.926223231056077623e+01 1.143943373266046315e+01 9.500000000000000000e+01
-1.964250054708395155e+01 1.146218173370419535e+01 9.500000000000000000e+01
-2.002187708969987767e+01 1.148505813815878973e+01 9.500000000000000000e+01
-2.040034321758514579e+01 1.150806557322635904e+01 9.500000000000000000e+01
-2.077787990372952720e+01 1.153120669058287717e+01 9.500000000000000000e+01
-2.115446780791005210e+01 1.155448416657784527e+01 9.500000000000000000e+01
-2.153008726957559560e+01 1.157790070240963232e+01 9.500000000000000000e+01
-2.190471830064358372e+01 1.160145902427505504e+01 9.500000000000000000e+01
-2.227834057820946256e+01 1.162516188349139057e+01 9.500000000000000000e+01
-2.265093343717101959e+01 1.164901205658914307e+01 9.500000000000000000e+01
-2.302247586276966373e+01 1.167301234537368870e+01 9.500000000000000000e+01
-2.339294648305073920e+01 1.169716557695384296e+01 9.500000000000000000e+01
-2.376232356124554457e+01 1.172147460373534855e+01 9.500000000000000000e+01
-2.413058498807816932e+01 1.174594230337706513e+01 9.500000000000000000e+01
-2.449770827400074324e+01 1.177057157870770787e+01 9.500000000000000000e+01
-2.486367054136048793e+01 1.179536535760074401e+01 9.500000000000000000e+01
-2.522844851650362230e+01 1.182032659280495679e+01 9.500000000000000000e+01
-2.559201852182013326e+01 1.184545826172816696e+01 9.500000000000000000e+01
-2.595435646773529470e+01 1.187076336617141514e+01 9.500000000000000000e+01
-2.631543784465345226e+01 1.189624493201073285e+01 9.500000000000000000e+01
-2.667523771486074935e+01 1.192190600882370788e+01 9.500000000000000000e+01
-2.703373070439354464e+01 1.194774966945770522e+01 9.500000000000000000e+01
-2.739089099488036538e+01 1.197377900953660479e+01 9.500000000000000000e+01
-2.774669231536565306e+01 1.199999714690282815e+01 9.500000000000000000e+01
-2.810110793412439989e+01 1.202640722099110882e+01 9.500000000000000000e+01
-2.845411065047738930e+01 1.205301239213065401e+01 9.500000000000000000e+01
-2.880567278661768427e+01 1.207981584077185211e+01 9.500000000000000000e+01
-2.915576617945966831e+01 1.210682076663384876e+01 9.500000000000000000e+01
-2.950436217252304871e+01 1.213403038776902854e+01 9.500000000000000000e+01
-2.985143160786498839e+01 1.216144793954039827e+01 9.500000000000000000e+01
-3.019694481807428588e+01 1.218907667350765145e+01 9.500000000000000000e+01
-3.054087161834307196e+01 1.221691985621766641e+01 9.500000000000000000e+01
-3.088318129863191075e+01 1.224498076789506307e+01 9.500000000000000000e+01
-3.122384261594573474e+01 1.227326270102823536e+01 9.500000000000000000e+01
-3.156282378673895295e+01 1.230176895884632415e+01 9.500000000000000000e+01
-3.190009247946936455e+01 1.233050285368235066e+01 9.500000000000000000e+01
-3.223561580732149423e+01 1.235946770521772997e+01 9.500000000000000000e+01
-3.256936032112158586e+01 1.238866683860329942e+01 9.500000000000000000e+01
-3.290129200246766317e+01 1.241810358245180801e+01 9.500000000000000000e+01
-3.323137625709916421e+01 1.244778126669699425e+01 9.500000000000000000e+01
-3.355957790853247502e+01 1.247770322031401768e+01 9.500000000000000000e+01
-3.388586119198977542e+01 1.250787276889628608e+01 9.500000000000000000e+01
-3.421018974865040008e+01 1.253829323208346658e+01 9.500000000000000000e+01
-3.453252662025508357e+01 1.256896792083563241e+01 9.500000000000000000e+01
-3.485283424409534803e+01 1.259990013454845226e+01 9.500000000000000000e+01
-3.517107444842131514e+01 1.263109315800436505e+01 9.500000000000000000e+01
-3.548720844830382504e+01 1.266255025815484281e+01 9.500000000000000000e+01
-3.580119684198705698e+01 1.269427468072884579e+01 9.500000000000000000e+01
-3.611299960777062523e+01 1.272626964666279648e+01 9.500000000000000000e+01
-3.642257610146091906e+01 1.275853834834749279e+01 9.500000000000000000e+01
-3.672988505443364460e+01 1.279108394568767793e+01 9.500000000000000000e+01
-3.703488457235092568e+01 1.282390956197013132e+01 9.500000000000000000e+01
-3.733753213457786302e+01 1.285701827953651133e+01 9.500000000000000000e+01
-3.763778459434516321e+01 1.289041313525746268e+01 9.500000000000000000e+01
-3.793559817970587034e+01 1.292409711580494047e+01 9.500000000000000000e+01
-3.823092849533592386e+01 1.295807315272000615e+01 9.500000000000000000e+01
-3.852373052522950303e+01 1.299234411727407235e+01 9.500000000000000000e+01
-3.881395863634147503e+01 1.302691281512183075e+01 9.500000000000000000e+01
-3.910156658323064960e+01 1.306178198074491803e+01 9.500000000000000000e+01
-3.938650751375855918e+01 1.309695427168599480e+01 9.500000000000000000e+01
-3.966873397589980499e+01 1.313243226257351637e+01 9.500000000000000000e+01
-3.994819792572025108e+01 1.316821843893848687e+01 9.500000000000000000e+01
-4.022485073658096866e+01 1.320431519082519145e+01 9.500000000000000000e+01
-4.049864320962555553e+01 1.324072480619888559e+01 9.500000000000000000e+01
-4.076952558560911655e+01 1.327744946415451466e+01 9.500000000000000000e+01
-4.103744755812769540e+01 1.331449122793151396e+01 9.500000000000000000e+01
-4.130235828830579692e+01 1.335185203774096330e+01 9.500000000000000000e+01
-4.156420642100037810e+01 1.338953370341263849e+01 9.500000000000000000e+01
-4.182294010257795946e+01 1.342753789687074750e+01 9.500000000000000000e+01
-4.207850700032141589e+01 1.346586614444860253e+01 9.500000000000000000e+01
-4.233085432352054767e+01 1.350451981905387377e+01 9.500000000000000000e+01
-4.257992884629983621e+01 1.354350013219769089e+01 9.500000000000000000e+01
-4.282567693223375471e+01 1.358280812590228770e+01 9.500000000000000000e+01
-4.306804456079780863e+01 1.362244466450377622e+01 9.500000000000000000e+01
-4.330697735570075224e+01 1.366241042636809588e+01 9.500000000000000000e+01
-4.354242061513895834e+01 1.370270589554013974e+01 9.500000000000000000e+01
-4.377431934401096925e+01 1.374333135334769374e+01 9.500000000000000000e+01
-4.400261828812526232e+01 1.378428686998377550e+01 9.500000000000000000e+01
-4.422726197042872087e+01 1.382557229609264837e+01 9.500000000000000000e+01
-4.444819472927912329e+01 1.386718725438681155e+01 9.500000000000000000e+01
-4.466536075877696987e+01 1.390913113132388368e+01 9.500000000000000000e+01
-4.487870415116707079e+01 1.395140306887428672e+01 9.500000000000000000e+01
-4.508816894131146569e+01 1.399400195641229594e+01 9.500000000000000000e+01
-4.529369915322887863e+01 1.403692642276475944e+01 9.500000000000000000e+01
-4.549523884868632706e+01 1.408017482845341739e+01 9.500000000000000000e+01
-4.569273217782031082e+01 1.412374525816822413e+01 9.500000000000000000e+01
-4.588612343175518760e+01 1.416763551351068173e+01 9.500000000000000000e+01
-4.607535709717681272e+01 1.421184310604709289e+01 9.500000000000000000e+01
-4.626037791280859324e+01 1.425636525071321614e+01 9.500000000000000000e+01
-4.644113092772660423e+01 1.430119885961225989e+01 9.500000000000000000e+01
-4.661756156143922425e+01 1.434634053624923311e+01 9.500000000000000000e+01
-4.678961566564503016e+01 1.439178657024489283e+01 9.500000000000000000e+01
-4.695723958757081817e+01 1.443753293257287496e+01 9.500000000000000000e+01
-4.712038023478001492e+01 1.448357527136352552e+01 9.500000000000000000e+01
-4.727898514132914443e+01 1.452990890831745396e+01 9.500000000000000000e+01
-4.743300253513821474e+01 1.457652883577144820e+01 9.500000000000000000e+01
-4.758238140642838943e+01 1.462342971445796813e+01 9.500000000000000000e+01
-4.772707157706899750e+01 1.467060587199849309e+01 9.500000000000000000e+01
-4.786702377066361436e+01 1.471805130216892898e+01 9.500000000000000000e+01
-4.800218968319393298e+01 1.476575966497339643e+01 9.500000000000000000e+01
-4.813252205402912409e+01 1.481372428756014337e+01 9.500000000000000000e+01
-4.825797473709896934e+01 1.486193816601051765e+01 9.500000000000000000e+01
-4.837850277201773253e+01 1.491039396802866612e+01 9.500000000000000000e+01
-4.849406245493923961e+01 1.495908403655600338e+01 9.500000000000000000e+01
-4.860461140891420939e+01 1.500800039433065081e+01 9.500000000000000000e+01
-4.871010865351502162e+01 1.505713474940757379e+01 9.500000000000000000e+01
-4.881051467348740402e+01 1.510647850165065087e+01 9.500000000000000000e+01
-4.890579148618429883e+01 1.515602275020295231e+01 9.500000000000000000e+01
-4.899590270753419219e+01 1.520575830193627276e+01 9.500000000000000000e+01
-4.908081361629513850e+01 1.525567568087567416e+01 9.500000000000000000e+01
-4.916049121634535624e+01 1.530576513858914645e+01 9.500000000000000000e+01
-4.923490429676338209e+01 1.535601666552672384e+01 9.500000000000000000e+01
-4.930402348945416691e+01 1.540642000328769790e+01 9.500000000000000000e+01
-4.936782132408197299e+01 1.545696465778862283e+01 9.500000000000000000e+01
-4.942627228007857099e+01 1.550763991329905878e+01 9.500000000000000000e+01
-4.947935283550278029e+01 1.555843484730621107e+01 9.500000000000000000e+01
-4.952704151253821863e+01 1.560933834616401050e+01 9.500000000000000000e+01
-4.956931891942710422e+01 1.566033912147678286e+01 9.500000000000000000e+01
-4.960616778865208687e+01 1.571142572716248154e+01 9.500000000000000000e+01
-4.963757301119211718e+01 1.576258657713561462e+01 9.500000000000000000e+01
-4.966352166669499013e+01 1.581380996354551627e+01 9.500000000000000000e+01
-4.968400304942647239e+01 1.586508407550145705e+01 9.500000000000000000e+01
-4.969900868987473785e+01 1.591639701821266506e+01 9.500000000000000000e+01
-4.970853237190830498e+01 1.596773683246794917e+01 9.500000000000000000e+01
-4.971257014540604047e+01 1.601909151437742551e+01 9.500000000000000000e+01
-4.971112033429966459e+01 1.607044903529641289e+01 9.500000000000000000e+01
-4.970418353998978489e+01 1.612179736185062495e+01 9.500000000000000000e+01
-4.969176264011962019e+01 1.617312447598066427e+01 9.500000000000000000e+01
-4.967386278271214195e+01 1.622441839492389803e+01 9.500000000000000000e+01
-4.965049137569850046e+01 1.627566719105213977e+01 9.500000000000000000e+01
-4.962165807188770117e+01 1.632685901148475693e+01 9.500000000000000000e+01
-4.958737474944879153e+01 1.637798209739843358e+01 9.500000000000000000e+01
-4.954765548799797870e+01 1.642902480295720480e+01 9.500000000000000000e+01
-4.950251654040246052e+01 1.647997561378920039e+01 9.500000000000000000e+01
-4.945197630043269754e+01 1.653082316493982162e+01 9.500000000000000000e+01
-4.939605526641245348e+01 1.658155625823508572e+01 9.500000000000000000e+01
-4.933477600103275051e+01 1.663216387899306525e+01 9.500000000000000000e+01
-4.926816308751131857e+01 1.668263521202607080e+01 9.500000000000000000e+01
-4.919624308229371934e+01 1.673295965688126685e+01 9.500000000000000000e+01
-4.911904446450326134e+01 1.678312684227261897e+01 9.500000000000000000e+01
-4.903659758235995270e+01 1.683312663966280809e+01 9.500000000000000000e+01
-4.894893459679583714e+01 1.688294917595912281e+01 9.500000000000000000e+01
-4.885608942250271980e+01 1.693258484529352259e+01 9.500000000000000000e+01
-4.875809766665397404e+01 1.698202431986249650e+01 9.500000000000000000e+01
-4.865499656554618468e+01 1.703125855980851355e+01 9.500000000000000000e+01
-4.854682491940862832e+01 1.708027882213041693e+01 9.500000000000000000e+01
-4.843362302563011212e+01 1.712907666861592659e+01 9.500000000000000000e+01
-4.831543261065128547e+01 1.717764397279468369e+01 9.500000000000000000e+01
-4.819229676076883351e+01 1.722597292591589024e+01 9.500000000000000000e+01
-4.806425985209426699e+01 1.727405604195923061e+01 9.500000000000000000e+01
-4.793136747990496360e+01 1.732188616169295869e+01 9.500000000000000000e+01
-4.779366638761919717e+01 1.736945645579709563e+01 9.500000000000000000e+01
-4.765120439561937360e+01 1.741676042707414851e+01 9.500000000000000000e+01
-4.750403033013985521e+01 1.746379191177319612e+01 9.500000000000000000e+01
-4.735219395242601337e+01 1.751054508005699617e+01 9.500000000000000000e+01
-4.719574588836182016e+01 1.755701443564435849e+01 9.500000000000000000e+01
-4.703473755875241125e+01 1.760319481466309455e+01 9.500000000000000000e+01
-4.686922111043702444e+01 1.764908138375084334e+01 9.500000000000000000e+01
-4.669924934839607999e+01 1.769466963744308430e+01 9.500000000000000000e+01
-4.652487566900463634e+01 1.773995539488927875e+01 9.500000000000000000e+01
-4.634615399457211282e+01 1.778493479593897675e+01 9.500000000000000000e+01
-4.616313870929601393e+01 1.782960429664092317e+01 9.500000000000000000e+01
-4.597588459674575745e+01 1.787396066419838903e+01 9.500000000000000000e+01
-4.578444677897975623e+01 1.791800097142440151e+01 9.500000000000000000e+01
-4.558888065738788242e+01 1.796172259074018385e+01 9.500000000000000000e+01
-4.538924185533912947e+01 1.800512318776013032e+01 9.500000000000000000e+01
-4.518558616270321693e+01 1.804820071450559382e+01 9.500000000000000000e+01
-4.497796948230403302e+01 1.809095340228941851e+01 9.500000000000000000e+01
-4.476644777835133482e+01 1.813337975431168303e+01 9.500000000000000000e+01
-4.455107702688822968e+01 1.817547853800625290e+01 9.500000000000000000e+01
-4.433191316828138184e+01 1.821724877717629809e+01 9.500000000000000000e+01
-4.410901206177182132e+01 1.825868974395531907e+01 9.500000000000000000e+01
-4.388242944209591911e+01 1.829980095062888523e+01 9.500000000000000000e+01
-4.365222087817778629e+01 1.834058214135038156e+01 9.500000000000000000e+01
-4.341844173388687977e+01 1.838103328378257473e+01 9.500000000000000000e+01
-4.318114713084739975e+01 1.842115456069468493e+01 9.500000000000000000e+01
-4.294039191328054272e+01 1.846094636154323609e+01 9.500000000000000000e+01
-4.269623061485310700e+01 1.850040927406274704e+01 9.500000000000000000e+01
-4.244871742750286359e+01 1.853954407589070286e+01 9.500000000000000000e+01
-4.219790617220427720e+01 1.857835172624940512e+01 9.500000000000000000e+01
-4.194385027163531987e+01 1.861683335770543835e+01 9.500000000000000000e+01
-4.168660272470194172e+01 1.865499026802564231e+01 9.500000000000000000e+01
-4.142621608287292645e+01 1.869282391214700922e+01 9.500000000000000000e+01
-4.116274242827626040e+01 1.873033589427594237e+01 9.500000000000000000e+01
-4.089623335350452038e+01 1.876752796013089153e+01 9.500000000000000000e+01
-4.062673994307582603e+01 1.880440198934071816e+01 9.500000000000000000e+01
-4.035431275649462890e+01 1.884095998800979999e+01 9.500000000000000000e+01
-4.007900181285573638e+01 1.887720408145915130e+01 9.500000000000000000e+01
-3.980085657693431500e+01 1.891313650715186867e+01 9.500000000000000000e+01
-3.951992594670328174e+01 1.894875960780963808e+01 9.500000000000000000e+01
-3.923625824222028058e+01 1.898407582472598776e+01 9.500000000000000000e+01
-3.894990119582539734e+01 1.901908769128084131e+01 9.500000000000000000e+01
-3.866090194359175314e+01 1.905379782665970723e+01 9.500000000000000000e+01
-3.836930701797133736e+01 1.908820892978013362e+01 9.500000000000000000e+01
-3.807516234157877477e+01 1.912232377342697376e+01 9.500000000000000000e+01
-3.777851322205671636e+01 1.915614519859712672e+01 9.500000000000000000e+01
-3.747940434796813491e+01 1.918967610905385968e+01 9.500000000000000000e+01
-3.717787978566053653e+01 1.922291946608994451e+01 9.500000000000000000e+01
-3.687398297704976358e+01 1.925587828349820896e+01 9.500000000000000000e+01
-3.656775673827132067e+01 1.928855562274772595e+01 9.500000000000000000e+01
-3.625924325914914448e+01 1.932095458836304402e+01 9.500000000000000000e+01
-3.594848410343279710e+01 1.935307832350369850e+01 9.500000000000000000e+01
-3.563552020975615164e+01 1.938493000574062108e+01 9.500000000000000000e+01
-3.532039189327156947e+01 1.941651284302590241e+01 9.500000000000000000e+01
-3.500313884791517438e+01 1.944783006985182894e+01 9.500000000000000000e+01
-3.468380014926151489e+01 1.947888494359505174e+01 9.500000000000000000e+01
-3.436241425792585602e+01 1.950968074104141081e+01 9.500000000000000000e+01
-3.403901902347541863e+01 1.954022075508681411e+01 9.500000000000000000e+01
-3.371365168881161622e+01 1.957050829160930050e+01 9.500000000000000000e+01
-3.338634889498754177e+01 1.960054666650750832e+01 9.500000000000000000e+01
-3.305714668642599463e+01 1.963033920290046552e+01 9.500000000000000000e+01
-3.272608051650568228e+01 1.965988922848360687e+01 9.500000000000000000e+01
-3.239318525348388533e+01 1.968920007303606567e+01 9.500000000000000000e+01
-3.205849518672585674e+01 1.971827506607400338e+01 9.500000000000000000e+01
-3.172204403321330091e+01 1.974711753464486819e+01 9.500000000000000000e+01
-3.138386494430435647e+01 1.977573080125762317e+01 9.500000000000000000e+01
-3.104399051272007526e+01 1.980411818194372842e+01 9.500000000000000000e+01
-3.070245277973369014e+01 1.983228298444400650e+01 9.500000000000000000e+01
-3.035928324253923094e+01 1.986022850651646365e+01 9.500000000000000000e+01
-3.001451286177892541e+01 1.988795803436008924e+01 9.500000000000000000e+01
-2.966817206920851646e+01 1.991547484115006839e+01 9.500000000000000000e+01
-2.932029077548240537e+01 1.994278218567957950e+01 9.500000000000000000e+01
-2.897089837803978085e+01 1.996988331110369685e+01 9.500000000000000000e+01
-2.862002376907586410e+01 1.999678144378091460e+01 9.500000000000000000e+01
-2.826769534358257374e+01 2.002347979220797924e+01 9.500000000000000000e+01
-2.791394100744336981e+01 2.004998154604379579e+01 9.500000000000000000e+01
-2.755878818556961818e+01 2.007628987521826502e+01 9.500000000000000000e+01
-2.720226383006468396e+01 2.010240792912220087e+01 9.500000000000000000e+01
-2.684439442840522361e+01 2.012833883587432737e+01 9.500000000000000000e+01
-2.648520601162740462e+01 2.015408570166167124e+01 9.500000000000000000e+01
-2.612472416250875185e+01 2.017965161014991793e+01 9.500000000000000000e+01
-2.576297402373617729e+01 2.020503962195995840e+01 9.500000000000000000e+01
-2.539998030605089596e+01 2.023025277420752843e+01 9.500000000000000000e+01
-2.503576729636329290e+01 2.025529408010264021e+01 9.500000000000000000e+01
-2.467035886582929649e+01 2.028016652860566182e+01 9.500000000000000000e+01
-2.430377847788232870e+01 2.030487308413716363e+01 9.500000000000000000e+01
-2.393604919621468596e+01 2.032941668633856835e+01 9.500000000000000000e+01
-2.356719369270232534e+01 2.035380024988093339e+01 9.500000000000000000e+01
-2.319723425526830241e+01 2.037802666431929666e+01 9.500000000000000000e+01
-2.282619279568068649e+01 2.040209879398990367e+01 9.500000000000000000e+01
-2.245409085727995091e+01 2.042601947794809192e+01 9.500000000000000000e+01
-2.208094962263337990e+01 2.044979152994445570e+01 9.500000000000000000e+01
-2.170678992111223238e+01 2.047341773843709944e+01 9.500000000000000000e+01
-2.133163223638916861e+01 2.049690086663791533e+01 9.500000000000000000e+01
-2.095549671385411017e+01 2.052024365259087091e+01 9.500000000000000000e+01
-2.057840316794500879e+01 2.054344880928047701e+01 9.500000000000000000e+01
-2.020037108939328618e+01 2.056651902476849614e+01 9.500000000000000000e+01
-1.982141965238118786e+01 2.058945696235734601e+01 9.500000000000000000e+01
-1.944156772161023028e+01 2.061226526077844667e+01 9.500000000000000000e+01
-1.906083385928026175e+01 2.063494653440402260e+01 9.500000000000000000e+01
-1.867923633197723632e+01 2.065750337348084642e+01 9.500000000000000000e+01
-1.829679311747076653e+01 2.067993834438462741e+01 9.500000000000000000e+01
-1.791352191141932693e+01 2.070225398989360599e+01 9.500000000000000000e+01
-1.752944013398461820e+01 2.072445282948022793e+01 9.500000000000000000e+01
-1.714456493635421097e+01 2.074653735961965850e+01 9.500000000000000000e+01
-1.675891320717302690e+01 2.076851005411400308e+01 9.500000000000000000e+01
-1.637250157888388813e+01 2.079037336443128581e+01 9.500000000000000000e+01
-1.598534643397803379e+01 2.081212972005810613e+01 9.500000000000000000e+01
-1.559746391115578490e+01 2.083378152886506030e+01 9.500000000000000000e+01
-1.520886991139848554e+01 2.085533117748413190e+01 9.500000000000000000e+01
-1.481958010395265823e+01 2.087678103169714561e+01 9.500000000000000000e+01
-1.442960993222673771e+01 2.089813343683452018e+01 9.500000000000000000e+01
-1.403897461960285753e+01 2.091939071818364937e+01 9.500000000000000000e+01
-1.364768917516300739e+01 2.094055518140629246e+01 9.500000000000000000e+01
-1.325576839933259343e+01 2.096162911296410414e+01 9.500000000000000000e+01
-1.286322688944162707e+01 2.098261478055204776e+01 9.500000000000000000e+01
-1.247007904520505406e+01 2.100351443353891767e+01 9.500000000000000000e+01
-1.207633907412453489e+01 2.102433030341454057e+01 9.500000000000000000e+01
-1.168202099681167283e+01 2.104506460424318703e+01 9.500000000000000000e+01
-1.128713865223606305e+01 2.106571953312277401e+01 9.500000000000000000e+01
-1.089170570289810058e+01 2.108629727064944248e+01 9.500000000000000000e+01
-1.049573563992923830e+01 2.110679998138719071e+01 9.500000000000000000e+01
-1.009924178812130968e+01 2.112722981434210467e+01 9.500000000000000000e+01
-9.702237310886197008e+00 2.114758890344112530e+01 9.500000000000000000e+01
-9.304735215147980298e+00 2.116787936801482672e+01 9.500000000000000000e+01
-8.906748356169655878e+00 2.118810331328410967e+01 9.500000000000000000e+01
-8.508289442315700057e+00 2.120826283085058606e+01 9.500000000000000000e+01
-8.109371039753360932e+00 2.122835999919040972e+01 9.500000000000000000e+01
-7.710005577093682838e+00 2.124839688415142192e+01 9.500000000000000000e+01
-7.310205349975282374e+00 2.126837553945348702e+01 9.500000000000000000e+01
-6.909982525592756275e+00 2.128829800719183396e+01 9.500000000000000000e+01
-6.509349147171741734e+00 2.130816631834334629e+01 9.500000000000000000e+01
-6.108317138393547729e+00 2.132798249327570872e+01 9.500000000000000000e+01
-5.706898307771251844e+00 2.134774854225929275e+01 9.500000000000000000e+01
-5.305104352979955529e+00 2.136746646598179566e+01 9.500000000000000000e+01
-4.902946865144078181e+00 2.138713825606543395e+01 9.500000000000000000e+01
-4.500437333083588065e+00 2.140676589558687937e+01 9.500000000000000000e+01
-4.097587147521986495e+00 2.142635135959960735e+01 9.500000000000000000e+01
-3.694407605259023342e+00 2.144589661565888505e+01 9.500000000000000000e+01
-3.290909913309402413e+00 2.146540362434921434e+01 9.500000000000000000e+01
-2.887105193011069382e+00 2.148487433981425809e+01 9.500000000000000000e+01
-2.483004484104046838e+00 2.150431071028925345e+01 9.500000000000000000e+01
-2.078618748782195436e+00 2.152371467863587640e+01 9.500000000000000000e+01
-1.673958875720003014e+00 2.154308818287957550e+01 9.500000000000000000e+01
-1.269035684074815817e+00 2.156243315674946359e+01 9.500000000000000000e+01
-8.638599274671365791e-01 2.158175153022068926e+01 9.500000000000000000e+01
-4.584422979391157837e-01 2.160104523005951549e+01 9.500000000000000000e+01
-5.279342989275014053e-02 2.162031618037109837e+01 9.500000000000000000e+01
3.530760959906751872e-01 2.163956630315010798e+01 9.500000000000000000e+01
7.591557488497637785e-01 2.165879751883440463e+01 9.500000000000000000e+01
1.165435043758253020e+00 2.167801174686183785e+01 9.500000000000000000e+01
1.571903537855852351e+00 2.169721090623051296e+01 9.500000000000000000e+01
1.978550826492484260e+00 2.171639691606259248e+01 9.500000000000000000e+01
2.385366539383531936e+00 2.173557169617197005e+01 9.500000000000000000e+01
2.792340336774516096e+00 2.175473716763597309e+01 9.500000000000000000e+01
3.199461905612286827e+00 2.177389525337141052e+01 9.500000000000000000e+01
3.606720955719483701e+00 2.179304787871515714e+01 9.500000000000000000e+01
4.014107215970388332e+00 2.181219697200946328e+01 9.500000000000000000e+01
4.421610430463781327e+00 2.183134446519234118e+01 9.500000000000000000e+01
4.829220354690768602e+00 2.185049229439312768e+01 9.500000000000000000e+01
5.236926751693886217e+00 2.186964240053350750e+01 9.500000000000000000e+01
5.644719388214048728e+00 2.188879672993414971e+01 9.500000000000000000e+01
6.052588030823178755e+00 2.190795723492730218e+01 9.500000000000000000e+01
6.460522442038319824e+00 2.192712587447531547e+01 9.500000000000000000e+01
6.868512376415248255e+00 2.194630461479557226e+01 9.500000000000000000e+01
7.276547576618533242e+00 2.196549542999181526e+01 9.500000000000000000e+01
7.684617769464422210e+00 2.198470030269220032e+01 9.500000000000000000e+01
8.092712661935346219e+00 2.200392122469433431e+01 9.500000000000000000e+01
8.500821937161685327e+00 2.202316019761733656e+01 9.500000000000000000e+01
8.908935250369440340e+00 2.204241923356142507e+01 9.500000000000000000e+01
9.317042224790611726e+00 2.206170035577503796e+01 9.500000000000000000e+01
9.725132447533169966e+00 2.208100559932988816e+01 9.500000000000000000e+01
1.013319546540876814e+01 2.210033701180407562e+01 9.500000000000000000e+01
1.054122078071501001e+01 2.211969665397371543e+01 9.500000000000000000e+01
1.094919784696906362e+01 2.213908660051308175e+01 9.500000000000000000e+01
1.135711606459069678e+01 2.215850894070381472e+01 9.500000000000000000e+01
1.176496477653080674e+01 2.217796577915323653e+01 9.500000000000000000e+01
1.217273326384311005e+01 2.219745923652221364e+01 9.500000000000000000e+01
1.258041074119578795e+01 2.221699145026278188e+01 9.500000000000000000e+01
1.298798635231940857e+01 2.223656457536574393e+01 9.500000000000000000e+01
1.339544916538883079e+01 2.225618078511872966e+01 9.500000000000000000e+01
1.380278816833469868e+01 2.227584227187477595e+01 9.500000000000000000e+01
1.420999226408190097e+01 2.229555124783181341e+01 9.500000000000000000e+01
1.461705026571137012e+01 2.231530994582340099e+01 9.500000000000000000e+01
1.502395089154091323e+01 2.233512062012082922e+01 9.500000000000000000e+01
1.543068276012277984e+01 2.235498554724703624e+01 9.500000000000000000e+01
1.583723438515256277e+01 2.237490702680248589e+01 9.500000000000000000e+01
1.624359417028695418e+01 2.239488738230334519e+01 9.500000000000000000e+01
1.664975040386580218e+01 2.241492896203218876e+01 9.500000000000000000e+01
1.705569125353419579e+01 2.243503413990151074e+01 9.500000000000000000e+01
1.746140476076096704e+01 2.245520531633025030e+01 9.500000000000000000e+01
1.786687883524934151e+01 2.247544491913363629e+01 9.500000000000000000e+01
1.827210124923454515e+01 2.249575540442650023e+01 9.500000000000000000e+01
1.867705963166559968e+01 2.251613925754030276e+01 9.500000000000000000e+01
1.908174146226475543e+01 2.253659899395415422e+01 9.500000000000000000e+01
1.948613406546174431e+01 2.255713716023983295e+01 9.500000000000000000e+01
1.989022460419714733e+01 2.257775633502120627e+01 9.500000000000000000e+01
2.029400007358986358e+01 2.259845912994797601e+01 9.500000000000000000e+01
2.069744729446473386e+01 2.261924819068404346e+01 9.500000000000000000e+01
2.110055290673400208e+01 2.264012619791055769e+01 9.500000000000000000e+01
2.150330336262852882e+01 2.266109586834365075e+01 9.500000000000000000e+01
2.190568491977295196e+01 2.268215995576706945e+01 9.500000000000000000e+01
2.230768363409917754e+01 2.270332125207954377e+01 9.500000000000000000e+01
2.270928535259348990e+01 2.272458258835703759e+01 9.500000000000000000e+01
2.311047570587072286e+01 2.274594683592975031e+01 9.500000000000000000e+01
2.351124010057056779e+01 2.276741690747380531e+01 9.500000000000000000e+01
2.391156371156984406e+01 2.278899575811748335e+01 9.500000000000000000e+01
2.431143147400446480e+01 2.281068638656181946e+01 9.500000000000000000e+01
2.471082807509577250e+01 2.283249183621535039e+01 9.500000000000000000e+01
2.510973794577468965e+01 2.285441519634268914e+01 9.500000000000000000e+01
2.550814525209697337e+01 2.287645960322658567e+01 9.500000000000000000e+01
2.590603388644444749e+01 2.289862824134309705e+01 9.500000000000000000e+01
2.630338745850429660e+01 2.292092434454925964e+01 9.500000000000000000e+01
2.670018928602098640e+01 2.294335119728277306e+01 9.500000000000000000e+01
2.709642238531390035e+01 2.296591213577311663e+01 9.500000000000000000e+01
2.749206946155339537e+01 2.298861054926307190e+01 9.500000000000000000e+01
2.788711289878975563e+01 2.301144988124011093e+01 9.500000000000000000e+01
2.828153474972672399e+01 2.303443363067646743e+01 9.500000000000000000e+01
2.867531672523404751e+01 2.305756535327691381e+01 9.500000000000000000e+01
2.906844018359159776e+01 2.308084866273298985e+01 9.500000000000000000e+01
2.946088611945766189e+01 2.310428723198234380e+01 9.500000000000000000e+01
2.985263515255572031e+01 2.312788479447170786e+01 9.500000000000000000e+01
3.024366751607134773e+01 2.315164514542184193e+01 9.500000000000000000e+01
3.063396304475357113e+01 2.317557214309264069e+01 9.500000000000000000e+01
3.102350116271323799e+01 2.319966971004635070e+01 9.500000000000000000e+01
3.141226087091164842e+01 2.322394183440678717e+01 9.500000000000000000e+01
3.180022073433314134e+01 2.324839257111204205e+01 9.500000000000000000e+01
3.218735886883498409e+01 2.327302604315813284e+01 9.500000000000000000e+01
3.257365292766797182e+01 2.329784644283063955e+01 9.500000000000000000e+01
3.295908008766226516e+01 2.332285803292127468e+01 9.500000000000000000e+01
3.334361703507180863e+01 2.334806514792591869e+01 9.500000000000000000e+01
3.372723995107233463e+01 2.337347219522042963e+01 9.500000000000000000e+01
3.410992449690775175e+01 2.339908365621024799e+01 9.500000000000000000e+01
3.449164579867910163e+01 2.342490408744937724e+01 9.500000000000000000e+01
3.487237843177350527e+01 2.345093812172412839e+01 9.500000000000000000e+01
3.525209640492705176e+01 2.347719046909642771e+01 9.500000000000000000e+01
3.563077314391999550e+01 2.350366591790129789e+01 9.500000000000000000e+01
3.600838147490095764e+01 2.353036933569255140e+01 9.500000000000000000e+01
3.638489360733794342e+01 2.355730567013028320e+01 9.500000000000000000e+01
3.676028111659582009e+01 2.358447994980342344e+01 9.500000000000000000e+01
3.713451492613891958e+01 2.361189728497982543e+01 9.500000000000000000e+01
3.750756528936108225e+01 2.363956286827617603e+01 9.500000000000000000e+01
3.787940177104381689e+01 2.366748197523905262e+01 9.500000000000000000e+01
3.824999322844615079e+01 2.369565996482822001e+01 9.500000000000000000e+01
3.861930779203117226e+01 2.372410227979235842e+01 9.500000000000000000e+01
3.898731284583492140e+01 2.375281444692690158e+01 9.500000000000000000e+01
3.935397500748508293e+01 2.378180207720289019e+01 9.500000000000000000e+01
3.971926010788000383e+01 2.381107086575502763e+01 9.500000000000000000e+01
4.008313317053835334e+01 2.384062659171641485e+01 9.500000000000000000e+01
4.044555839063406921e+01 2.387047511788651377e+01 9.500000000000000000e+01
4.080649911373234318e+01 2.390062239021823132e+01 9.500000000000000000e+01
4.116591781424477858e+01 2.393107443710894700e+01 9.500000000000000000e+01
4.152377607362611656e+01 2.396183736847962464e+01 9.500000000000000000e+01
4.188003455833575828e+01 2.400000000000000000e+01 9.500000000000000000e+01
