-3.538614956074974316e+01 0.000000000000000000e+00 9.000000000000000000e+01
-3.503161345879176025e+01 5.479267151145936210e-02 9.000000000000000000e+01
-3.467556345482583424e+01 8.331072542741427278e-02 9.000000000000000000e+01
-3.431803236310864946e+01 1.115841051222510316e-01 9.000000000000000000e+01
-3.395905234306717801e+01 1.396171386973545092e-01 9.000000000000000000e+01
-3.359865491257857428e+01 1.674141119578466119e-01 9.000000000000000000e+01
-3.323687096119060413e+01 1.949792675442617584e-01 9.000000000000000000e+01
-3.287373076326596788e+01 2.223168041855711208e-01 9.000000000000000000e+01
-3.250926399103612852e+01 2.494308760662124203e-01 9.000000000000000000e+01
-3.214349972755125151e+01 2.763255923000517700e-01 9.000000000000000000e+01
-3.177646647951431191e+01 3.030050165045393706e-01 9.000000000000000000e+01
-3.140819218998866447e+01 3.294731664687072792e-01 9.000000000000000000e+01
-3.103870425096976504e+01 3.557340139088208120e-01 9.000000000000000000e+01
-3.066802951581199466e+01 3.817914843059809771e-01 9.000000000000000000e+01
-3.029619431150419828e+01 4.076494568200736968e-01 9.000000000000000000e+01
-2.992322445078625037e+01 4.333117642749310106e-01 9.000000000000000000e+01
-2.954914524410181187e+01 4.587821932096869948e-01 9.000000000000000000e+01
-2.917398151138252160e+01 4.840644839916295461e-01 9.000000000000000000e+01
-2.879775759365888277e+01 5.091623309861774693e-01 9.000000000000000000e+01
-2.842049736449555652e+01 5.340793827796903592e-01 9.000000000000000000e+01
-2.804222424124728974e+01 5.588192424512238299e-01 9.000000000000000000e+01
-2.766296119613388527e+01 5.833854678894579981e-01 9.000000000000000000e+01
-2.728273076713314182e+01 6.077815721512398461e-01 9.000000000000000000e+01
-2.690155506868973490e+01 6.320110238584812912e-01 9.000000000000000000e+01
-2.651945580224005283e+01 6.560772476302435541e-01 9.000000000000000000e+01
-2.613645426655303794e+01 6.799836245470424201e-01 9.000000000000000000e+01
-2.575257136788643209e+01 7.037334926446895400e-01 9.000000000000000000e+01
-2.536782762996020324e+01 7.273301474349799234e-01 9.000000000000000000e+01
-2.498224320374697527e+01 7.507768424508624028e-01 9.000000000000000000e+01
-2.459583787708110592e+01 7.740767898138009029e-01 9.000000000000000000e+01
-2.420863108408845221e+01 7.972331608211453702e-01 9.000000000000000000e+01
-2.382064191443723544e+01 8.202490865515890128e-01 9.000000000000000000e+01
-2.343188912241342692e+01 8.431276584867860580e-01 9.000000000000000000e+01
-2.304239113582174525e+01 8.658719291474156199e-01 9.000000000000000000e+01
-2.265216606471485505e+01 8.884849127421002857e-01 9.000000000000000000e+01
-2.226123170995365896e+01 9.109695858275824731e-01 9.000000000000000000e+01
-2.186960557160052687e+01 9.333288879788693704e-01 9.000000000000000000e+01
-2.147730485714900439e+01 9.555657224679272588e-01 9.000000000000000000e+01
-2.108434648959223168e+01 9.776829569498055594e-01 9.000000000000000000e+01
-2.069074711533312794e+01 9.996834241550260902e-01 9.000000000000000000e+01
-2.029652311193981618e+01 1.021569922587189705e+00 9.000000000000000000e+01
-1.990169059574875376e+01 1.043345217224888488e+00 9.000000000000000000e+01
-1.950626542931881957e+01 1.065012040226998247e+00 9.000000000000000000e+01
-1.911026322874023364e+01 1.086573091640553379e+00 9.000000000000000000e+01
-1.871369937080042334e+01 1.108031040110478926e+00 9.000000000000000000e+01
-1.831658900001112400e+01 1.129388523590459714e+00 9.000000000000000000e+01
-1.791894703549938228e+01 1.150648150054354835e+00 9.000000000000000000e+01
-1.752078817776579811e+01 1.171812498207587261e+00 9.000000000000000000e+01
-1.712212691531394881e+01 1.192884118197958587e+00 9.000000000000000000e+01
-1.672297753115325136e+01 1.213865532325482777e+00 9.000000000000000000e+01
-1.632335410917961838e+01 1.234759235750750861e+00 9.000000000000000000e+01
-1.592327054043667722e+01 1.255567697201499300e+00 9.000000000000000000e+01
-1.552274052926065018e+01 1.276293359677036943e+00 9.000000000000000000e+01
-1.512177759931312160e+01 1.296938641150195748e+00 9.000000000000000000e+01
-1.472039509950363723e+01 1.317505935266602091e+00 9.000000000000000000e+01
-1.431860620980679322e+01 1.337997612040974671e+00 9.000000000000000000e+01
-1.391642394697587015e+01 1.358416018550307358e+00 9.000000000000000000e+01
-1.351386117015691291e+01 1.378763479623738686e+00 9.000000000000000000e+01
-1.311093058640646980e+01 1.399042298528955897e+00 9.000000000000000000e+01
-1.270764475611572841e+01 1.419254757655046939e+00 9.000000000000000000e+01
-1.230401609834443910e+01 1.439403119191701830e+00 9.000000000000000000e+01
-1.190005689606803152e+01 1.459489625804660795e+00 9.000000000000000000e+01
-1.149577930134019255e+01 1.479516501307417409e+00 9.000000000000000000e+01
-1.109119534037520438e+01 1.499485951329085021e+00 9.000000000000000000e+01
-1.068631691855168953e+01 1.519400163978477103e+00 9.000000000000000000e+01
-1.028115582534170613e+01 1.539261310504364433e+00 9.000000000000000000e+01
-9.875723739168071447e+00 1.559071545951934201e+00 9.000000000000000000e+01
-9.470032232192247434e+00 1.578833009815518773e+00 9.000000000000000000e+01
-9.064092775036481697e+00 1.598547826687613194e+00 9.000000000000000000e+01
-8.657916741442571507e+00 1.618218106904247389e+00 9.000000000000000000e+01
-8.251515412870082500e+00 1.637845947186821860e+00 9.000000000000000000e+01
-7.844899983037373126e+00 1.657433431280434188e+00 9.000000000000000000e+01
-7.438081562407565350e+00 1.676982630588841561e+00 9.000000000000000000e+01
-7.031071182622461890e+00 1.696495604806163904e+00 9.000000000000000000e+01
-6.623879800887613634e+00 1.715974402545387134e+00 9.000000000000000000e+01
-6.216518304310262089e+00 1.735421061963868583e+00 9.000000000000000000e+01
-5.808997514194022216e+00 1.754837611385901219e+00 9.000000000000000000e+01
-5.401328190292004727e+00 1.774226069922528293e+00 9.000000000000000000e+01
-4.993521035021376342e+00 1.793588448088715426e+00 9.000000000000000000e+01
-4.585586697642458631e+00 1.812926748418039358e+00 9.000000000000000000e+01
-4.177535778403909994e+00 1.832242966075064983e+00 9.000000000000000000e+01
-3.769378832657793499e+00 1.851539089465523480e+00 9.000000000000000000e+01
-3.361126374946147521e+00 1.870817100844511138e+00 9.000000000000000000e+01
-2.952788883061941316e+00 1.890078976922838772e+00 9.000000000000000000e+01
-2.544376802087418454e+00 1.909326689471692484e+00 9.000000000000000000e+01
-2.135900548411327371e+00 1.928562205925828277e+00 9.000000000000000000e+01
-1.727370513728768930e+00 1.947787489985413290e+00 9.000000000000000000e+01
-1.318797069025156476e+00 1.967004502216736839e+00 9.000000000000000000e+01
-9.101905685471848306e-01 1.986215200651966661e+00 9.000000000000000000e+01
-5.015613537636854913e-01 2.005421541388098916e+00 9.000000000000000000e+01
-9.291975731808871375e-02 2.024625479185317989e+00 9.000000000000000000e+01
3.157238930246388797e-01 2.043828968064958396e+00 9.000000000000000000e+01
7.243592704337009636e-01 2.063033961907197789e+00 9.000000000000000000e+01
1.132976045069382209e+00 2.082242415048736639e+00 9.000000000000000000e+01
1.541563880137440945e+00 2.101456282880596937e+00 9.000000000000000000e+01
1.950112427939562743e+00 2.120677522446251739e+00 9.000000000000000000e+01
2.358611325916946555e+00 2.139908093040263193e+00 9.000000000000000000e+01
2.767050192684173293e+00 2.159149956807600912e+00 9.000000000000000000e+01
3.175418624051880023e+00 2.178405079343846307e+00 9.000000000000000000e+01
3.583706189034486123e+00 2.197675430296443189e+00 9.000000000000000000e+01
3.991902425841560742e+00 2.216962983967171841e+00 9.000000000000000000e+01
4.399996837849832865e+00 2.236269719916064158e+00 9.000000000000000000e+01
4.807978889552980029e+00 2.255597623566850451e+00 9.000000000000000000e+01
5.215838002487634739e+00 2.274948686814217247e+00 9.000000000000000000e+01
5.623563551131859128e+00 2.294324908632940918e+00 9.000000000000000000e+01
6.031144858774528217e+00 2.313728295689125414e+00 9.000000000000000000e+01
6.438571193352662370e+00 2.333160862953709280e+00 9.000000000000000000e+01
6.845831763253693580e+00 2.352624634318324137e+00 9.000000000000000000e+01
7.252915713080832383e+00 2.372121643213751518e+00 9.000000000000000000e+01
7.659812119378510253e+00 2.391653933231067342e+00 9.000000000000000000e+01
8.066509986314825298e+00 2.411223558745595685e+00 9.000000000000000000e+01
8.472998241319315227e+00 2.430832585543880597e+00 9.000000000000000000e+01
8.879265730672202039e+00 2.450483091453699469e+00 9.000000000000000000e+01
9.285301215043276102e+00 2.470177166977336913e+00 9.000000000000000000e+01
9.691093364977382052e+00 2.489916915928153784e+00 9.000000000000000000e+01
1.009663075632325224e+01 2.509704456070581013e+00 9.000000000000000000e+01
1.050190186560388028e+01 2.529541919763637292e+00 9.000000000000000000e+01
1.090689506532439879e+01 2.549431454608023895e+00 9.000000000000000000e+01
1.131159861921572940e+01 2.569375224096897004e+00 9.000000000000000000e+01
1.171600067741042928e+01 2.589375408270352175e+00 9.000000000000000000e+01
1.212008927154770888e+01 2.609434204373649813e+00 9.000000000000000000e+01
1.252385230980544861e+01 2.629553827519264253e+00 9.000000000000000000e+01
1.292727757185523707e+01 2.649736511352708934e+00 9.000000000000000000e+01
1.333035270373814285e+01 2.669984508722154981e+00 9.000000000000000000e+01
1.373306521265810609e+01 2.690300092351861849e+00 9.000000000000000000e+01
1.413540246168928149e+01 2.710685555519311229e+00 9.000000000000000000e+01
1.453735166439496140e+01 2.731143212736027337e+00 9.000000000000000000e+01
1.493889987935478736e+01 2.751675400432010754e+00 9.000000000000000000e+01
1.534003400459645228e+01 2.772284477643638390e+00 9.000000000000000000e+01
1.574074077192993393e+01 2.792972826704947398e+00 9.000000000000000000e+01
1.614100674117956302e+01 2.813742853942104549e+00 9.000000000000000000e+01
1.654081829431213180e+01 2.834596990370910508e+00 9.000000000000000000e+01
1.694016162945693083e+01 2.855537692397110305e+00 9.000000000000000000e+01
1.733902275481431232e+01 2.876567442519234685e+00 9.000000000000000000e+01
1.773738748245055064e+01 2.897688750033757366e+00 9.000000000000000000e+01
1.813524142197414690e+01 2.918904151742168551e+00 9.000000000000000000e+01
1.853256997409177131e+01 2.940216212659672035e+00 9.000000000000000000e+01
1.892935832403977159e+01 2.961627526725072901e+00 9.000000000000000000e+01
1.932559143488753151e+01 2.983140717511394424e+00 9.000000000000000000e+01
1.972125404071059052e+01 3.004758438936793841e+00 9.000000000000000000e+01
2.011633063962888457e+01 3.026483375975145496e+00 9.000000000000000000e+01
2.051080548670777404e+01 3.048318245365782442e+00 9.000000000000000000e+01
2.090466258671828470e+01 3.070265796321670848e+00 9.000000000000000000e+01
2.129788568675290961e+01 3.092328811235340869e+00 9.000000000000000000e+01
2.169045826869447069e+01 3.114510106381783938e+00 9.000000000000000000e+01
2.208236354153462599e+01 3.136812532617469174e+00 9.000000000000000000e+01
2.247358443353833835e+01 3.159238976074533856e+00 9.000000000000000000e+01
2.286410358425242606e+01 3.181792358849205637e+00 9.000000000000000000e+01
2.325390333635390405e+01 3.204475639683291632e+00 9.000000000000000000e+01
2.364296572733634250e+01 3.227291814637645473e+00 9.000000000000000000e+01
2.403127248103099944e+01 3.250243917756318712e+00 9.000000000000000000e+01
2.441880499895971823e+01 3.273335021720008342e+00 9.000000000000000000e+01
2.480554435151785597e+01 3.296568238487406877e+00 9.000000000000000000e+01
2.519147126898405631e+01 3.319946719922822975e+00 9.000000000000000000e+01
2.557656613235526777e+01 3.343473658408417037e+00 9.000000000000000000e+01
2.596080896400475879e+01 3.367152287439274527e+00 9.000000000000000000e+01
2.634417941816083086e+01 3.390985882199293311e+00 9.000000000000000000e+01
2.672665677120575722e+01 3.414977760115927907e+00 9.000000000000000000e+01
2.710821991179232882e+01 3.439131281391495598e+00 9.000000000000000000e+01
2.748884733077783338e+01 3.463449849508722256e+00 9.000000000000000000e+01
2.786851711097458306e+01 3.487936911708008569e+00 9.000000000000000000e+01
2.824720691671607398e+01 3.512595959433708170e+00 9.000000000000000000e+01
2.862489398323937806e+01 3.537430528746589253e+00 9.000000000000000000e+01
2.900155510588405505e+01 3.562444200699437680e+00 9.000000000000000000e+01
2.937716662910766274e+01 3.587640601672521079e+00 9.000000000000000000e+01
2.975170443532056908e+01 3.613023403665575284e+00 9.000000000000000000e+01
3.012514393354041431e+01 3.638596324542571647e+00 9.000000000000000000e+01
3.049746004786961251e+01 3.664363128225473165e+00 9.000000000000000000e+01
3.086862720579887664e+01 3.690327624832888009e+00 9.000000000000000000e+01
3.123861932633976934e+01 3.716493670759235535e+00 9.000000000000000000e+01
3.160740980799163680e+01 3.742865168689939459e+00 9.000000000000000000e+01
3.197497151654750169e+01 3.769446067547736146e+00 9.000000000000000000e+01
3.234127677274523904e+01 3.796240362365056686e+00 9.000000000000000000e+01
3.270629733977122555e+01 3.823252094077092877e+00 9.000000000000000000e+01
3.307000441062378115e+01 3.850485349229845866e+00 9.000000000000000000e+01
3.343236859534639649e+01 3.877944259597287502e+00 9.000000000000000000e+01
3.379335990813984125e+01 3.905633001701276807e+00 9.000000000000000000e+01
3.415294775436533570e+01 3.933555796227720780e+00 9.000000000000000000e+01
3.451110091745126596e+01 3.961716907332089477e+00 9.000000000000000000e+01
3.486778754571678718e+01 3.990120641826973902e+00 9.000000000000000000e+01
3.522297513912894829e+01 4.018771348244269070e+00 9.000000000000000000e+01
3.557663053600963110e+01 4.047673415763962446e+00 9.000000000000000000e+01
3.592871989971099111e+01 4.076831273001323197e+00 9.000000000000000000e+01
3.627920870528058828e+01 4.106249386643938237e+00 9.000000000000000000e+01
3.662806172613758804e+01 4.135932259929581356e+00 9.000000000000000000e+01
3.697524302078537772e+01 4.165884430955681061e+00 9.000000000000000000e+01
3.732071591958651879e+01 4.196110470810726412e+00 9.000000000000000000e+01
3.766444301162849229e+01 4.226614981517602843e+00 9.000000000000000000e+01
3.800638613171204128e+01 4.257402593778587097e+00 9.000000000000000000e+01
3.834650634749461062e+01 4.288477964511292484e+00 9.000000000000000000e+01
3.868476394682565456e+01 4.319845774164646102e+00 9.000000000000000000e+01
3.902111842531243013e+01 4.351510723803620806e+00 9.000000000000000000e+01
3.935552847415718958e+01 4.383477531951146311e+00 9.000000000000000000e+01
3.968795196831160155e+01 4.415750931175466576e+00 9.000000000000000000e+01
4.001834595499448000e+01 4.448335664410845602e+00 9.000000000000000000e+01
4.034666664262483238e+01 4.481236480999455374e+00 9.000000000000000000e+01
4.067286939022392289e+01 4.514458132442083382e+00 9.000000000000000000e+01
4.099690869734354237e+01 4.548005367845105340e+00 9.000000000000000000e+01
4.131873819458218833e+01 4.581882929051287690e+00 9.000000000000000000e+01
4.163831063475360139e+01 4.616095545441849524e+00 9.000000000000000000e+01
4.195557788477591998e+01 4.650647928397266817e+00 9.000000000000000000e+01
4.227049091835408490e+01 4.685544765404635825e+00 9.000000000000000000e+01
4.258299980953133002e+01 4.720790713799333460e+00 9.000000000000000000e+01
4.289305372719001497e+01 4.756390394129357269e+00 9.000000000000000000e+01
4.320060093058579298e+01 4.792348383130901723e+00 9.000000000000000000e+01
4.350558876600263858e+01 4.828669206304342154e+00 9.000000000000000000e+01
4.380796366462153912e+01 4.865357330080511744e+00 9.000000000000000000e+01
4.410767114169766501e+01 4.902417153567787622e+00 9.000000000000000000e+01
4.440465579714639688e+01 4.939852999871598982e+00 9.000000000000000000e+01
4.469886131764150861e+01 4.977669106978897418e+00 9.000000000000000000e+01
4.499023048033167527e+01 5.015869618201437063e+00 9.000000000000000000e+01
4.527870515828707454e+01 5.054458572173155417e+00 9.000000000000000000e+01
4.556422632778820514e+01 5.093439892398430757e+00 9.000000000000000000e+01
4.584673407757441055e+01 5.132817376349930072e+00 9.000000000000000000e+01
4.612616762017034233e+01 5.172594684116661234e+00 9.000000000000000000e+01
4.640246530541205061e+01 5.212775326605020076e+00 9.000000000000000000e+01
4.667556463629518504e+01 5.253362653298214724e+00 9.000000000000000000e+01
4.694540228726973652e+01 5.294359839581950666e+00 9.000000000000000000e+01
4.721191412510565044e+01 5.335769873647168815e+00 9.000000000000000000e+01
4.747503523245449486e+01 5.377595542983931942e+00 9.000000000000000000e+01
4.773469993423038460e+01 5.419839420483624437e+00 9.000000000000000000e+01
4.799084182693334100e+01 5.462503850170575603e+00 9.000000000000000000e+01
4.824339381103453661e+01 5.505590932587760555e+00 9.000000000000000000e+01
4.849228812653972653e+01 5.549102509865459609e+00 9.000000000000000000e+01
4.873745639184386391e+01 5.593040150506033648e+00 9.000000000000000000e+01
4.897882964598217370e+01 5.637405133922349876e+00 9.000000000000000000e+01
4.921633839437871671e+01 5.682198434772152140e+00 9.000000000000000000e+01
4.944991265818317316e+01 5.727420707135474132e+00 9.000000000000000000e+01
4.967948202727905027e+01 5.773072268587012168e+00 9.000000000000000000e+01
4.990497571703432556e+01 5.819153084220676675e+00 9.000000000000000000e+01
5.012632262885442458e+01 5.865662750688302118e+00 9.000000000000000000e+01
5.034345141458334894e+01 5.912600480319915697e+00 9.000000000000000000e+01
5.055629054478298912e+01 5.959965085397867846e+00 9.000000000000000000e+01
5.076476838090497523e+01 6.007754962662061438e+00 9.000000000000000000e+01
5.096881325135016283e+01 6.055968078128538323e+00 9.000000000000000000e+01
5.116835353139164511e+01 6.104601952308086332e+00 9.000000000000000000e+01
5.136331772691497832e+01 6.153653645915907688e+00 9.000000000000000000e+01
5.155363456190806914e+01 6.203119746167413240e+00 9.000000000000000000e+01
5.173923306960644197e+01 6.252996353758542014e+00 9.000000000000000000e+01
5.192004268717724358e+01 6.303279070632139991e+00 9.000000000000000000e+01
5.209599335379601825e+01 6.353962988634218156e+00 9.000000000000000000e+01
5.226701561194423817e+01 6.405042679165502406e+00 9.000000000000000000e+01
5.243304071172667591e+01 6.456512183934792759e+00 9.000000000000000000e+01
5.259400071797870169e+01 6.508365006920423745e+00 9.000000000000000000e+01
5.274982861990415017e+01 6.560594107645452588e+00 9.000000000000000000e+01
5.290045844295524091e+01 6.613191895870194514e+00 9.000000000000000000e+01
5.304582536263593795e+01 6.666150227802699391e+00 9.000000000000000000e+01
5.318586581988266460e+01 6.719460403923934955e+00 9.000000000000000000e+01
5.332051763764636831e+01 6.773113168518866800e+00 9.000000000000000000e+01
5.344972013827534596e+01 6.827098710998553699e+00 9.000000000000000000e+01
5.357341426127084105e+01 6.881406669090530670e+00 9.000000000000000000e+01
5.369154268096545479e+01 6.936026133965977003e+00 9.000000000000000000e+01
5.380404992365262018e+01 6.990945657362351184e+00 9.000000000000000000e+01
5.391088248367683633e+01 7.046153260748876157e+00 9.000000000000000000e+01
5.401198893797926104e+01 7.101636446570134709e+00 9.000000000000000000e+01
5.410732005858042015e+01 7.157382211590037180e+00 9.000000000000000000e+01
5.419682892247358552e+01 7.213377062344084933e+00 9.000000000000000000e+01
5.428047101839794664e+01 7.269607032693395254e+00 9.000000000000000000e+01
5.435820434995942207e+01 7.326057703458306314e+00 9.000000000000000000e+01
5.442998953457146172e+01 7.382714224093513522e+00 9.000000000000000000e+01
5.449578989769667459e+01 7.439561336350824838e+00 9.000000000000000000e+01
5.455557156188231005e+01 7.496583399858913310e+00 9.000000000000000000e+01
5.460930353010149219e+01 7.553764419533830043e+00 9.000000000000000000e+01
5.465695776293314623e+01 7.611088074717842211e+00 9.000000000000000000e+01
5.469850924914175039e+01 7.668537749929040359e+00 9.000000000000000000e+01
5.473393606924775412e+01 7.726096567089681955e+00 9.000000000000000000e+01
5.476321945171666528e+01 7.783747419087435837e+00 9.000000000000000000e+01
5.478634382143242476e+01 7.841473004511456679e+00 9.000000000000000000e+01
5.480329684016462721e+01 7.899255863393933375e+00 9.000000000000000000e+01
5.481406943878465654e+01 7.957078413778110537e+00 9.000000000000000000e+01
5.481865584103448441e+01 8.014922988925929914e+00 9.000000000000000000e+01
5.481865584103448441e+01 8.014922988925929914e+00 9.000000000000000000e+01
5.481705357870190198e+01 8.072771874972001882e+00 9.000000000000000000e+01
5.480926349810995646e+01 8.130607348826337955e+00 9.000000000000000000e+01
5.479528975787953016e+01 8.188411716125887807e+00 9.000000000000000000e+01
5.477513981797954301e+01 8.246167349034271510e+00 9.000000000000000000e+01
5.474882442013198158e+01 8.303856723690758557e+00 9.000000000000000000e+01
5.471635755969217030e+01 8.361462457112947888e+00 9.000000000000000000e+01
5.467775644917595912e+01 8.418967343362831812e+00 9.000000000000000000e+01
5.463304147365574437e+01 8.476354388793309269e+00 9.000000000000000000e+01
5.458223613829390075e+01 8.533606846200841645e+00 9.000000000000000000e+01
5.452536700832680339e+01 8.590708247720593604e+00 9.000000000000000000e+01
5.446246364185381594e+01 8.647642436312024117e+00 9.000000000000000000e+01
5.439355851582281076e+01 8.704393595696151564e+00 9.000000000000000000e+01
5.431868694563705446e+01 8.760946278619750061e+00 9.000000000000000000e+01
5.423788699883728270e+01 8.817285433336587985e+00 9.000000000000000000e+01
5.415119940333769932e+01 8.873396428211636433e+00 9.000000000000000000e+01
5.405866745071383406e+01 8.929265074369901356e+00 9.000000000000000000e+01
5.396033689505636488e+01 8.984877646327937839e+00 9.000000000000000000e+01
5.385625584791506526e+01 9.040220900562228934e+00 9.000000000000000000e+01
5.374647466986296962e+01 9.095282091984678630e+00 9.000000000000000000e+01
5.363104585921308143e+01 9.150048988311054288e+00 9.000000000000000000e+01
5.351002393841690719e+01 9.204509882323417713e+00 9.000000000000000000e+01
5.338346533866694443e+01 9.258653602041940545e+00 9.000000000000000000e+01
5.325142828321575195e+01 9.312469518835117199e+00 9.000000000000000000e+01
5.311397266990937283e+01 9.365947553510045154e+00 9.000000000000000000e+01
5.297115995341628292e+01 9.419078180436123660e+00 9.000000000000000000e+01
5.282305302761259469e+01 9.471852429765936776e+00 9.000000000000000000e+01
5.266971610856288066e+01 9.524261887826574124e+00 9.000000000000000000e+01
5.251121461851010253e+01 9.576298695762828217e+00 9.000000000000000000e+01
5.234761507126329150e+01 9.627955546520622576e+00 9.000000000000000000e+01
5.217898495934352354e+01 9.679225680264911702e+00 9.000000000000000000e+01
5.200539264322038946e+01 9.730102878330871619e+00 9.000000000000000000e+01
5.182690724294195661e+01 9.780581455810740010e+00 9.000000000000000000e+01
5.164359853243185938e+01 9.830656252881057711e+00 9.000000000000000000e+01
5.145553683669788114e+01 9.880322624976354717e+00 9.000000000000000000e+01
5.126279293216671107e+01 9.929576431915881685e+00 9.000000000000000000e+01
5.106543795033125122e+01 9.978414026089344802e+00 9.000000000000000000e+01
5.086354328486851273e+01 1.002683223980644200e+01 9.000000000000000000e+01
5.065718050235919634e+01 1.007482837191283487e+01 9.000000000000000000e+01
5.044642125671421695e+01 1.012240017377255441e+01 9.000000000000000000e+01
5.023133720738778862e+01 1.016954583471367712e+01 9.000000000000000000e+01
5.001199994143447469e+01 1.021626396703017825e+01 9.000000000000000000e+01
4.978848089944426647e+01 1.026255359062894179e+01 9.000000000000000000e+01
4.956085130536994399e+01 1.030841411740623847e+01 9.000000000000000000e+01
4.932918210024173788e+01 1.035384533543342833e+01 9.000000000000000000e+01
4.909354387974661194e+01 1.039884739302661742e+01 9.000000000000000000e+01
4.885400683563352686e+01 1.044342078277000496e+01 9.000000000000000000e+01
4.861064070089189926e+01 1.048756632555759971e+01 9.000000000000000000e+01
4.836351469863732433e+01 1.053128515471278703e+01 9.000000000000000000e+01
4.811269749462701384e+01 1.057457870024025404e+01 9.000000000000000000e+01
4.785825715331794328e+01 1.061744867325967689e+01 9.000000000000000000e+01
4.760026109737108868e+01 1.065989705066582083e+01 9.000000000000000000e+01
4.733877607049917202e+01 1.070192606005483960e+01 9.000000000000000000e+01
4.707386810354757500e+01 1.074353816495204939e+01 9.000000000000000000e+01
4.680560248369452125e+01 1.078473605037210881e+01 9.000000000000000000e+01
4.653404372665191602e+01 1.082552260873830363e+01 9.000000000000000000e+01
4.625925555174533343e+01 1.086590092618369852e+01 9.000000000000000000e+01
4.598130085975044778e+01 1.090587426925326042e+01 9.000000000000000000e+01
4.570024171336093843e+01 1.094544607202248265e+01 9.000000000000000000e+01
4.541613932016344535e+01 1.098461992364484097e+01 9.000000000000000000e+01
4.512905401799494598e+01 1.102339955633743784e+01 9.000000000000000000e+01
4.483904526255911094e+01 1.106178883381135059e+01 9.000000000000000000e+01
4.454617161717962404e+01 1.109979174015065517e+01 9.000000000000000000e+01
4.425049074457024290e+01 1.113741236914188626e+01 9.000000000000000000e+01
4.395205940050409765e+01 1.117465491405346256e+01 9.000000000000000000e+01
4.365093342926695641e+01 1.121152365786276306e+01 9.000000000000000000e+01
4.334716776078291645e+01 1.124802296392692291e+01 9.000000000000000000e+01
4.304081640930356656e+01 1.128415726709176425e+01 9.000000000000000000e+01
4.273193247355559521e+01 1.131993106523212411e+01 9.000000000000000000e+01
4.242056813824536476e+01 1.135534891121553791e+01 9.000000000000000000e+01
4.210677467682275932e+01 1.139041540528037366e+01 9.000000000000000000e+01
4.179060245541054996e+01 1.142513518781854742e+01 9.000000000000000000e+01
4.147210093780931572e+01 1.145951293255233416e+01 9.000000000000000000e+01
4.115131869149186628e+01 1.149355334009413809e+01 9.000000000000000000e+01
4.082830339450563173e+01 1.152726113187764589e+01 9.000000000000000000e+01
4.050310184320436946e+01 1.156064104444840090e+01 9.000000000000000000e+01
4.017575996073569655e+01 1.159369782410163197e+01 9.000000000000000000e+01
3.984632280621360678e+01 1.162643622185483139e+01 9.000000000000000000e+01
3.951483458450974240e+01 1.165886098874270438e+01 9.000000000000000000e+01
3.918133865660066562e+01 1.169097687142185471e+01 9.000000000000000000e+01
3.884587755041141577e+01 1.172278860807272416e+01 9.000000000000000000e+01
3.850849297210014299e+01 1.175430092458637610e+01 9.000000000000000000e+01
3.816922581773119560e+01 1.178551853102381486e+01 9.000000000000000000e+01
3.782811618528703690e+01 1.181644611833568703e+01 9.000000000000000000e+01
3.748520338697402821e+01 1.184708835533051641e+01 9.000000000000000000e+01
3.714052596177791088e+01 1.187744988587974504e+01 9.000000000000000000e+01
3.679412168822998552e+01 1.190753532634819223e+01 9.000000000000000000e+01
3.644602759734556230e+01 1.193734926323885226e+01 9.000000000000000000e+01
3.609627998570091734e+01 1.196689625104116850e+01 9.000000000000000000e+01
3.574491442861594237e+01 1.199618081027236194e+01 9.000000000000000000e+01
3.539196579341321325e+01 1.202520742570159840e+01 9.000000000000000000e+01
3.503746825272522614e+01 1.205398054474725988e+01 9.000000000000000000e+01
3.468145529782533032e+01 1.208250457603778294e+01 9.000000000000000000e+01
3.432395975195827020e+01 1.211078388812702933e+01 9.000000000000000000e+01
3.396501378364945367e+01 1.213882280835533223e+01 9.000000000000000000e+01
3.360464891997303738e+01 1.216662562184790453e+01 9.000000000000000000e+01
3.324289605976112938e+01 1.219419657064246287e+01 9.000000000000000000e+01
3.287978548673781631e+01 1.222153985293840961e+01 9.000000000000000000e+01
3.251534688256334960e+01 1.224865962246010653e+01 9.000000000000000000e+01
3.214960933977508972e+01 1.227555998792727543e+01 9.000000000000000000e+01
3.178260137461313306e+01 1.230224501262574321e+01 9.000000000000000000e+01
3.141435093972024717e+01 1.232871871407211550e+01 9.000000000000000000e+01
3.104488543670610312e+01 1.235498506376631411e+01 9.000000000000000000e+01
3.067423172856769398e+01 1.238104798702612719e+01 9.000000000000000000e+01
3.030241615195836147e+01 1.240691136289831142e+01 9.000000000000000000e+01
2.992946452929867363e+01 1.243257902414096172e+01 9.000000000000000000e+01
2.955540218072403391e+01 1.245805475727223488e+01 9.000000000000000000e+01
2.918025393586364302e+01 1.248334230268069511e+01 9.000000000000000000e+01
2.880404414544720382e+01 1.250844535479286179e+01 9.000000000000000000e+01
2.842679669273577403e+01 1.253336756229374771e+01 9.000000000000000000e+01
2.804853500477401695e+01 1.255811252839640701e+01 9.000000000000000000e+01
2.766928206346181440e+01 1.258268381115677848e+01 9.000000000000000000e+01
2.728906041644391323e+01 1.260708492383024115e+01 9.000000000000000000e+01
2.690789218781593206e+01 1.263131933526662642e+01 9.000000000000000000e+01
2.652579908864683134e+01 1.265539047034048004e+01 9.000000000000000000e+01
2.614280242731715731e+01 1.267930171041367515e+01 9.000000000000000000e+01
2.575892311967357529e+01 1.270305639382760710e+01 9.000000000000000000e+01
2.537418169900029241e+01 1.272665781642233718e+01 9.000000000000000000e+01
2.498859832580787099e+01 1.275010923208029823e+01 9.000000000000000000e+01
2.460219279744126908e+01 1.277341385329224899e+01 9.000000000000000000e+01
2.421498455750800716e+01 1.279657485174334397e+01 9.000000000000000000e+01
2.382699270512854284e+01 1.281959535891730795e+01 9.000000000000000000e+01
2.343823600401062635e+01 1.284247846671688187e+01 9.000000000000000000e+01
2.304873289134975067e+01 1.286522722809877806e+01 9.000000000000000000e+01
2.265850148655806251e+01 1.288784465772150156e+01 9.000000000000000000e+01
2.226755959982419952e+01 1.291033373260456862e+01 9.000000000000000000e+01
2.187592474050668301e+01 1.293269739279765673e+01 9.000000000000000000e+01
2.148361412536339898e+01 1.295493854205844997e+01 9.000000000000000000e+01
2.109064468662022307e+01 1.297706004853789885e+01 9.000000000000000000e+01
2.069703307988168817e+01 1.299906474547183066e+01 9.000000000000000000e+01
2.030279569188650868e+01 1.302095543187781246e+01 9.000000000000000000e+01
1.990794864811141451e+01 1.304273487325635905e+01 9.000000000000000000e+01
1.951250782022582797e+01 1.306440580229557824e+01 9.000000000000000000e+01
1.911648883340126304e+01 1.308597091957845038e+01 9.000000000000000000e+01
1.871990707347824312e+01 1.310743289429196246e+01 9.000000000000000000e+01
1.832277769399402700e+01 1.312879436493747498e+01 9.000000000000000000e+01
1.792511562307451811e+01 1.315005794004162176e+01 9.000000000000000000e+01
1.752693557019372150e+01 1.317122619886725055e+01 9.000000000000000000e+01
1.712825203280382524e+01 1.319230169212381121e+01 9.000000000000000000e+01
1.672907930283946243e+01 1.321328694267678827e+01 9.000000000000000000e+01
1.632943147309929088e+01 1.323418444625571944e+01 9.000000000000000000e+01
1.592932244350836868e+01 1.325499667216042532e+01 9.000000000000000000e+01
1.552876592726441984e+01 1.327572606396511468e+01 9.000000000000000000e+01
1.512777545687151814e+01 1.329637504022009509e+01 9.000000000000000000e+01
1.472636439006428510e+01 1.331694599515073918e+01 9.000000000000000000e+01
1.432454591562588142e+01 1.333744129935361755e+01 9.000000000000000000e+01
1.392233305910319530e+01 1.335786330048942716e+01 9.000000000000000000e+01
1.351973868842219950e+01 1.337821432397269561e+01 9.000000000000000000e+01
1.311677551940683095e+01 1.339849667365803576e+01 9.000000000000000000e+01
1.271345612120465951e+01 1.341871263252284052e+01 9.000000000000000000e+01
1.230979292162203187e+01 1.343886446334637697e+01 9.000000000000000000e+01
1.190579821237250613e+01 1.345895440938512344e+01 9.000000000000000000e+01
1.150148415424098047e+01 1.347898469504438701e+01 9.000000000000000000e+01
1.109686278216705624e+01 1.349895752654611236e+01 9.000000000000000000e+01
1.069194601025033897e+01 1.351887509259290177e+01 9.000000000000000000e+01
1.028674563668094599e+01 1.353873956502823539e+01 9.000000000000000000e+01
9.881273348597943595e+00 1.355855309949292220e+01 9.000000000000000000e+01
9.475540726878790565e+00 1.357831783607780274e+01 9.000000000000000000e+01
9.069559250862749167e+00 1.359803589997279083e+01 9.000000000000000000e+01
8.663340303010883758e+00 1.361770940211225422e+01 9.000000000000000000e+01
8.256895173505897745e+00 1.363734043981688693e+01 9.000000000000000000e+01
7.850235064794169659e+00 1.365693109743207856e+01 9.000000000000000000e+01
7.443371096073216009e+00 1.367648344696294238e+01 9.000000000000000000e+01
7.036314307727030481e+00 1.369599954870606950e+01 9.000000000000000000e+01
6.629075665712234056e+00 1.371548145187811940e+01 9.000000000000000000e+01
6.221666065897658804e+00 1.373493119524141370e+01 9.000000000000000000e+01
5.814096338359988181e+00 1.375435080772660612e+01 9.000000000000000000e+01
5.406377251638454062e+00 1.377374230905259544e+01 9.000000000000000000e+01
4.998519516950727493e+00 1.379310771034381133e+01 9.000000000000000000e+01
4.590533792373127753e+00 1.381244901474504694e+01 9.000000000000000000e+01
4.182430686987378188e+00 1.383176821803396273e+01 9.000000000000000000e+01
3.774220764996792266e+00 1.385106730923140894e+01 9.000000000000000000e+01
3.365914549814193801e+00 1.387034827120978875e+01 9.000000000000000000e+01
2.957522528124410854e+00 1.388961308129955263e+01 9.000000000000000000e+01
2.549055153923582839e+00 1.390886371189405146e+01 9.000000000000000000e+01
2.140522852538089271e+00 1.392810213105288675e+01 9.000000000000000000e+01
1.731936024625470916e+00 1.394733030310396416e+01 9.000000000000000000e+01
1.323305050159787166e+00 1.396655018924438529e+01 9.000000000000000000e+01
9.146402924041461269e-01 1.398576374814040157e+01 9.000000000000000000e+01
5.059521018725865460e-01 1.400497293652658826e+01 9.000000000000000000e+01
9.725082028411989599e-02 1.402417970980442519e+01 9.000000000000000000e+01
-3.114532154889099180e-01 1.404338602264046898e+01 9.000000000000000000e+01
-7.201496694753449779e-01 1.406259382956429249e+01 9.000000000000000000e+01
-1.128828202660456803e+00 1.408180508556640120e+01 9.000000000000000000e+01
-1.537478469039173845e+00 1.410102174669628994e+01 9.000000000000000000e+01
-1.946090111664935840e+00 1.412024577066081932e+01 9.000000000000000000e+01
-2.354652758691777592e+00 1.413947911742312158e+01 9.000000000000000000e+01
-2.763156019406916908e+00 1.415872374980220094e+01 9.000000000000000000e+01
-3.171589480251681969e+00 1.417798163407339906e+01 9.000000000000000000e+01
-3.579942700827931645e+00 1.419725474056995651e+01 9.000000000000000000e+01
-3.988205209887812686e+00 1.421654504428576971e+01 9.000000000000000000e+01
-4.396366501304024510e+00 1.423585452547960628e+01 9.000000000000000000e+01
-4.804416030018331618e+00 1.425518517028088361e+01 9.000000000000000000e+01
-5.212343207965580483e+00 1.427453897129722016e+01 9.000000000000000000e+01
-5.620137399970825065e+00 1.429391792822391416e+01 9.000000000000000000e+01
-6.027787919616890200e+00 1.431332404845552730e+01 9.000000000000000000e+01
-6.435284025079801573e+00 1.433275934769970483e+01 9.000000000000000000e+01
-6.842614914929622039e+00 1.435222585059342215e+01 9.000000000000000000e+01
-7.249769723893786377e+00 1.437172559132178051e+01 9.000000000000000000e+01
-7.656737518580661650e+00 1.439126061423953118e+01 9.000000000000000000e+01
-8.063507293160311562e+00 1.441083297449540801e+01 9.000000000000000000e+01
-8.470067965000094290e+00 1.443044473865948163e+01 9.000000000000000000e+01
-8.876408370252089952e+00 1.445009798535358136e+01 9.000000000000000000e+01
-9.282517259389955200e+00 1.446979480588496259e+01 9.000000000000000000e+01
-9.688383292692096305e+00 1.448953730488330116e+01 9.000000000000000000e+01
-1.009399503566869960e+01 1.450932760094110208e+01 9.000000000000000000e+01
-1.049934095442957904e+01 1.452916782725766431e+01 9.000000000000000000e+01
-1.090440941099006977e+01 1.454906013228660022e+01 9.000000000000000000e+01
-1.130918865851221611e+01 1.456900668038708702e+01 9.000000000000000000e+01
-1.171366683647811513e+01 1.458900965247878290e+01 9.000000000000000000e+01
-1.211783196579279576e+01 1.460907124670054635e+01 9.000000000000000000e+01
-1.252167194381336834e+01 1.462919367907297463e+01 9.000000000000000000e+01
-1.292517453930172699e+01 1.464937918416469032e+01 9.000000000000000000e+01
-1.332832738729757871e+01 1.466963001576249503e+01 9.000000000000000000e+01
-1.373111798390885951e+01 1.468994844754528906e+01 9.000000000000000000e+01
-1.413353368101657104e+01 1.471033677376173898e+01 9.000000000000000000e+01
-1.453556168089064649e+01 1.473079730991163672e+01 9.000000000000000000e+01
-1.493718903071400383e+01 1.475133239343085911e+01 9.000000000000000000e+01
-1.533840261701142715e+01 1.477194438437982704e+01 9.000000000000000000e+01
-1.573918915998027757e+01 1.479263566613536263e+01 9.000000000000000000e+01
-1.613953520771958239e+01 1.481340864608572083e+01 9.000000000000000000e+01
-1.653942713035458567e+01 1.483426575632867284e+01 9.000000000000000000e+01
-1.693885111405315413e+01 1.485520945437242268e+01 9.000000000000000000e+01
-1.733779315493100270e+01 1.487624222383903572e+01 9.000000000000000000e+01
-1.773623905284250668e+01 1.489736657517021357e+01 9.000000000000000000e+01
-1.813417440505350342e+01 1.491858504633499649e+01 9.000000000000000000e+01
-1.853158459979304595e+01 1.493990020353907688e+01 9.000000000000000000e+01
-1.892845480968069438e+01 1.496131464193532601e+01 9.000000000000000000e+01
-1.932476998502608367e+01 1.498283098633507571e+01 9.000000000000000000e+01
-1.972051484699719381e+01 1.500445189191965412e+01 9.000000000000000000e+01
-2.011567388065447304e+01 1.502618004495167447e+01 9.000000000000000000e+01
-2.051023132784711223e+01 1.504801816348540022e+01 9.000000000000000000e+01
-2.090417117996836538e+01 1.506996899807563040e+01 9.000000000000000000e+01
-2.129747717056664058e+01 1.509203533248428464e+01 9.000000000000000000e+01
-2.169013276780923505e+01 1.511421998438400571e+01 9.000000000000000000e+01
-2.208212116679547421e+01 1.513652580605785225e+01 9.000000000000000000e+01
-2.247342528171607867e+01 1.515895568509419178e+01 9.000000000000000000e+01
-2.286402773785569664e+01 1.518151254507578507e+01 9.000000000000000000e+01
-2.325391086343603320e+01 1.520419934626202441e+01 9.000000000000000000e+01
-2.364305668129607696e+01 1.522701908626305745e+01 9.000000000000000000e+01
-2.403144690040699061e+01 1.524997480070462252e+01 9.000000000000000000e+01
-2.441906290721914985e+01 1.527306956388221693e+01 9.000000000000000000e+01
-2.480588575683820807e+01 1.529630648940310955e+01 9.000000000000000000e+01
-2.519189616402868381e+01 1.531968873081463833e+01 9.000000000000000000e+01
-2.557707449404188438e+01 1.534321948221713150e+01 9.000000000000000000e+01
-2.596140075326695040e+01 1.536690197885961595e+01 9.000000000000000000e+01
-2.634485457970247779e+01 1.539073949771635519e+01 9.000000000000000000e+01
-2.672741523324799928e+01 1.541473535804222728e+01 9.000000000000000000e+01
-2.710906158581303771e+01 1.543889292190463003e+01 9.000000000000000000e+01
-2.748977211124321940e+01 1.546321559468963791e+01 9.000000000000000000e+01
-2.786952487506277976e+01 1.548770682557978873e+01 9.000000000000000000e+01
-2.824829752403261196e+01 1.551237010800092442e+01 9.000000000000000000e+01
-2.862606727552432417e+01 1.553720898003516737e+01 9.000000000000000000e+01
-2.900281090671032302e+01 1.556222702479693609e+01 9.000000000000000000e+01
-2.937850474357095010e+01 1.558742787076889869e+01 9.000000000000000000e+01
-2.975312464971979765e+01 1.561281519209429369e+01 9.000000000000000000e+01
-3.012664601504937067e+01 1.563839270882203714e+01 9.000000000000000000e+01
-3.049904374419917374e+01 1.566416418710076819e+01 9.000000000000000000e+01
-3.087029224484937728e+01 1.569013343931769811e+01 9.000000000000000000e+01
-3.124036541584402826e+01 1.571630432417792633e+01 9.000000000000000000e+01
-3.160923663514770610e+01 1.574268074671969586e+01 9.000000000000000000e+01
-3.197687874764156746e+01 1.576926665826072060e+01 9.000000000000000000e+01
-3.234326405276419791e+01 1.579606605627043869e+01 9.000000000000000000e+01
-3.270836429200474527e+01 1.582308298416289283e+01 9.000000000000000000e+01
-3.307215063625604046e+01 1.585032153100449115e+01 9.000000000000000000e+01
-3.343459367303691465e+01 1.587778583113074227e+01 9.000000000000000000e+01
-3.379566339359377025e+01 1.590548006366564948e+01 9.000000000000000000e+01
-3.415532917989283845e+01 1.593340845193720412e+01 9.000000000000000000e+01
-3.451355979151576747e+01 1.596157526278206618e+01 9.000000000000000000e+01
-3.487032335247252490e+01 1.598998480573220071e+01 9.000000000000000000e+01
-3.522558733794744512e+01 1.601864143207588498e+01 9.000000000000000000e+01
-3.557931856099498447e+01 1.604754953378522586e+01 9.000000000000000000e+01
-3.593148315920453939e+01 1.607671354230183169e+01 9.000000000000000000e+01
-3.628204658135428673e+01 1.610613792717213855e+01 9.000000000000000000e+01
-3.663097357407701793e+01 1.613582719452337244e+01 9.000000000000000000e+01
-3.697822816856185568e+01 1.616578588537087313e+01 9.000000000000000000e+01
-3.732377366731870438e+01 1.619601857374704323e+01 9.000000000000000000e+01
-3.766757263103396269e+01 1.622652986464209235e+01 9.000000000000000000e+01
-3.800958686554878341e+01 1.625732439174601751e+01 9.000000000000000000e+01
-3.834977740899298482e+01 1.628840681498136433e+01 9.000000000000000000e+01
-3.868810451911122072e+01 1.631978181781558490e+01 9.000000000000000000e+01
-3.902452766081981395e+01 1.635145410434192570e+01 9.000000000000000000e+01
-3.935900549403606874e+01 1.638342839611705060e+01 9.000000000000000000e+01
-3.969149586182486900e+01 1.641570942874383476e+01 9.000000000000000000e+01
-4.002195577890969957e+01 1.644830194818703362e+01 9.000000000000000000e+01
-4.035034142059947726e+01 1.648121070680977951e+01 9.000000000000000000e+01
-4.067660811218539152e+01 1.651444045911841130e+01 9.000000000000000000e+01
-4.100071031886491824e+01 1.654799595720322358e+01 9.000000000000000000e+01
-4.132260163625495153e+01 1.658188194586247377e+01 9.000000000000000000e+01
-4.164223478155800251e+01 1.661610315739722310e+01 9.000000000000000000e+01
-4.195956158545102710e+01 1.665066430606440306e+01 9.000000000000000000e+01
-4.227453298476825694e+01 1.668557008217591076e+01 9.000000000000000000e+01
-4.258709901605514858e+01 1.672082514583148338e+01 9.000000000000000000e+01
-4.289720881007314546e+01 1.675643412027368129e+01 9.000000000000000000e+01
-4.320481058733947322e+01 1.679240158485352197e+01 9.000000000000000000e+01
-4.350985165479029604e+01 1.682873206759601103e+01 9.000000000000000000e+01
-4.381227840365892234e+01 1.686543003735524948e+01 9.000000000000000000e+01
-4.411203630866556580e+01 1.690249989554989085e+01 9.000000000000000000e+01
-4.440906992861782498e+01 1.693994596747031167e+01 9.000000000000000000e+01
-4.470332290852620361e+01 1.697777249315014814e+01 9.000000000000000000e+01
-4.499473798334090446e+01 1.701598361779606705e+01 9.000000000000000000e+01
-4.528325698342135297e+01 1.705458338177097843e+01 9.000000000000000000e+01
-4.556882084185154724e+01 1.709357571012759180e+01 9.000000000000000000e+01
-4.585136960371804093e+01 1.713296440169087731e+01 9.000000000000000000e+01
-4.613084243746973101e+01 1.717275311769024526e+01 9.000000000000000000e+01
-4.640717764848075433e+01 1.721294536994411928e+01 9.000000000000000000e+01
-4.668031269493972957e+01 1.725354450860241684e+01 9.000000000000000000e+01
-4.695018420618928445e+01 1.729455370945471060e+01 9.000000000000000000e+01
-4.721672800364094513e+01 1.733597596081511938e+01 9.000000000000000000e+01
-4.747987912439031533e+01 1.737781404999783774e+01 9.000000000000000000e+01
-4.773957184765651363e+01 1.742007054940075861e+01 9.000000000000000000e+01
-4.799573972416828127e+01 1.746274780221814638e+01 9.000000000000000000e+01
-4.824831560861706947e+01 1.750584790780722955e+01 9.000000000000000000e+01
-4.849723169529359978e+01 1.754937270673770655e+01 9.000000000000000000e+01
-4.874241955702007800e+01 1.759332376555721211e+01 9.000000000000000000e+01
-4.898381018748470694e+01 1.763770236131064095e+01 9.000000000000000000e+01
-4.922133404707842885e+01 1.768250946585560612e+01 9.000000000000000000e+01
-4.945492111232546506e+01 1.772774573002115517e+01 9.000000000000000000e+01
-4.968450092899021087e+01 1.777341146766205426e+01 9.000000000000000000e+01
-4.991000266893215809e+01 1.781950663966570048e+01 9.000000000000000000e+01
-5.013135519076799085e+01 1.786603083797406200e+01 9.000000000000000000e+01
-5.034848710438695463e+01 1.791298326968804489e+01 9.000000000000000000e+01
-5.056132683934928451e+01 1.796036274132674393e+01 9.000000000000000000e+01
-5.076980271718171878e+01 1.800816764331913689e+01 9.000000000000000000e+01
-5.097384302756528740e+01 1.805639593481050298e+01 9.000000000000000000e+01
-5.117337610839023654e+01 1.810504512887054673e+01 9.000000000000000000e+01
-5.136833042963259288e+01 1.815411227819433293e+01 9.000000000000000000e+01
-5.155863468098271341e+01 1.820359396139135910e+01 9.000000000000000000e+01
-5.174421786313322258e+01 1.825348626996143508e+01 9.000000000000000000e+01
-5.192500938260677401e+01 1.830378479605888487e+01 9.000000000000000000e+01
-5.210093914997914766e+01 1.835448462114926116e+01 9.000000000000000000e+01
-5.227193768132372753e+01 1.840558030566413805e+01 9.000000000000000000e+01
-5.243793620267614841e+01 1.845706587976052049e+01 9.000000000000000000e+01
-5.259886675728861860e+01 1.850893483529154793e+01 9.000000000000000000e+01
-5.275466231541339113e+01 1.856118011909406462e+01 9.000000000000000000e+01
-5.290525688632619961e+01 1.861379412769687747e+01 9.000000000000000000e+01
-5.305058563227016322e+01 1.866676870355043150e+01 9.000000000000000000e+01
-5.319058498397292567e+01 1.872009513287464699e+01 9.000000000000000000e+01
-5.332519275736052577e+01 1.877376414521631531e+01 9.000000000000000000e+01
-5.345434827106567610e+01 1.882776591480096684e+01 9.000000000000000000e+01
-5.357799246430210616e+01 1.888209006375671350e+01 9.000000000000000000e+01
-5.369606801465378254e+01 1.893672566727836681e+01 9.000000000000000000e+01
-5.380851945530608305e+01 1.899166126079046890e+01 9.000000000000000000e+01
-5.391529329122783309e+01 1.904688484915652680e+01 9.000000000000000000e+01
-5.401633811379780781e+01 1.910238391796954360e+01 9.000000000000000000e+01
-5.411160471335639244e+01 1.915814544694587340e+01 9.000000000000000000e+01
-5.420104618915537742e+01 1.921415592543021589e+01 9.000000000000000000e+01
-5.428461805617386204e+01 1.927040137000476250e+01 9.000000000000000000e+01
-5.436227834826744498e+01 1.932686734418014396e+01 9.000000000000000000e+01
-5.443398771712293893e+01 1.938353898012985255e+01 9.000000000000000000e+01
-5.449970952649776734e+01 1.944040100241356228e+01 9.000000000000000000e+01
-5.455940994123804444e+01 1.949743775361876175e+01 9.000000000000000000e+01
-5.461305801058568932e+01 1.955463322183360475e+01 9.000000000000000000e+01
-5.466062574530807439e+01 1.961197106984843685e+01 9.000000000000000000e+01
-5.470208818821083696e+01 1.966943466596779544e+01 9.000000000000000000e+01
-5.473742347762518534e+01 1.972700711630044879e+01 9.000000000000000000e+01
-5.476661290349742472e+01 1.978467129838118765e+01 9.000000000000000000e+01
-5.478964095574701787e+01 1.984240989596577975e+01 9.000000000000000000e+01
-5.480649536460311566e+01 1.990020543482928161e+01 9.000000000000000000e+01
-5.481716713267528718e+01 1.995804031938834910e+01 9.000000000000000000e+01
-5.482165055856256686e+01 2.001589686996012674e+01 9.000000000000000000e+01
-5.481994325185637962e+01 2.007375736046409642e+01 9.000000000000000000e+01
-5.481204613944483839e+01 2.013160405636901373e+01 9.000000000000000000e+01
-5.479796346307954735e+01 2.018941925268446624e+01 9.000000000000000000e+01
-5.477770276821996731e+01 2.024718531179638958e+01 9.000000000000000000e+01
-5.475127488422394606e+01 2.030488470094709896e+01 9.000000000000000000e+01
-5.471869389600618661e+01 2.036250002916421309e+01 9.000000000000000000e+01
-5.467997710733767747e+01 2.042001408344809832e+01 9.000000000000000000e+01
-5.463514499600958629e+01 2.047740986403448105e+01 9.000000000000000000e+01
-5.458422116113101907e+01 2.053467061855826969e+01 9.000000000000000000e+01
-5.452723226287631775e+01 2.059177987495459661e+01 9.000000000000000000e+01
-5.446420795503654944e+01 2.064872147294524751e+01 9.000000000000000000e+01
-5.439518081076895584e+01 2.070547959397181970e+01 9.000000000000000000e+01
-5.432018624197020529e+01 2.076203878945085890e+01 9.000000000000000000e+01
-5.423926241272857851e+01 2.081838400724148386e+01 9.000000000000000000e+01
-5.415245014733517337e+01 2.087450061623144038e+01 9.000000000000000000e+01
-5.405979283335327068e+01 2.093037442896364553e+01 9.000000000000000000e+01
-5.396133632026070615e+01 2.098599172224146514e+01 9.000000000000000000e+01
-5.385712881419064502e+01 2.104133925566735641e+01 9.000000000000000000e+01
-5.374722076930191861e+01 2.109640428808525670e+01 9.000000000000000000e+01
-5.363166477631149576e+01 2.115117459191312577e+01 9.000000000000000000e+01
-5.351051544871948096e+01 2.120563846536685659e+01 9.000000000000000000e+01
-5.338382930724903019e+01 2.125978474259148143e+01 9.000000000000000000e+01
-5.325166466301459423e+01 2.131360280172892274e+01 9.000000000000000000e+01
-5.311408149991603267e+01 2.136708257096442765e+01 9.000000000000000000e+01
-5.297114135674060975e+01 2.142021453260526798e+01 9.000000000000000000e+01
-5.282290720943345264e+01 2.147298972525602778e+01 9.000000000000000000e+01
-5.266944335397554511e+01 2.152539974416389157e+01 9.000000000000000000e+01
-5.251081529028337513e+01 2.157743673981570254e+01 9.000000000000000000e+01
-5.234708960751803630e+01 2.162909341487558734e+01 9.000000000000000000e+01
-5.217833387116468202e+01 2.168036301955751455e+01 9.000000000000000000e+01
-5.200461651221368697e+01 2.173123934553191816e+01 9.000000000000000000e+01
-5.182600671874642728e+01 2.178171671846907387e+01 9.000000000000000000e+01
-5.164257433019925259e+01 2.183178998932397974e+01 9.000000000000000000e+01
-5.145438973454876219e+01 2.188145452446916295e+01 9.000000000000000000e+01
-5.126152376863310423e+01 2.193070619478209338e+01 9.000000000000000000e+01
-5.106404762179517576e+01 2.197954136379332368e+01 9.000000000000000000e+01
-5.086203274300483201e+01 2.202795687500018929e+01 9.000000000000000000e+01
-5.065555075159107901e+01 2.207595003844890869e+01 9.000000000000000000e+01
-5.044467335168844357e+01 2.212351861668505748e+01 9.000000000000000000e+01
-5.022947225047693820e+01 2.217066081016936963e+01 9.000000000000000000e+01
-5.001001908027218690e+01 2.221737524225174099e+01 9.000000000000000000e+01
-4.978638532449939902e+01 2.226366094379242355e+01 9.000000000000000000e+01
-4.955864224756465575e+01 2.230951733751476951e+01 9.000000000000000000e+01
-4.932686082861803101e+01 2.235494422216925869e+01 9.000000000000000000e+01
-4.909111169918543993e+01 2.239994175658340581e+01 9.000000000000000000e+01
-4.885146508462995740e+01 2.244451044366736525e+01 9.000000000000000000e+01
-4.860799074938917386e+01 2.248865111443979004e+01 9.000000000000000000e+01
-4.836075794592258603e+01 2.253236491213333537e+01 9.000000000000000000e+01
-4.810983536729042953e+01 2.257565327643433761e+01 9.000000000000000000e+01
-4.785529110327698277e+01 2.261851792790591631e+01 9.000000000000000000e+01
-4.759719259996146690e+01 2.266096085263905735e+01 9.000000000000000000e+01
-4.733560662263275276e+01 2.270298428717145711e+01 9.000000000000000000e+01
-4.707059922193825940e+01 2.274459070370927449e+01 9.000000000000000000e+01
-4.680223570315197890e+01 2.278578279568260001e+01 9.000000000000000000e+01
-4.653058059844315864e+01 2.282656346366128730e+01 9.000000000000000000e+01
-4.625569764202387546e+01 2.286693580165386663e+01 9.000000000000000000e+01
-4.597764974805231475e+01 2.290690308380843376e+01 9.000000000000000000e+01
-4.569649899116678426e+01 2.294646875153106791e+01 9.000000000000000000e+01
-4.541230658952566301e+01 2.298563640103406058e+01 9.000000000000000000e+01
-4.512513289022880514e+01 2.302440977132301470e+01 9.000000000000000000e+01
-4.483503735699646597e+01 2.306279273262951790e+01 9.000000000000000000e+01
-4.454207855998373589e+01 2.310078927529314186e+01 9.000000000000000000e+01
-4.424631416761025804e+01 2.313840349909445138e+01 9.000000000000000000e+01
-4.394780094028742212e+01 2.317563960303852255e+01 9.000000000000000000e+01
-4.364659472592802558e+01 2.321250187558664635e+01 9.000000000000000000e+01
-4.334275045712639240e+01 2.324899468533204683e+01 9.000000000000000000e+01
-4.303632214990019378e+01 2.328512247211422448e+01 9.000000000000000000e+01
-4.272736290388888847e+01 2.332088973856486547e+01 9.000000000000000000e+01
-4.241592490390739556e+01 2.335630104207749014e+01 9.000000000000000000e+01
-4.210205942275696600e+01 2.339136098719160373e+01 9.000000000000000000e+01
-4.178581682519982365e+01 2.342607421838177828e+01 9.000000000000000000e+01
-4.146724657300735828e+01 2.346044541324079091e+01 9.000000000000000000e+01
-4.114639723099625712e+01 2.349447927604589381e+01 9.000000000000000000e+01
-4.082331647397037955e+01 2.352818053169650980e+01 9.000000000000000000e+01
-4.049805109449069818e+01 2.356155392001136306e+01 9.000000000000000000e+01
-4.017064701139858585e+01 2.359460419037288759e+01 9.000000000000000000e+01
-3.984114927902302128e+01 2.362733609670631196e+01 9.000000000000000000e+01
-3.950960209700446768e+01 2.365975439278115999e+01 9.000000000000000000e+01
-3.917604882067337968e+01 2.369186382782229572e+01 9.000000000000000000e+01
-3.884053197192309881e+01 2.372366914241825597e+01 9.000000000000000000e+01
-3.850309325052260334e+01 2.375517506471429385e+01 9.000000000000000000e+01
-3.816377354581586445e+01 2.378638630687778388e+01 9.000000000000000000e+01
-3.782261294875904412e+01 2.381730756182400199e+01 9.000000000000000000e+01
-3.747965076424982556e+01 2.384794350019021891e+01 9.000000000000000000e+01
-3.713492552370517075e+01 2.387829876754647529e+01 9.000000000000000000e+01
-3.678847499784848907e+01 2.390837798183169483e+01 9.000000000000000000e+01
-3.644033620966806808e+01 2.393818573100388392e+01 9.000000000000000000e+01
-3.609054544751261062e+01 2.396772657089375258e+01 9.000000000000000000e+01
-3.573913827829141354e+01 2.400000000000000000e+01 9.000000000000000000e+01
