4.158291137359737633e+01 0.000000000000000000e+00 9.000000000000000000e+01
4.189934334619906053e+01 4.839856795041296705e-02 9.000000000000000000e+01
4.221341655315509911e+01 8.333452887258450958e-02 9.000000000000000000e+01
4.252508114078410273e+01 1.186183346801909649e-01 9.000000000000000000e+01
4.283428635876885693e+01 1.542545501756775184e-01 9.000000000000000000e+01
4.314098055606532256e+01 1.902476948329896445e-01 9.000000000000000000e+01
4.344511117793937416e+01 2.266022353866977423e-01 9.000000000000000000e+01
4.374662476422250990e+01 2.633225780171076225e-01 9.000000000000000000e+01
4.404546694888069425e+01 3.004130601223158337e-01 9.000000000000000000e+01
4.434158246099588752e+01 3.378779416693131199e-01 9.000000000000000000e+01
4.463491512726204036e+01 3.757213961171838590e-01 9.000000000000000000e+01
4.492540787610079178e+01 4.139475009067274947e-01 9.000000000000000000e+01
4.521300274350686976e+01 4.525602275123435381e-01 9.000000000000000000e+01
4.549764088073384727e+01 4.915634310534603424e-01 9.000000000000000000e+01
4.577926256393608639e+01 5.309608394647448160e-01 9.000000000000000000e+01
4.605780720588341381e+01 5.707560422262469846e-01 9.000000000000000000e+01
4.633321336986739425e+01 6.109524786567844812e-01 9.000000000000000000e+01
4.660541878592056264e+01 6.515534257764472592e-01 9.000000000000000000e+01
4.687436036946991891e+01 6.925619857466246421e-01 9.000000000000000000e+01
4.713997424254639412e+01 7.339810728987958832e-01 9.000000000000000000e+01
4.740219575767360283e+01 7.758134003666362633e-01 9.000000000000000000e+01
4.766095952455506790e+01 8.180614663390161079e-01 9.000000000000000000e+01
4.791619943968101580e+01 8.607275399553333539e-01 9.000000000000000000e+01
4.816784871897050380e+01 9.038136468682006486e-01 9.000000000000000000e+01
4.841583993356203308e+01 9.473215545025589490e-01 9.000000000000000000e+01
4.866010504886195775e+01 9.912527570446043601e-01 9.000000000000000000e+01
4.890057546695270929e+01 1.035608460198101044e+00 9.000000000000000000e+01
4.913718207245779013e+01 1.080389565750455638e+00 9.000000000000000000e+01
4.936985528195109652e+01 1.125596655995480644e+00 9.000000000000000000e+01
4.959852509698885825e+01 1.171229978064613375e+00 9.000000000000000000e+01
4.982312116083284081e+01 1.217289428223440106e+00 9.000000000000000000e+01
5.004357281891932274e+01 1.263774536195069631e+00 9.000000000000000000e+01
5.025980918311676504e+01 1.310684449577145472e+00 9.000000000000000000e+01
5.047175919979830638e+01 1.358017918424014203e+00 9.000000000000000000e+01
5.067935172173937275e+01 1.405773280070423015e+00 9.000000000000000000e+01
5.088251558383234396e+01 1.453948444277857854e+00 9.000000000000000000e+01
5.108117968259077912e+01 1.502540878788993339e+00 9.000000000000000000e+01
5.127527305939368318e+01 1.551547595379778821e+00 9.000000000000000000e+01
5.146472498739948520e+01 1.600965136502697339e+00 9.000000000000000000e+01
5.164946506203354204e+01 1.650789562617709150e+00 9.000000000000000000e+01
5.182942329492940559e+01 1.701016440310514577e+00 9.000000000000000000e+01
5.200453021117775165e+01 1.751640831299731360e+00 9.000000000000000000e+01
5.217471694970846130e+01 1.802657282436145536e+00 9.000000000000000000e+01
5.233991536660600730e+01 1.854059816798025562e+00 9.000000000000000000e+01
5.250005814112689251e+01 1.905841925986203389e+00 9.000000000000000000e+01
5.265507888416191662e+01 1.957996563721792427e+00 9.000000000000000000e+01
5.280491224885543033e+01 2.010516140847307565e+00 9.000000000000000000e+01
5.294949404306591845e+01 2.063392521828876003e+00 9.000000000000000000e+01
5.308876134332434304e+01 2.116617022853273244e+00 9.000000000000000000e+01
5.322265260991889591e+01 2.170180411608050086e+00 9.000000000000000000e+01
5.335110780270980513e+01 2.224072908826765449e+00 9.000000000000000000e+01
5.347406849725200573e+01 2.278284191673754400e+00 9.000000000000000000e+01
5.359147800078230262e+01 2.332803399034004244e+00 9.000000000000000000e+01
5.370328146760638077e+01 2.387619138764093929e+00 9.000000000000000000e+01
5.380942601340377962e+01 2.442719496949036895e+00 9.000000000000000000e+01
5.390986082795371459e+01 2.498092049197892628e+00 9.000000000000000000e+01
5.400453728577392809e+01 2.553723873998322791e+00 9.000000000000000000e+01
5.409340905415527345e+01 2.609601568136180383e+00 9.000000000000000000e+01
5.417643219807312249e+01 2.665711264172109018e+00 9.000000000000000000e+01
5.425356528145348989e+01 2.722038649951819878e+00 9.000000000000000000e+01
5.432476946427891562e+01 2.778568990111333736e+00 9.000000000000000000e+01
5.439000859502599639e+01 2.835287149522837780e+00 9.000000000000000000e+01
5.444924929794029111e+01 2.892177618610802359e+00 9.000000000000000000e+01
5.450246105467182645e+01 2.949224540452601850e+00 9.000000000000000000e+01
5.454961627981695926e+01 3.006411739562344199e+00 9.000000000000000000e+01
5.459069038993818879e+01 3.063722752241823333e+00 9.000000000000000000e+01
5.462566186566554904e+01 3.121140858368620652e+00 9.000000000000000000e+01
5.465451230651670045e+01 3.178649114477919202e+00 9.000000000000000000e+01
5.467722647811265091e+01 3.236230387982894641e+00 9.000000000000000000e+01
5.469379235150746865e+01 3.293867392367598512e+00 9.000000000000000000e+01
5.470420113439521259e+01 3.351542723177020733e+00 9.000000000000000000e+01
5.470844729400549511e+01 3.409238894621446914e+00 9.000000000000000000e+01
5.470844729400549511e+01 3.409238894621446914e+00 9.000000000000000000e+01
5.470652857154804138e+01 3.466938376606170547e+00 9.000000000000000000e+01
5.469844598811796743e+01 3.524623631993465622e+00 9.000000000000000000e+01
5.468420384202599394e+01 3.582277153901550104e+00 9.000000000000000000e+01
5.466380969756937702e+01 3.639881502844818595e+00 9.000000000000000000e+01
5.463727436531276282e+01 3.697419343521201718e+00 9.000000000000000000e+01
5.460461187399882022e+01 3.754873481056007822e+00 9.000000000000000000e+01
5.456583943425937377e+01 3.812226896516755392e+00 9.000000000000000000e+01
5.452097739434551471e+01 3.869462781520701000e+00 9.000000000000000000e+01
5.447004918814215557e+01 3.926564571765306155e+00 9.000000000000000000e+01
5.441308127577435272e+01 3.983515979322215905e+00 9.000000000000000000e+01
5.435010307715417355e+01 4.040301023546716941e+00 9.000000000000000000e+01
5.428114689885186550e+01 4.096904060467551290e+00 9.000000000000000000e+01
5.420624785470842966e+01 4.153309810535630753e+00 9.000000000000000000e+01
5.412544378063437023e+01 4.209503384624693645e+00 9.000000000000000000e+01
5.403877514406360660e+01 4.265470308192274906e+00 9.000000000000000000e+01
5.394628494855070500e+01 4.321196543524738587e+00 9.000000000000000000e+01
5.384801863401463606e+01 4.376668510006027191e+00 9.000000000000000000e+01
5.374402397314240432e+01 4.431873102365472050e+00 9.000000000000000000e+01
5.363435096447199868e+01 4.486797706875675473e+00 9.000000000000000000e+01
5.351905172267547783e+01 4.541430215486586874e+00 9.000000000000000000e+01
5.339818036656059519e+01 4.595759037896717025e+00 9.000000000000000000e+01
5.327179290530288114e+01 4.649773111576398499e+00 9.000000000000000000e+01
5.313994712340935678e+01 4.703461909771248450e+00 9.000000000000000000e+01
5.300270246490236303e+01 4.756815447526347995e+00 9.000000000000000000e+01
5.286011991719448133e+01 4.809824285782952735e+00 9.000000000000000000e+01
5.271226189510689153e+01 4.862479533609803894e+00 9.000000000000000000e+01
5.255919212546083230e+01 4.914772848640320824e+00 9.000000000000000000e+01
5.240097553264905628e+01 4.966696435794913711e+00 9.000000000000000000e+01
5.223767812556787504e+01 5.018243044374483652e+00 9.000000000000000000e+01
5.206936688626421272e+01 5.069405963616882893e+00 9.000000000000000000e+01
5.189610966062377884e+01 5.120179016812702599e+00 9.000000000000000000e+01
5.171797505139878837e+01 5.170556554080082634e+00 9.000000000000000000e+01
5.153503231384407712e+01 5.220533443900760240e+00 9.000000000000000000e+01
5.134735125420252189e+01 5.270105063520849953e+00 9.000000000000000000e+01
5.115500213125149997e+01 5.319267288320334686e+00 9.000000000000000000e+01
5.095805556109452539e+01 5.368016480254820699e+00 9.000000000000000000e+01
5.075658242535426012e+01 5.416349475471887942e+00 9.000000000000000000e+01
5.055065378289734213e+01 5.464263571202396363e+00 9.000000000000000000e+01
5.034034078519498934e+01 5.511756512024574839e+00 9.000000000000000000e+01
5.012571459540026808e+01 5.558826475595597394e+00 9.000000000000000000e+01
4.990684631119847836e+01 5.605472057941666364e+00 9.000000000000000000e+01
4.968380689146673745e+01 5.651692258393772761e+00 9.000000000000000000e+01
4.945666708675783241e+01 5.697486464251796612e+00 9.000000000000000000e+01
4.922549737360487399e+01 5.742854435255170031e+00 9.000000000000000000e+01
4.899036789262623870e+01 5.787796287933534067e+00 9.000000000000000000e+01
4.875134839039440493e+01 5.832312479905843006e+00 9.000000000000000000e+01
4.850850816501782248e+01 5.876403794191586094e+00 9.000000000000000000e+01
4.826191601537292541e+01 5.920071323592632773e+00 9.000000000000000000e+01
4.801164019391119808e+01 5.963316455199429988e+00 9.000000000000000000e+01
4.775774836295689596e+01 6.006140855070279727e+00 9.000000000000000000e+01
4.750030755440214847e+01 6.048546453127797484e+00 9.000000000000000000e+01
4.723938413269922165e+01 6.090535428311890875e+00 9.000000000000000000e+01
4.697504376104284063e+01 6.132110194024207317e+00 9.000000000000000000e+01
4.670735137063146425e+01 6.173273383894734678e+00 9.000000000000000000e+01
4.643637113289165086e+01 6.214027837897090123e+00 9.000000000000000000e+01
4.616216643454736612e+01 6.254376588835253159e+00 9.000000000000000000e+01
4.588479985541331985e+01 6.294322849220741034e+00 9.000000000000000000e+01
4.560433314879106348e+01 6.333869998555912595e+00 9.000000000000000000e+01
4.532082722434537914e+01 6.373021571035846655e+00 9.000000000000000000e+01
4.503434213333910208e+01 6.411781243678272624e+00 9.000000000000000000e+01
4.474493705610531435e+01 6.450152824888316871e+00 9.000000000000000000e+01
4.445267029163692030e+01 6.488140243462344081e+00 9.000000000000000000e+01
4.415759924917615820e+01 6.525747538032827144e+00 9.000000000000000000e+01
4.385978044168786738e+01 6.562978846954189649e+00 9.000000000000000000e+01
4.355926948110381147e+01 6.599838398627600355e+00 9.000000000000000000e+01
4.325612107522793082e+01 6.636330502261103881e+00 9.000000000000000000e+01
4.295038902619553767e+01 6.672459539059937939e+00 9.000000000000000000e+01
4.264212623038291383e+01 6.708229953840568527e+00 9.000000000000000000e+01
4.233138467966736584e+01 6.743646247060897991e+00 9.000000000000000000e+01
4.201821546394128859e+01 6.778712967257965794e+00 9.000000000000000000e+01
4.170266877478796630e+01 6.813434703883794796e+00 9.000000000000000000e+01
4.138479391023021492e+01 6.847816080529137928e+00 9.000000000000000000e+01
4.106463928046683520e+01 6.881861748524439548e+00 9.000000000000000000e+01
4.074225241451632940e+01 6.915576380906751197e+00 9.000000000000000000e+01
4.041767996769029736e+01 6.948964666741003882e+00 9.000000000000000000e+01
4.009096772982344703e+01 6.982031305783758413e+00 9.000000000000000000e+01
3.976216063419066415e+01 7.014781003477352783e+00 9.000000000000000000e+01
3.943130276704485482e+01 7.047218466262275882e+00 9.000000000000000000e+01
3.909843737771390693e+01 7.079348397195496467e+00 9.000000000000000000e+01
3.876360688919758957e+01 7.111175491862553599e+00 9.000000000000000000e+01
3.842685290920918817e+01 7.142704434571236050e+00 9.000000000000000000e+01
3.808821624160992769e+01 7.173939894814838958e+00 9.000000000000000000e+01
3.774773689818700717e+01 7.204886523993094372e+00 9.000000000000000000e+01
3.740545411073034643e+01 7.235548952379139642e+00 9.000000000000000000e+01
3.706140634336424000e+01 7.265931786321031538e+00 9.000000000000000000e+01
3.671563130509490236e+01 7.296039605666656769e+00 9.000000000000000000e+01
3.636816596253606093e+01 7.325876961401089460e+00 9.000000000000000000e+01
3.601904655277854062e+01 7.355448373485802271e+00 9.000000000000000000e+01
3.566830859637133955e+01 7.384758328889419410e+00 9.000000000000000000e+01
3.531598691038485782e+01 7.413811279799991105e+00 9.000000000000000000e+01
3.496211562152829799e+01 7.442611642009202555e+00 9.000000000000000000e+01
3.460672817929642520e+01 7.471163793459115077e+00 9.000000000000000000e+01
3.424985736912186951e+01 7.499472072942524825e+00 9.000000000000000000e+01
3.389153532551200954e+01 7.527540778948256239e+00 9.000000000000000000e+01
3.353179354515051358e+01 7.555374168643112398e+00 9.000000000000000000e+01
3.317066289994543382e+01 7.582976456982508218e+00 9.000000000000000000e+01
3.280817365000818597e+01 7.610351815942169473e+00 9.000000000000000000e+01
3.244435545654793884e+01 7.637504373863597706e+00 9.000000000000000000e+01
3.207923739466841795e+01 7.664438214906289737e+00 9.000000000000000000e+01
3.171284796605474199e+01 7.691157378600162353e+00 9.000000000000000000e+01
3.134521511153971929e+01 7.717665859491684266e+00 9.000000000000000000e+01
3.097636622353993019e+01 7.743967606877828480e+00 9.000000000000000000e+01
3.060632815835269938e+01 7.770066524621963566e+00 9.000000000000000000e+01
3.023512724830678877e+01 7.795966471046336999e+00 9.000000000000000000e+01
2.986278931375978374e+01 7.821671258895872114e+00 9.000000000000000000e+01
2.948933967493681152e+01 7.847184655368423911e+00 9.000000000000000000e+01
2.911480316360526288e+01 7.872510382206784563e+00 9.000000000000000000e+01
2.873920413458167289e+01 7.897652115848081245e+00 9.000000000000000000e+01
2.836256647706707668e+01 7.922613487626322559e+00 9.000000000000000000e+01
2.798491362580794473e+01 7.947398084024229981e+00 9.000000000000000000e+01
2.760626857208067619e+01 7.972009446970555580e+00 9.000000000000000000e+01
2.722665387449793073e+01 7.996451074179430130e+00 9.000000000000000000e+01
2.684609166963533866e+01 8.020726419528383389e+00 9.000000000000000000e+01
2.646460368247828043e+01 8.044838893471975894e+00 9.000000000000000000e+01
2.608221123668817398e+01 8.068791863488032234e+00 9.000000000000000000e+01
2.569893526468861111e+01 8.092588654553788174e+00 9.000000000000000000e+01
2.531479631757160575e+01 8.116232549649327055e+00 9.000000000000000000e+01
2.492981457482488139e+01 8.139726790285862990e+00 9.000000000000000000e+01
2.454400985388139489e+01 8.163074577056626424e+00 9.000000000000000000e+01
2.415740161949216969e+01 8.186279070208176023e+00 9.000000000000000000e+01
2.377000899292450242e+01 8.209343390230166904e+00 9.000000000000000000e+01
2.338185076098707071e+01 8.232270618461670963e+00 9.000000000000000000e+01
2.299294538488397066e+01 8.255063797712379525e+00 9.000000000000000000e+01
2.260331100890017453e+01 8.277725932896920824e+00 9.000000000000000000e+01
2.221296546892045853e+01 8.300259991680926319e+00 9.000000000000000000e+01
2.182192630078466422e+01 8.322668905137302175e+00 9.000000000000000000e+01
2.143021074848147478e+01 8.344955568411469571e+00 9.000000000000000000e+01
2.103783577218380429e+01 8.367122841394298405e+00 9.000000000000000000e+01
2.064481805612848220e+01 8.389173549401604646e+00 9.000000000000000000e+01
2.025117401634278380e+01 8.411110483859195242e+00 9.000000000000000000e+01
1.985691980822133829e+01 8.432936402992380565e+00 9.000000000000000000e+01
1.946207133395522249e+01 8.454654032519174578e+00 9.000000000000000000e+01
1.906664424981730477e+01 8.476266066346260786e+00 9.000000000000000000e+01
1.867065397330567933e+01 8.497775167266924612e+00 9.000000000000000000e+01
1.827411569014829595e+01 8.519183967660373114e+00 9.000000000000000000e+01
1.787704436117135032e+01 8.540495070191630234e+00 9.000000000000000000e+01
1.747945472903377961e+01 8.561711048511542188e+00 9.000000000000000000e+01
1.708136132483027581e+01 8.582834447956306789e+00 9.000000000000000000e+01
1.668277847456456442e+01 8.603867786246039984e+00 9.000000000000000000e+01
1.628372030549515870e+01 8.624813554182047426e+00 9.000000000000000000e+01
1.588420075235490714e+01 8.645674216342378315e+00 9.000000000000000000e+01
1.548423356344603619e+01 8.666452211775441228e+00 9.000000000000000000e+01
1.508383230661184804e+01 8.687149954691507858e+00 9.000000000000000000e+01
1.468301037508678242e+01 8.707769835151966120e+00 9.000000000000000000e+01
1.428178099322641437e+01 8.728314219756379444e+00 9.000000000000000000e+01
1.388015722212026226e+01 8.748785452327380696e+00 9.000000000000000000e+01
1.347815196509057678e+01 8.769185854593660068e+00 9.000000000000000000e+01
1.307577797308283429e+01 8.789517726871238779e+00 9.000000000000000000e+01
1.267304784995536160e+01 8.809783348743401632e+00 9.000000000000000000e+01
1.226997405767788329e+01 8.829984979739533557e+00 9.000000000000000000e+01
1.186656892145302677e+01 8.850124860013115935e+00 9.000000000000000000e+01
1.146284463477578619e+01 8.870205211018879154e+00 9.000000000000000000e+01
1.105881326444976764e+01 8.890228236188946198e+00 9.000000000000000000e+01
1.065448675557797920e+01 8.910196121607329545e+00 9.000000000000000000e+01
1.024987693654555621e+01 8.930111036681813275e+00 9.000000000000000000e+01
9.844995524006039389e+00 8.949975134811841926e+00 9.000000000000000000e+01
9.439854127876385448e+00 8.969790554050808495e+00 9.000000000000000000e+01
9.034464256335706267e+00 8.989559417760954574e+00 9.000000000000000000e+01
8.628837320812706935e+00 9.009283835259479289e+00 9.000000000000000000e+01
8.222984640937738732e+00 9.028965902454720194e+00 9.000000000000000000e+01
7.816917449429395148e+00 9.048607702472256875e+00 9.000000000000000000e+01
7.410646896885005219e+00 9.068211306271413363e+00 9.000000000000000000e+01
7.004184056448514717e+00 9.087778773253633702e+00 9.000000000000000000e+01
6.597539928338921555e+00 9.107312151864684679e+00 9.000000000000000000e+01
6.190725444233762254e+00 9.126813480193019856e+00 9.000000000000000000e+01
5.783751471514943177e+00 9.146284786566507563e+00 9.000000000000000000e+01
5.376628817394442095e+00 9.165728090149441343e+00 9.000000000000000000e+01
4.969368232943693897e+00 9.185145401541113586e+00 9.000000000000000000e+01
4.561980417053940862e+00 9.204538723376600728e+00 9.000000000000000000e+01
4.154476020352767307e+00 9.223910050929953641e+00 9.000000000000000000e+01
3.746865649099158535e+00 9.243261372719304703e+00 9.000000000000000000e+01
3.339159869073252462e+00 9.262594671113452804e+00 9.000000000000000000e+01
2.931369209472213022e+00 9.281911922939025672e+00 9.000000000000000000e+01
2.523504166817990946e+00 9.301215100087636856e+00 9.000000000000000000e+01
2.115575208879388658e+00 9.320506170122392575e+00 9.000000000000000000e+01
1.707592778607872619e+00 9.339787096883284789e+00 9.000000000000000000e+01
1.299567298084980616e+00 9.359059841091244891e+00 9.000000000000000000e+01
8.915091724789486749e-01 9.378326360950699936e+00 9.000000000000000000e+01
4.834287940076195667e-01 9.397588612750666925e+00 9.000000000000000000e+01
7.533654590582092303e-02 9.416848551464434891e+00 9.000000000000000000e+01
-3.327571936045902179e-01 9.436108131348133199e+00 9.000000000000000000e+01
-7.408420473424209840e-01 9.455369306538264240e+00 9.000000000000000000e+01
-1.148907635192900401e+00 9.474634031648603738e+00 9.000000000000000000e+01
-1.556943570130602472e+00 9.493904262366614333e+00 9.000000000000000000e+01
-1.964939454238467720e+00 9.513181956049729493e+00 9.000000000000000000e+01
-2.372884874721405968e+00 9.532469072321719139e+00 9.000000000000000000e+01
-2.780769399912265794e+00 9.551767573669399880e+00 9.000000000000000000e+01
-3.188582575268289698e+00 9.571079426039990068e+00 9.000000000000000000e+01
-3.596313919355332178e+00 9.590406599439230462e+00 9.000000000000000000e+01
-4.003952919817638900e+00 9.609751068530615115e+00 9.000000000000000000e+01
-4.411489029330269318e+00 9.629114813235851500e+00 9.000000000000000000e+01
-4.818911661531807944e+00 9.648499819336787908e+00 9.000000000000000000e+01
-5.226210186934335589e+00 9.667908079079005290e+00 9.000000000000000000e+01
-5.633373928808278919e+00 9.687341591777229866e+00 9.000000000000000000e+01
-6.040392159039113196e+00 9.706802364422765450e+00 9.000000000000000000e+01
-6.447254093953302068e+00 9.726292412293075174e+00 9.000000000000000000e+01
-6.853948890110840075e+00 9.745813759563709766e+00 9.000000000000000000e+01
-7.260465640061342540e+00 9.765368439922722743e+00 9.000000000000000000e+01
-7.666793368061359359e+00 9.784958497187687954e+00 9.000000000000000000e+01
-8.072921025749668189e+00 9.804585985925481140e+00 9.000000000000000000e+01
-8.478837487778264403e+00 9.824252972074964063e+00 9.000000000000000000e+01
-8.884531547395843276e+00 9.843961533572645806e+00 9.000000000000000000e+01
-9.289991911981367423e+00 9.863713760981491774e+00 9.000000000000000000e+01
-9.695207198524590453e+00 9.883511758122917712e+00 9.000000000000000000e+01
-1.010016592905096822e+01 9.903357642712126818e+00 9.000000000000000000e+01
-1.050485652598801423e+01 9.923253546996830821e+00 9.000000000000000000e+01
-1.090926730747016471e+01 9.943201618399422514e+00 9.000000000000000000e+01
-1.131338648257958113e+01 9.963204020162692132e+00 9.000000000000000000e+01
-1.171720214651952574e+01 9.983262931999105305e+00 9.000000000000000000e+01
-1.212070227571784464e+01 1.000338055074370835e+01 9.000000000000000000e+01
-1.252387472285737857e+01 1.002355909101061648e+01 9.000000000000000000e+01
-1.292670721183031368e+01 1.004380078585320213e+01 9.000000000000000000e+01
-1.332918733261359456e+01 1.006410788742781470e+01 9.000000000000000000e+01
-1.373130253606223405e+01 1.008448266766116497e+01 9.000000000000000000e+01
-1.413304012861772385e+01 1.010492741892120350e+01 9.000000000000000000e+01
-1.453438726692816907e+01 1.012544445469147547e+01 9.000000000000000000e+01
-1.493533095237717490e+01 1.014603611024885943e+01 9.000000000000000000e+01
-1.533585802551845489e+01 1.016670474334454255e+01 9.000000000000000000e+01
-1.573595516041294928e+01 1.018745273488815606e+01 9.000000000000000000e+01
-1.613560885886516161e+01 1.020828248963481322e+01 9.000000000000000000e+01
-1.653480544455581835e+01 1.022919643687494506e+01 9.000000000000000000e+01
-1.693353105706728456e+01 1.025019703112661951e+01 9.000000000000000000e+01
-1.733177164579876361e+01 1.027128675283019454e+01 9.000000000000000000e+01
-1.772951296376810504e+01 1.029246810904486509e+01 9.000000000000000000e+01
-1.812674056129666766e+01 1.031374363414691153e+01 9.000000000000000000e+01
-1.852343977957426802e+01 1.033511589052921131e+01 9.000000000000000000e+01
-1.891959574410093836e+01 1.035658746930157648e+01 9.000000000000000000e+01
-1.931519335800197013e+01 1.037816099099152822e+01 9.000000000000000000e+01
-1.971021729521340760e+01 1.039983910624494889e+01 9.000000000000000000e+01
-2.010465199353441790e+01 1.042162449652605716e+01 9.000000000000000000e+01
-2.049848164754349611e+01 1.044351987481613975e+01 9.000000000000000000e+01
-2.089169020137524413e+01 1.046552798631030612e+01 9.000000000000000000e+01
-2.128426134135461112e+01 1.048765160911158212e+01 9.000000000000000000e+01
-2.167617848848543360e+01 1.050989355492153976e+01 9.000000000000000000e+01
-2.206742479079025898e+01 1.053225666972660335e+01 9.000000000000000000e+01
-2.245798311549834381e+01 1.055474383447904252e+01 9.000000000000000000e+01
-2.284783604107887811e+01 1.057735796577173026e+01 9.000000000000000000e+01
-2.323696584911684226e+01 1.060010201650549888e+01 9.000000000000000000e+01
-2.362535451602833092e+01 1.062297897654793388e+01 9.000000000000000000e+01
-2.401298370461280385e+01 1.064599187338233577e+01 9.000000000000000000e+01
-2.439983475544008940e+01 1.066914377274545700e+01 9.000000000000000000e+01
-2.478588867806890050e+01 1.069243777925256467e+01 9.000000000000000000e+01
-2.517112614209570154e+01 1.071587703700824612e+01 9.000000000000000000e+01
-2.555552746803079600e+01 1.073946473020121850e+01 9.000000000000000000e+01
-2.593907261800045205e+01 1.076320408368136228e+01 9.000000000000000000e+01
-2.632174118627294845e+01 1.078709836351704077e+01 9.000000000000000000e+01
-2.670351238960763141e+01 1.081115087753056514e+01 9.000000000000000000e+01
-2.708436505742506384e+01 1.083536497580965730e+01 9.000000000000000000e+01
-2.746427762179802556e+01 1.085974405119248054e+01 9.000000000000000000e+01
-2.784322810726247610e+01 1.088429153972374230e+01 9.000000000000000000e+01
-2.822119412044819597e+01 1.090901092107914394e+01 9.000000000000000000e+01
-2.859815283952966780e+01 1.093390571895536745e+01 9.000000000000000000e+01
-2.897408100349711901e+01 1.095897950142249222e+01 9.000000000000000000e+01
-2.934895490124934625e+01 1.098423588123563022e+01 9.000000000000000000e+01
-2.972275036050947250e+01 1.100967851610236004e+01 9.000000000000000000e+01
-3.009544273656588231e+01 1.103531110890231126e+01 9.000000000000000000e+01
-3.046700690084082552e+01 1.106113740785500177e+01 9.000000000000000000e+01
-3.083741722928994378e+01 1.108716120663190985e+01 9.000000000000000000e+01
-3.120664759063696536e+01 1.111338634440841666e+01 9.000000000000000000e+01
-3.157467133444759355e+01 1.113981670585107864e+01 9.000000000000000000e+01
-3.194146127904893362e+01 1.116645622103536972e+01 9.000000000000000000e+01
-3.230698969929989772e+01 1.119330886528888946e+01 9.000000000000000000e+01
-3.267122831422047113e+01 1.122037865895462971e+01 9.000000000000000000e+01
-3.303414827448760605e+01 1.124766966706862803e+01 9.000000000000000000e+01
-3.339572014980753778e+01 1.127518599894620444e+01 9.000000000000000000e+01
-3.375591391617416548e+01 1.130293180767044525e+01 9.000000000000000000e+01
-3.411469894302607031e+01 1.133091128947639881e+01 9.000000000000000000e+01
-3.447204398031413319e+01 1.135912868302428258e+01 9.000000000000000000e+01
-3.482791714549467343e+01 1.138758826855430861e+01 9.000000000000000000e+01
-3.518228591046371889e+01 1.141629436691586541e+01 9.000000000000000000e+01
-3.553511708844958150e+01 1.144525133846302545e+01 9.000000000000000000e+01
-3.588637682088280201e+01 1.147446358180837045e+01 9.000000000000000000e+01
-3.623603056426421176e+01 1.150393553242655464e+01 9.000000000000000000e+01
-3.658404307705381342e+01 1.153367166109874375e+01 9.000000000000000000e+01
-3.693037840660492321e+01 1.156367647218885608e+01 9.000000000000000000e+01
-3.727499987617019883e+01 1.159395450174193165e+01 9.000000000000000000e+01
-3.761787007200862121e+01 1.162451031539495538e+01 9.000000000000000000e+01
-3.795895083062445963e+01 1.165534850608977102e+01 9.000000000000000000e+01
-3.829820322617200645e+01 1.168647369157781490e+01 9.000000000000000000e+01
-3.863558755806196388e+01 1.171789051170566687e+01 9.000000000000000000e+01
-3.897106333880864071e+01 1.174960362547051318e+01 9.000000000000000000e+01
-3.930458928215948333e+01 1.178161770783408535e+01 9.000000000000000000e+01
-3.963612329155144209e+01 1.181393744628358000e+01 9.000000000000000000e+01
-3.996562244894206373e+01 1.184656753712772215e+01 9.000000000000000000e+01
-4.029304300406565176e+01 1.187951268151603479e+01 9.000000000000000000e+01
-4.061834036416872351e+01 1.191277758116925334e+01 9.000000000000000000e+01
-4.094146908428244558e+01 1.194636693380867420e+01 9.000000000000000000e+01
-4.126238285809249362e+01 1.198028542827225529e+01 9.000000000000000000e+01
-4.158103450947095325e+01 1.201453773930527724e+01 9.000000000000000000e+01
-4.189737598473855940e+01 1.204912852201347029e+01 9.000000000000000000e+01
-4.221135834572864809e+01 1.208406240596661796e+01 9.000000000000000000e+01
-4.252293176372912598e+01 1.211934398894111453e+01 9.000000000000000000e+01
-4.283204551438124952e+01 1.215497783028991741e+01 9.000000000000000000e+01
-4.313864797361882353e+01 1.219096844392916879e+01 9.000000000000000000e+01
-4.344268661473510207e+01 1.222732029093102923e+01 9.000000000000000000e+01
-4.374410800666793619e+01 1.226403777171307219e+01 9.000000000000000000e+01
-4.404285781359864416e+01 1.230112521781534163e+01 9.000000000000000000e+01
-4.433888079596211185e+01 1.233858688325712549e+01 9.000000000000000000e+01
-4.463212081297126588e+01 1.237642693546658279e+01 9.000000000000000000e+01
-4.492252082676046143e+01 1.241464944577760043e+01 9.000000000000000000e+01
-4.521002290825726533e+01 1.245325837948972136e+01 9.000000000000000000e+01
-4.549456824489398343e+01 1.249225758548851140e+01 9.000000000000000000e+01
-4.577609715027335824e+01 1.253165078542562405e+01 9.000000000000000000e+01
-4.605454907590590352e+01 1.257144156245974820e+01 9.000000000000000000e+01
-4.632986262513685460e+01 1.261163334956176030e+01 9.000000000000000000e+01
-4.660197556938400965e+01 1.265222941739012619e+01 9.000000000000000000e+01
-4.687082486680738214e+01 1.269323286174474319e+01 9.000000000000000000e+01
-4.713634668353268609e+01 1.273464659061079018e+01 9.000000000000000000e+01
-4.739847641755045515e+01 1.277647331080685333e+01 9.000000000000000000e+01
-4.765714872541141034e+01 1.281871551425523492e+01 9.000000000000000000e+01
-4.791229755183721295e+01 1.286137546389564079e+01 9.000000000000000000e+01
-4.816385616236284761e+01 1.290445517926739782e+01 9.000000000000000000e+01
-4.841175717912387455e+01 1.294795642178931061e+01 9.000000000000000000e+01
-4.865593261989624096e+01 1.299188067977039296e+01 9.000000000000000000e+01
-4.889631394049200708e+01 1.303622915318921294e+01 9.000000000000000000e+01
-4.913283208060601481e+01 1.308100273828402926e+01 9.000000000000000000e+01
-4.936541751320176274e+01 1.312620201200071079e+01 9.000000000000000000e+01
-4.959400029751421357e+01 1.317182721635014886e+01 9.000000000000000000e+01
-4.981851013573745490e+01 1.321787824273189393e+01 9.000000000000000000e+01
-5.003887643345204594e+01 1.326435461628554613e+01 9.000000000000000000e+01
-5.025502836383419947e+01 1.331125548033656081e+01 9.000000000000000000e+01
-5.046689493567266993e+01 1.335857958100788245e+01 9.000000000000000000e+01
-5.067440506520375720e+01 1.340632525207370129e+01 9.000000000000000000e+01
-5.087748765175575727e+01 1.345449040013627240e+01 9.000000000000000000e+01
-5.107607165717515585e+01 1.350307249021107125e+01 9.000000000000000000e+01
-5.127008618898540959e+01 1.355206853180981597e+01 9.000000000000000000e+01
-5.145946058720688399e+01 1.360147506561443009e+01 9.000000000000000000e+01
-5.164412451474285604e+01 1.365128815083858171e+01 9.000000000000000000e+01
-5.182400805121081788e+01 1.370150335337595138e+01 9.000000000000000000e+01
-5.199904179007346272e+01 1.375211573483674599e+01 9.000000000000000000e+01
-5.216915693889513506e+01 1.380311984257539137e+01 9.000000000000000000e+01
-5.233428542252337223e+01 1.385450970081298294e+01 9.000000000000000000e+01
-5.249435998896525746e+01 1.390627880295820873e+01 9.000000000000000000e+01
-5.264931431770121151e+01 1.395842010522907017e+01 9.000000000000000000e+01
-5.279908313014885834e+01 1.401092602167609869e+01 9.000000000000000000e+01
-5.294360230196183181e+01 1.406378842070438751e+01 9.000000000000000000e+01
-5.308280897682033839e+01 1.411699862318796228e+01 9.000000000000000000e+01
-5.321664168134301320e+01 1.417054740226443599e+01 9.000000000000000000e+01
-5.334504044072393469e+01 1.422442498489177076e+01 9.000000000000000000e+01
-5.346794689467387229e+01 1.427862105524123493e+01 9.000000000000000000e+01
-5.358530441322293569e+01 1.433312475999205660e+01 9.000000000000000000e+01
-5.369705821192096096e+01 1.438792471558336672e+01 9.000000000000000000e+01
-5.380315546595473819e+01 1.444300901746811228e+01 9.000000000000000000e+01
-5.390354542268604376e+01 1.449836525140180576e+01 9.000000000000000000e+01
-5.399817951210343381e+01 1.455398050678586230e+01 9.000000000000000000e+01
-5.408701145467245652e+01 1.460984139207182331e+01 9.000000000000000000e+01
-5.416999736606521765e+01 1.466593405221818180e+01 9.000000000000000000e+01
-5.424709585824971469e+01 1.472224418817649472e+01 9.000000000000000000e+01
-5.431826813642430096e+01 1.477875707836819608e+01 9.000000000000000000e+01
-5.438347809129068366e+01 1.483545760209762499e+01 9.000000000000000000e+01
-5.444269238617231110e+01 1.489233026483124256e+01 9.000000000000000000e+01
-5.449588053850249025e+01 1.494935922525727179e+01 9.000000000000000000e+01
-5.454301499522922114e+01 1.500652832402468917e+01 9.000000000000000000e+01
-5.458407120170916471e+01 1.506382111404580115e+01 9.000000000000000000e+01
-5.461902766369555451e+01 1.512122089223260168e+01 9.000000000000000000e+01
-5.464786600205792411e+01 1.517871073252386971e+01 9.000000000000000000e+01
-5.467057099991153990e+01 1.523627352004817759e+01 9.000000000000000000e+01
-5.468713064187548412e+01 1.529389198625713675e+01 9.000000000000000000e+01
-5.469753614522327467e+01 1.535154874485394672e+01 9.000000000000000000e+01
-5.470178198273774939e+01 1.540922632833489203e+01 9.000000000000000000e+01
-5.469986589713124658e+01 1.546690722495513626e+01 9.000000000000000000e+01
-5.469178890694264084e+01 1.552457391592636071e+01 9.000000000000000000e+01
-5.467755530387578489e+01 1.558220891265133723e+01 9.000000000000000000e+01
-5.465717264159498967e+01 1.563979479380020621e+01 9.000000000000000000e+01
-5.463065171604652903e+01 1.569731424203484949e+01 9.000000000000000000e+01
-5.459800653742574639e+01 1.575475008019105694e+01 9.000000000000000000e+01
-5.455925429395990278e+01 1.581208530673352897e+01 9.000000000000000000e+01
-5.451441530772505217e+01 1.586930313030581630e+01 9.000000000000000000e+01
-5.446351298276096031e+01 1.592638700320576994e+01 9.000000000000000000e+01
-5.440657374579160432e+01 1.598332065362754406e+01 9.000000000000000000e+01
-5.434362697989815416e+01 1.604008811652232325e+01 9.000000000000000000e+01
-5.427470495152785190e+01 1.609667376294301988e+01 9.000000000000000000e+01
-5.419984273125468377e+01 1.615306232775167317e+01 9.000000000000000000e+01
-5.411907810873535851e+01 1.620923893558287432e+01 9.000000000000000000e+01
-5.403245150232871907e+01 1.626518912497160585e+01 9.000000000000000000e+01
-5.394000586386531637e+01 1.632089887056952193e+01 9.000000000000000000e+01
-5.384178657906910814e+01 1.637635460338923465e+01 9.000000000000000000e+01
-5.373784136414387547e+01 1.643154322903214393e+01 9.000000000000000000e+01
-5.362822015904202289e+01 1.648645214387061486e+01 9.000000000000000000e+01
-5.351297501793584388e+01 1.654106924917072163e+01 9.000000000000000000e+01
-5.339215999740845575e+01 1.659538296315635009e+01 9.000000000000000000e+01
-5.326583104287475123e+01 1.664938223102944193e+01 9.000000000000000000e+01
-5.313404587373342025e+01 1.670305653297437232e+01 9.000000000000000000e+01
-5.299686386773657887e+01 1.675639589018679843e+01 9.000000000000000000e+01
-5.285434594504773287e+01 1.680939086897859269e+01 9.000000000000000000e+01
-5.270655445243907877e+01 1.686203258302071006e+01 9.000000000000000000e+01
-5.255355304805757299e+01 1.691431269379497948e+01 9.000000000000000000e+01
-5.239540658716533272e+01 1.696622340933387818e+01 9.000000000000000000e+01
-5.223218100923501339e+01 1.701775748133396249e+01 9.000000000000000000e+01
-5.206394322675333086e+01 1.706890820073466486e+01 9.000000000000000000e+01
-5.189076101605908065e+01 1.711966939185833425e+01 9.000000000000000000e+01
-5.171270291051307311e+01 1.717003540521107396e+01 9.000000000000000000e+01
-5.152983809626901746e+01 1.722000110904629366e+01 9.000000000000000000e+01
-5.134223631088577378e+01 1.726956187979417123e+01 9.000000000000000000e+01
-5.114996774499253718e+01 1.731871359146089517e+01 9.000000000000000000e+01
-5.095310294719106992e+01 1.736745260410073399e+01 9.000000000000000000e+01
-5.075171273235127245e+01 1.741577575146333956e+01 9.000000000000000000e+01
-5.054586809343012277e+01 1.746368032791619740e+01 9.000000000000000000e+01
-5.033564011691875351e+01 1.751116407473997683e+01 9.000000000000000000e+01
-5.012109990199770948e+01 1.755822516589123339e+01 9.000000000000000000e+01
-4.990231848345801069e+01 1.760486219332340241e+01 9.000000000000000000e+01
-4.967936675842350525e+01 1.765107415195292617e+01 9.000000000000000000e+01
-4.945231541689022947e+01 1.769686042435326456e+01 9.000000000000000000e+01
-4.922123487607962744e+01 1.774222076525473923e+01 9.000000000000000000e+01
-4.898619521858496739e+01 1.778715528592351092e+01 9.000000000000000000e+01
-4.874726613427534971e+01 1.783166443848823235e+01 9.000000000000000000e+01
-4.850451686590660216e+01 1.787574900027773950e+01 9.000000000000000000e+01
-4.825801615837628589e+01 1.791941005822839728e+01 9.000000000000000000e+01
-4.800783221154831892e+01 1.796264899341467469e+01 9.000000000000000000e+01
-4.775403263656314579e+01 1.800546746575172463e+01 9.000000000000000000e+01
-4.749668441554036491e+01 1.804786739891395797e+01 9.000000000000000000e+01
-4.723585386457406088e+01 1.808985096550893701e+01 9.000000000000000000e+01
-4.697160659991392606e+01 1.813142057254164996e+01 9.000000000000000000e+01
-4.670400750722171068e+01 1.817257884719968075e+01 9.000000000000000000e+01
-4.643312071378705497e+01 1.821332862298592303e+01 9.000000000000000000e+01
-4.615900956358507301e+01 1.825367292622159354e+01 9.000000000000000000e+01
-4.588173659505529400e+01 1.829361496293850564e+01 9.000000000000000000e+01
-4.560136352148037275e+01 1.833315810617644814e+01 9.000000000000000000e+01
-4.531795121384310221e+01 1.837230588369796536e+01 9.000000000000000000e+01
-4.503155968603950043e+01 1.841106196613018753e+01 9.000000000000000000e+01
-4.474224808232774819e+01 1.844943015554044763e+01 9.000000000000000000e+01
-4.445007466689261122e+01 1.848741437445004721e+01 9.000000000000000000e+01
-4.415509681540861919e+01 1.852501865528807912e+01 9.000000000000000000e+01
-4.385737100848576375e+01 1.856224713028537820e+01 9.000000000000000000e+01
-4.355695282688541425e+01 1.859910402180652511e+01 9.000000000000000000e+01
-4.325389694839613242e+01 1.863559363311641448e+01 9.000000000000000000e+01
-4.294825714626307445e+01 1.867172033957624677e+01 9.000000000000000000e+01
-4.264008628906717746e+01 1.870748858026251327e+01 9.000000000000000000e+01
-4.232943634195442684e+01 1.874290285000148870e+01 9.000000000000000000e+01
-4.201635836911922439e+01 1.877796769181055581e+01 9.000000000000000000e+01
-4.170090253744914577e+01 1.881268768973712113e+01 9.000000000000000000e+01
-4.138311812124252498e+01 1.884706746208486905e+01 9.000000000000000000e+01
-4.106305350791435416e+01 1.888111165501670996e+01 9.000000000000000000e+01
-4.074075620460923375e+01 1.891482493652320329e+01 9.000000000000000000e+01
-4.041627284564467715e+01 1.894821199074491602e+01 9.000000000000000000e+01
-4.008964920071102966e+01 1.898127751263683649e+01 9.000000000000000000e+01
-3.976093018375908628e+01 1.901402620296287083e+01 9.000000000000000000e+01
-3.943015986250906479e+01 1.904646276360812251e+01 9.000000000000000000e+01
-3.909738146851905327e+01 1.907859189319691140e+01 9.000000000000000000e+01
-3.876263740775392108e+01 1.911041828300424328e+01 9.000000000000000000e+01
-3.842596927159963371e+01 1.914194661314861889e+01 9.000000000000000000e+01
-3.808741784827107324e+01 1.917318154905415639e+01 9.000000000000000000e+01
-3.774702313456409541e+01 1.920412773817027130e+01 9.000000000000000000e+01
-3.740482434790676081e+01 1.923478980693709062e+01 9.000000000000000000e+01
-3.706085993866641815e+01 1.926517235798535665e+01 9.000000000000000000e+01
-3.671516760267318347e+01 1.929527996755955144e+01 9.000000000000000000e+01
-3.636778429392228418e+01 1.932511718315331350e+01 9.000000000000000000e+01
-3.601874623742107673e+01 1.935468852134665241e+01 9.000000000000000000e+01
-3.566808894214820924e+01 1.938399846583457631e+01 9.000000000000000000e+01
-3.531584721409549132e+01 1.941305146563717443e+01 9.000000000000000000e+01
-3.496205516936505120e+01 1.944185193348157625e+01 9.000000000000000000e+01
-3.460674624729601589e+01 1.947040424434640116e+01 9.000000000000000000e+01
-3.424995322359790606e+01 1.949871273415975992e+01 9.000000000000000000e+01
-3.389170822346881096e+01 1.952678169864218560e+01 9.000000000000000000e+01
-3.353204273467905949e+01 1.955461539228616630e+01 9.000000000000000000e+01
-3.317098762060229689e+01 1.958221802746441398e+01 9.000000000000000000e+01
-3.280857313317778079e+01 1.960959377365910328e+01 9.000000000000000000e+01
-3.244482892578869837e+01 1.963674675680496051e+01 9.000000000000000000e+01
-3.207978406604356536e+01 1.966368105873908689e+01 9.000000000000000000e+01
-3.171346704844838271e+01 1.969040071675097536e+01 9.000000000000000000e+01
-3.134590580695838824e+01 1.971690972322630131e+01 9.000000000000000000e+01
-3.097712772740060672e+01 1.974321202537850084e+01 9.000000000000000000e+01
-3.060715965975728992e+01 1.976931152506240252e+01 9.000000000000000000e+01
-3.023602793030405067e+01 1.979521207866437393e+01 9.000000000000000000e+01
-2.986375835359488562e+01 1.982091749706390615e+01 9.000000000000000000e+01
-2.949037624428877180e+01 1.984643154566163403e+01 9.000000000000000000e+01
-2.911590642881330737e+01 1.987175794446920207e+01 9.000000000000000000e+01
-2.874037325686009936e+01 1.989690036825651376e+01 9.000000000000000000e+01
-2.836380061270969222e+01 1.992186244675220408e+01 9.000000000000000000e+01
-2.798621192638203325e+01 1.994664776489342017e+01 9.000000000000000000e+01
-2.760763018461075902e+01 1.997125986312117973e+01 9.000000000000000000e+01
-2.722807794163993123e+01 1.999570223771771893e+01 9.000000000000000000e+01
-2.684757732984117951e+01 2.001997834118268571e+01 9.000000000000000000e+01
-2.646615007015094534e+01 2.004409158264488866e+01 9.000000000000000000e+01
-2.608381748232805109e+01 2.006804532830673082e+01 9.000000000000000000e+01
-2.570060049503044652e+01 2.009184290191869238e+01 9.000000000000000000e+01
-2.531651965571294127e+01 2.011548758528097736e+01 9.000000000000000000e+01
-2.493159514034573121e+01 2.013898261877025675e+01 9.000000000000000000e+01
-2.454584676295494816e+01 2.016233120188897487e+01 9.000000000000000000e+01
-2.415929398498736447e+01 2.018553649383511228e+01 9.000000000000000000e+01
-2.377195592449938744e+01 2.020860161409056843e+01 9.000000000000000000e+01
-2.338385136517386798e+01 2.023152964302608581e+01 9.000000000000000000e+01
-2.299499876516529184e+01 2.025432362252113094e+01 9.000000000000000000e+01
-2.260541626577616725e+01 2.027698655659701998e+01 9.000000000000000000e+01
-2.221512169996729114e+01 2.029952141206181793e+01 9.000000000000000000e+01
-2.182413260070355321e+01 2.032193111916557982e+01 9.000000000000000000e+01
-2.143246620913880562e+01 2.034421857226460872e+01 9.000000000000000000e+01
-2.104013948264175227e+01 2.036638663049356524e+01 9.000000000000000000e+01
-2.064716910266609418e+01 2.038843811844422049e+01 9.000000000000000000e+01
-2.025357148246808947e+01 2.041037582684990070e+01 9.000000000000000000e+01
-1.985936277467382638e+01 2.043220251327458215e+01 9.000000000000000000e+01
-1.946455887869970169e+01 2.045392090280579822e+01 9.000000000000000000e+01
-1.906917544802951880e+01 2.047553368875046331e+01 9.000000000000000000e+01
-1.867322789735049327e+01 2.049704353333299167e+01 9.000000000000000000e+01
-1.827673140955214492e+01 2.051845306839485161e+01 9.000000000000000000e+01
-1.787970094259102183e+01 2.053976489609507894e+01 9.000000000000000000e+01
-1.748215123622400213e+01 2.056098158961105682e+01 9.000000000000000000e+01
-1.708409681861460783e+01 2.058210569383914290e+01 9.000000000000000000e+01
-1.668555201281393607e+01 2.060313972609451127e+01 9.000000000000000000e+01
-1.628653094312118910e+01 2.062408617680996059e+01 9.000000000000000000e+01
-1.588704754132564290e+01 2.064494751023320873e+01 9.000000000000000000e+01
-1.548711555283399122e+01 2.066572616512227967e+01 9.000000000000000000e+01
-1.508674854268649312e+01 2.068642455543880132e+01 9.000000000000000000e+01
-1.468595990146436137e+01 2.070704507103882719e+01 9.000000000000000000e+01
-1.428476285109251975e+01 2.072759007836101119e+01 9.000000000000000000e+01
-1.388317045054016852e+01 2.074806192111186220e+01 9.000000000000000000e+01
-1.348119560142267481e+01 2.076846292094803204e+01 9.000000000000000000e+01
-1.307885105350814570e+01 2.078879537815530654e+01 9.000000000000000000e+01
-1.267614941013133389e+01 2.080906157232430331e+01 9.000000000000000000e+01
-1.227310313351810578e+01 2.082926376302278015e+01 9.000000000000000000e+01
-1.186972455002408466e+01 2.084940419046434812e+01 9.000000000000000000e+01
-1.146602585528939855e+01 2.086948507617370652e+01 9.000000000000000000e+01
-1.106201911931409398e+01 2.088950862364821504e+01 9.000000000000000000e+01
-1.065771629145549682e+01 2.090947701901587763e+01 9.000000000000000000e+01
-1.025312920535178129e+01 2.092939243168972752e+01 9.000000000000000000e+01
-9.848269583774328595e+00 2.094925701501852089e+01 9.000000000000000000e+01
-9.443149043411267485e+00 2.096907290693395254e+01 9.000000000000000000e+01
-9.037779099585881326e+00 2.098884223059428322e+01 9.000000000000000000e+01
-8.632171170912229741e+00 2.100856709502447117e+01 9.000000000000000000e+01
-8.226336583890653031e+00 2.102824959575296049e+01 9.000000000000000000e+01
-7.820286577446756482e+00 2.104789181544505539e+01 9.000000000000000000e+01
-7.414032307415642897e+00 2.106749582453313607e+01 9.000000000000000000e+01
-7.007584850974678758e+00 2.108706368184364521e+01 9.000000000000000000e+01
-6.600955211027817349e+00 2.110659743522111143e+01 9.000000000000000000e+01
-6.194154320543162839e+00 2.112609912214922758e+01 9.000000000000000000e+01
-5.787193046847742828e+00 2.114557077036910115e+01 9.000000000000000000e+01
-5.380082195881021434e+00 2.116501439849488975e+01 9.000000000000000000e+01
-4.972832516410245596e+00 2.118443201662686803e+01 9.000000000000000000e+01
-4.565454704210679893e+00 2.120382562696214279e+01 9.000000000000000000e+01
-4.157959406212172304e+00 2.122319722440309420e+01 9.000000000000000000e+01
-3.750357224616000185e+00 2.124254879716374234e+01 9.000000000000000000e+01
-3.342658720983411769e+00 2.126188232737418460e+01 9.000000000000000000e+01
-2.934874420298883013e+00 2.128119979168331000e+01 9.000000000000000000e+01
-2.527014815010983906e+00 2.130050316185977266e+01 9.000000000000000000e+01
-2.119090369052374356e+00 2.131979440539173254e+01 9.000000000000000000e+01
-1.711111521842637817e+00 2.133907548608511107e+01 9.000000000000000000e+01
-1.303088692275441218e+00 2.135834836466093734e+01 9.000000000000000000e+01
-8.950322826928893694e-01 2.137761499935164267e+01 9.000000000000000000e+01
-4.869526828499467497e-01 2.139687734649670503e+01 9.000000000000000000e+01
-7.886027387063720973e-02 2.141613736113765754e+01 9.000000000000000000e+01
3.292345678011317500e-01 2.143539699761276296e+01 9.000000000000000000e+01
7.373214664532462548e-01 2.145465821015141472e+01 9.000000000000000000e+01
1.145390043158140969e+00 2.147392295346862667e+01 9.000000000000000000e+01
1.553429911822920451e+00 2.149319318335952289e+01 9.000000000000000000e+01
1.961430675235429799e+00 2.151247085729428576e+01 9.000000000000000000e+01
2.369381921103391075e+00 2.153175793501355173e+01 9.000000000000000000e+01
2.777273218083716966e+00 2.155105637912451400e+01 9.000000000000000000e+01
3.185094111800570893e+00 2.157036815569788857e+01 9.000000000000000000e+01
3.592834120848447998e+00 2.158969523486591768e+01 9.000000000000000000e+01
4.000482732778830375e+00 2.160903959142157760e+01 9.000000000000000000e+01
4.408029400067462689e+00 2.162840320541923234e+01 9.000000000000000000e+01
4.815463536059410465e+00 2.164778806277672274e+01 9.000000000000000000e+01
5.222774510890298316e+00 2.166719615587935266e+01 9.000000000000000000e+01
5.629951647380073254e+00 2.168662948418552716e+01 9.000000000000000000e+01
6.036984216897666400e+00 2.170609005483468579e+01 9.000000000000000000e+01
6.443861435193658060e+00 2.172557988325721823e+01 9.000000000000000000e+01
6.850572458197929038e+00 2.174510099378685624e+01 9.000000000000000000e+01
7.257106377780480067e+00 2.176465542027550981e+01 9.000000000000000000e+01
7.663452217472418226e+00 2.178424520671073594e+01 9.000000000000000000e+01
8.069598928144019467e+00 2.180387240783596425e+01 9.000000000000000000e+01
8.475535383638296949e+00 2.182353908977363943e+01 9.000000000000000000e+01
8.881250376356081944e+00 2.184324733065132307e+01 9.000000000000000000e+01
9.286732612790999042e+00 2.186299922123099648e+01 9.000000000000000000e+01
9.691970709011108909e+00 2.188279686554147929e+01 9.000000000000000000e+01
1.009695318608417303e+01 2.190264238151425502e+01 9.000000000000000000e+01
1.050166846544465571e+01 2.192253790162264693e+01 9.000000000000000000e+01
1.090610486419835645e+01 2.194248557352447904e+01 9.000000000000000000e+01
1.131025059036324976e+01 2.196248756070827923e+01 9.000000000000000000e+01
1.171409373804263154e+01 2.198254604314304572e+01 9.000000000000000000e+01
1.211762228252778684e+01 2.200266321793165503e+01 9.000000000000000000e+01
1.252082407532806307e+01 2.202284129996786533e+01 9.000000000000000000e+01
1.292368683912417993e+01 2.204308252259701817e+01 9.000000000000000000e+01
1.332619816264273283e+01 2.206338913828031778e+01 9.000000000000000000e+01
1.372834549544872296e+01 2.208376341926275188e+01 9.000000000000000000e+01
1.413011614265242599e+01 2.210420765824456169e+01 9.000000000000000000e+01
1.453149725952841109e+01 2.212472416905615447e+01 9.000000000000000000e+01
1.493247584604318412e+01 2.214531528733646937e+01 9.000000000000000000e+01
1.533303874128804978e+01 2.216598337121456197e+01 9.000000000000000000e+01
1.573317261781493137e+01 2.218673080199440406e+01 9.000000000000000000e+01
1.613286397587074816e+01 2.220755998484256821e+01 9.000000000000000000e+01
1.653209913752841587e+01 2.222847334947874742e+01 9.000000000000000000e+01
1.693086424071049123e+01 2.224947335086882205e+01 9.000000000000000000e+01
1.732914523310211052e+01 2.227056246992021471e+01 9.000000000000000000e+01
1.772692786595098724e+01 2.229174321417920979e+01 9.000000000000000000e+01
1.812419768774973150e+01 2.231301811853000316e+01 9.000000000000000000e+01
1.852094003779870945e+01 2.233438974589500603e+01 9.000000000000000000e+01
1.891714003964527890e+01 2.235586068793606174e+01 9.000000000000000000e+01
1.931278259439614686e+01 2.237743356575607478e+01 9.000000000000000000e+01
1.970785237390026978e+01 2.239911103060057940e+01 9.000000000000000000e+01
2.010233381379823925e+01 2.242089576455864730e+01 9.000000000000000000e+01
2.049621110643550992e+01 2.244279048126258047e+01 9.000000000000000000e+01
2.088946819363614438e+01 2.246479792658570318e+01 9.000000000000000000e+01
2.128208875933355770e+01 2.248692087933747885e+01 9.000000000000000000e+01
2.167405622205558657e+01 2.250916215195520209e+01 9.000000000000000000e+01
2.206535372726080269e+01 2.253152459119145234e+01 9.000000000000000000e+01
2.245596413952238635e+01 2.255401107879620071e+01 9.000000000000000000e+01
2.284587003455769150e+01 2.257662453219277765e+01 9.000000000000000000e+01
2.323505369109944851e+01 2.259936790514645821e+01 9.000000000000000000e+01
2.362349708260684977e+01 2.262224418842452422e+01 9.000000000000000000e+01
2.401118186881321037e+01 2.264525641044653881e+01 9.000000000000000000e+01
2.439808938710774555e+01 2.266840763792340496e+01 9.000000000000000000e+01
2.478420064374943976e+01 2.269170097648389728e+01 9.000000000000000000e+01
2.516949630490992718e+01 2.271513957128682648e+01 9.000000000000000000e+01
2.555395668754431426e+01 2.273872660761735531e+01 9.000000000000000000e+01
2.593756175008728349e+01 2.276246531146560415e+01 9.000000000000000000e+01
2.632029108297286868e+01 2.278635895008547863e+01 9.000000000000000000e+01
2.670212389897704242e+01 2.281041083253178314e+01 9.000000000000000000e+01
2.708303902338092328e+01 2.283462431017336058e+01 9.000000000000000000e+01
2.746301488395465640e+01 2.285900277717979279e+01 9.000000000000000000e+01
2.784202950076102923e+01 2.288354967097930270e+01 9.000000000000000000e+01
2.822006047577807664e+01 2.290826847268495925e+01 9.000000000000000000e+01
2.859708498234171614e+01 2.293316270748655228e+01 9.000000000000000000e+01
2.897307975440844174e+01 2.295823594500486919e+01 9.000000000000000000e+01
2.934802107563882956e+01 2.298349179960528232e+01 9.000000000000000000e+01
2.972188476830420001e+01 2.300893393066715831e+01 9.000000000000000000e+01
3.009464618201748110e+01 2.303456604280546216e+01 9.000000000000000000e+01
3.046628018229158741e+01 2.306039188604063739e+01 9.000000000000000000e+01
3.083676113892843418e+01 2.308641525591283283e+01 9.000000000000000000e+01
3.120606291424206447e+01 2.311263999353592524e+01 9.000000000000000000e+01
3.157415885112124698e+01 2.313906998558699968e+01 9.000000000000000000e+01
3.194102176093637269e+01 2.316570916422628557e+01 9.000000000000000000e+01
3.230662391129731503e+01 2.319256150694261009e+01 9.000000000000000000e+01
3.267093701366946590e+01 2.321963103631891556e+01 9.000000000000000000e+01
3.303393221085575959e+01 2.324692181971221672e+01 9.000000000000000000e+01
3.339558006435467519e+01 2.327443796884213612e+01 9.000000000000000000e+01
3.375585054160365672e+01 2.330218363928164749e+01 9.000000000000000000e+01
3.411471300312044974e+01 2.333016302984368551e+01 9.000000000000000000e+01
3.447213618955488101e+01 2.335838038185661958e+01 9.000000000000000000e+01
3.482808820866492994e+01 2.338683997832139383e+01 9.000000000000000000e+01
3.518253652223366146e+01 2.341554614294302539e+01 9.000000000000000000e+01
3.553544793294384618e+01 2.344450323902840339e+01 9.000000000000000000e+01
3.588678857122898336e+01 2.347371566824232758e+01 9.000000000000000000e+01
3.623652388212227038e+01 2.350318786921332048e+01 9.000000000000000000e+01
3.658461861212515487e+01 2.353292431598019618e+01 9.000000000000000000e+01
3.693103679612074330e+01 2.356292951627038335e+01 9.000000000000000000e+01
3.727574174435866183e+01 2.359320800960033537e+01 9.000000000000000000e+01
3.761869602953962755e+01 2.362376436518823652e+01 9.000000000000000000e+01
3.795986147403188937e+01 2.365460317966879344e+01 9.000000000000000000e+01
3.829919913725223779e+01 2.368572907459957477e+01 9.000000000000000000e+01
3.863666930324835391e+01 2.371714669374815898e+01 9.000000000000000000e+01
3.897223146852131492e+01 2.374886070014898465e+01 9.000000000000000000e+01
3.930584433012945311e+01 2.378087577291848476e+01 9.000000000000000000e+01
3.963746577411885852e+01 2.381319660381700842e+01 9.000000000000000000e+01
3.996705286432760573e+01 2.384582789354567112e+01 9.000000000000000000e+01
4.029456183161461524e+01 2.387877434776611452e+01 9.000000000000000000e+01
4.061994806356762666e+01 2.391204067283121759e+01 9.000000000000000000e+01
4.094316609474693536e+01 2.394563157121436703e+01 9.000000000000000000e+01
4.126416959752661029e+01 2.400000000000000000e+01 9.000000000000000000e+01
