-8.019859582462234471e+01 0.000000000000000000e+00 6.000000000000000000e+01
-7.983910442125220186e+01 1.810307604098292389e-01 6.000000000000000000e+01
-7.947513399100932929e+01 2.681576370682348665e-01 6.000000000000000000e+01
-7.910714128690769087e+01 3.500563198991075708e-01 6.000000000000000000e+01
-7.873552838993335001e+01 4.271906159841750150e-01 6.000000000000000000e+01
-7.836065002324235707e+01 4.999774449904857421e-01 6.000000000000000000e+01
-7.798281985233323610e+01 5.687915588714633763e-01 6.000000000000000000e+01
-7.760231590190798556e+01 6.339699308856152626e-01 6.000000000000000000e+01
-7.721938520941463935e+01 6.958157743425557040e-01 6.000000000000000000e+01
-7.683424782255292484e+01 7.546021823075717005e-01 6.000000000000000000e+01
-7.644710023497526663e+01 8.105753984399526324e-01 6.000000000000000000e+01
-7.605811834194793164e+01 8.639577400895596115e-01 6.000000000000000000e+01
-7.566745998632515580e+01 9.149502004446975478e-01 6.000000000000000000e+01
-7.527526715501501542e+01 9.637347587835497498e-01 6.000000000000000000e+01
-7.488166787721418416e+01 1.010476428005457006e+00 6.000000000000000000e+01
-7.448677786799215994e+01 1.055325067463632527e+00 6.000000000000000000e+01
-7.409070195421196559e+01 1.098416987255125710e+00 6.000000000000000000e+01
-7.369353531415602276e+01 1.139876367915555466e+00 6.000000000000000000e+01
-7.329536455746257673e+01 1.179816517150213073e+00 6.000000000000000000e+01
-7.289626866794668558e+01 1.218340982953058038e+00 6.000000000000000000e+01
-7.249631982847499501e+01 1.255544540304762258e+00 6.000000000000000000e+01
-7.209558414419281291e+01 1.291514066644654735e+00 6.000000000000000000e+01
-7.169412227797602100e+01 1.326329319498032122e+00 6.000000000000000000e+01
-7.129199000993737911e+01 1.360063628013189474e+00 6.000000000000000000e+01
-7.088923873108828388e+01 1.392784508715274150e+00 6.000000000000000000e+01
-7.048591587979805695e+01 1.424554214505072025e+00 6.000000000000000000e+01
-7.008206532845716197e+01 1.455430224805837502e+00 6.000000000000000000e+01
-6.967772772670407733e+01 1.485465683775231138e+00 6.000000000000000000e+01
-6.927294080668720255e+01 1.514709792636952601e+00 6.000000000000000000e+01
-6.886773965507769901e+01 1.543208161433959447e+00 6.000000000000000000e+01
-6.846215695590667849e+01 1.571003124848547872e+00 6.000000000000000000e+01
-6.805622320775103162e+01 1.598134026162457921e+00 6.000000000000000000e+01
-6.764996691832398312e+01 1.624637472931572013e+00 6.000000000000000000e+01
-6.724341477912454934e+01 1.650547567515373570e+00 6.000000000000000000e+01
-6.683659182245693842e+01 1.675896115222583971e+00 6.000000000000000000e+01
-6.642952156283384113e+01 1.700712812504154181e+00 6.000000000000000000e+01
-6.602222612452428052e+01 1.725025417336579547e+00 6.000000000000000000e+01
-6.561472635678597953e+01 1.748859903686707851e+00 6.000000000000000000e+01
-6.520704193813304528e+01 1.772240601729211162e+00 6.000000000000000000e+01
-6.479919147082553366e+01 1.795190325295225486e+00 6.000000000000000000e+01
-6.439119256662480950e+01 1.817730487862061928e+00 6.000000000000000000e+01
-6.398306192473447140e+01 1.839881208245829791e+00 6.000000000000000000e+01
-6.357481540273974474e+01 1.861661407029069348e+00 6.000000000000000000e+01
-6.316646808126346713e+01 1.883088894641164801e+00 6.000000000000000000e+01
-6.275803432297553286e+01 1.904180451908938254e+00 6.000000000000000000e+01
-6.234952782651980385e+01 1.924951903806195519e+00 6.000000000000000000e+01
-6.194096167586093316e+01 1.945418187052942338e+00 6.000000000000000000e+01
-6.153234838549715846e+01 1.965593412145948626e+00 6.000000000000000000e+01
-6.112369994193744560e+01 1.985490920341289156e+00 6.000000000000000000e+01
-6.071502784179796208e+01 2.005123336055468553e+00 6.000000000000000000e+01
-6.030634312683578457e+01 2.024502615103797254e+00 6.000000000000000000e+01
-5.989765641620360270e+01 2.043640089152146899e+00 6.000000000000000000e+01
-5.948897793618080243e+01 2.062546506720378758e+00 6.000000000000000000e+01
-5.908031754760938981e+01 2.081232071042097065e+00 6.000000000000000000e+01
-5.867168477124015169e+01 2.099706475055381549e+00 6.000000000000000000e+01
-5.826308881117442695e+01 2.117978933772400207e+00 6.000000000000000000e+01
-5.785453857656790433e+01 2.136058214251918219e+00 6.000000000000000000e+01
-5.744604270174692573e+01 2.153952663377328935e+00 6.000000000000000000e+01
-5.703760956487316491e+01 2.171670233623721913e+00 6.000000000000000000e+01
-5.662924730527966943e+01 2.189218506980349144e+00 6.000000000000000000e+01
-5.622096383958901100e+01 2.206604717179478925e+00 6.000000000000000000e+01
-5.581276687671516612e+01 2.223835770368778331e+00 6.000000000000000000e+01
-5.540466393183988458e+01 2.240918264351973388e+00 6.000000000000000000e+01
-5.499666233944705596e+01 2.257858506511317032e+00 6.000000000000000000e+01
-5.458876926549080366e+01 2.274662530515343395e+00 6.000000000000000000e+01
-5.418099171876573195e+01 2.291336111906250306e+00 6.000000000000000000e+01
-5.377333656154222297e+01 2.307884782653089051e+00 6.000000000000000000e+01
-5.336581051952428112e+01 2.324313844749464675e+00 6.000000000000000000e+01
-5.295842019118189370e+01 2.340628382927756324e+00 6.000000000000000000e+01
-5.255117205650553558e+01 2.356833276555790224e+00 6.000000000000000000e+01
-5.214407248522699234e+01 2.372933210776346780e+00 6.000000000000000000e+01
-5.173712774454615726e+01 2.388932686944910344e+00 6.000000000000000000e+01
-5.133034400640057271e+01 2.404836032416490799e+00 6.000000000000000000e+01
-5.092372735431153075e+01 2.420647409728227561e+00 6.000000000000000000e+01
-5.051728378983743539e+01 2.436370825220718128e+00 6.000000000000000000e+01
-5.011101923866293362e+01 2.452010137137586199e+00 6.000000000000000000e+01
-4.970493955635011218e+01 2.467569063239659410e+00 6.000000000000000000e+01
-4.929905053377556357e+01 2.483051187967312057e+00 6.000000000000000000e+01
-4.889335790227561773e+01 2.498459969181881402e+00 6.000000000000000000e+01
-4.848786733852025321e+01 2.513798744514708083e+00 6.000000000000000000e+01
-4.808258446913461626e+01 2.529070737350179066e+00 6.000000000000000000e+01
-4.767751487508513719e+01 2.544279062467138086e+00 6.000000000000000000e+01
-4.727266409584727569e+01 2.559426731361198026e+00 6.000000000000000000e+01
-4.686803763336863682e+01 2.574516657268866471e+00 6.000000000000000000e+01
-4.646364095584235798e+01 2.589551659912756154e+00 6.000000000000000000e+01
-4.605947950130293833e+01 2.604534469985866796e+00 6.000000000000000000e+01
-4.565555868105627724e+01 2.619467733391525055e+00 6.000000000000000000e+01
-4.525188388295565289e+01 2.634354015254403159e+00 6.000000000000000000e+01
-4.484846047453292783e+01 2.649195803716982933e+00 6.000000000000000000e+01
-4.444529380599531976e+01 2.663995513534760384e+00 6.000000000000000000e+01
-4.404238921309594446e+01 2.678755489482580909e+00 6.000000000000000000e+01
-4.363975201988652231e+01 2.693478009583637256e+00 6.000000000000000000e+01
-4.323738754136046936e+01 2.708165288171849650e+00 6.000000000000000000e+01
-4.283530108599238417e+01 2.722819478797652959e+00 6.000000000000000000e+01
-4.243349795818154746e+01 2.737442676986487911e+00 6.000000000000000000e+01
-4.203198346060551671e+01 2.752036922858680512e+00 6.000000000000000000e+01
-4.163076289648868311e+01 2.766604203618877378e+00 6.000000000000000000e+01
-4.122984157179281084e+01 2.781146455922542948e+00 6.000000000000000000e+01
-4.082922479733311860e+01 2.795665568126646239e+00 6.000000000000000000e+01
-4.042891789082517562e+01 2.810163382431150936e+00 6.000000000000000000e+01
-4.002892617886774218e+01 2.824641696917451927e+00 6.000000000000000000e+01
-3.962925499886416247e+01 2.839102267489632236e+00 6.000000000000000000e+01
-3.922990970088796558e+01 2.853546809723859212e+00 6.000000000000000000e+01
-3.883089564949489869e+01 2.867977000631105167e+00 6.000000000000000000e+01
-3.843221822548535727e+01 2.882394480337870935e+00 6.000000000000000000e+01
-3.803388282762085026e+01 2.896800853689398991e+00 6.000000000000000000e+01
-3.763589487429651825e+01 2.911197691779596752e+00 6.000000000000000000e+01
-3.723825980517366929e+01 2.925586533411535406e+00 6.000000000000000000e+01
-3.684098308277397393e+01 2.939968886492275058e+00 6.000000000000000000e+01
-3.644407019403840309e+01 2.954346229365432563e+00 6.000000000000000000e+01
-3.604752665185343830e+01 2.968720012084774318e+00 6.000000000000000000e+01
-3.565135799654603943e+01 2.983091657631890659e+00 6.000000000000000000e+01
-3.525556979735005569e+01 2.997462563080814046e+00 6.000000000000000000e+01
-3.486016765384618310e+01 3.011834100712317053e+00 6.000000000000000000e+01
-3.446515719737654138e+01 3.026207619080412581e+00 6.000000000000000000e+01
-3.407054409243656323e+01 3.040584444033467282e+00 6.000000000000000000e+01
-3.367633403804509840e+01 3.054965879692186359e+00 6.000000000000000000e+01
-3.328253276909474323e+01 3.069353209386618264e+00 6.000000000000000000e+01
-3.288914605768391652e+01 3.083747696554127504e+00 6.000000000000000000e+01
-3.249617971443132802e+01 3.098150585600332185e+00 6.000000000000000000e+01
-3.210363958977548293e+01 3.112563102724652531e+00 6.000000000000000000e+01
-3.171153157525916200e+01 3.126986456712298246e+00 6.000000000000000000e+01
-3.131986160480067483e+01 3.141421839694180207e+00 6.000000000000000000e+01
-3.092863565595326136e+01 3.155870427876275919e+00 6.000000000000000000e+01
-3.053785975115279783e+01 3.170333382239904907e+00 6.000000000000000000e+01
-3.014753995895604888e+01 3.184811849214181034e+00 6.000000000000000000e+01
-2.975768239526911429e+01 3.199306961321961129e+00 6.000000000000000000e+01
-2.936829322456787139e+01 3.213819837800464096e+00 6.000000000000000000e+01
-2.897937866111105620e+01 3.228351585197682283e+00 6.000000000000000000e+01
-2.859094497014650216e+01 3.242903297945654018e+00 6.000000000000000000e+01
-2.820299846911139241e+01 3.257476058911624950e+00 6.000000000000000000e+01
-2.781554552882771603e+01 3.272070939928022781e+00 6.000000000000000000e+01
-2.742859257469269707e+01 3.286689002302154439e+00 6.000000000000000000e+01
-2.704214608786591612e+01 3.301331297306484558e+00 6.000000000000000000e+01
-2.665621260645270496e+01 3.315998866650303523e+00 6.000000000000000000e+01
-2.627079872668483773e+01 3.330692742933541783e+00 6.000000000000000000e+01
-2.588591110409955576e+01 3.345413950083425458e+00 6.000000000000000000e+01
-2.550155645471632937e+01 3.360163503774706406e+00 6.000000000000000000e+01
-2.511774155621274929e+01 3.374942411834067180e+00 6.000000000000000000e+01
-2.473447324909970746e+01 3.389751674629327471e+00 6.000000000000000000e+01
-2.435175843789588512e+01 3.404592285444016930e+00 6.000000000000000000e+01
-2.396960409230286615e+01 3.419465230837881897e+00 6.000000000000000000e+01
-2.358801724838017932e+01 3.434371490993798570e+00 6.000000000000000000e+01
-2.320700500972123592e+01 3.449312040051623285e+00 6.000000000000000000e+01
-2.282657454863062441e+01 3.464287846429404905e+00 6.000000000000000000e+01
-2.244673310730224713e+01 3.479299873132405629e+00 6.000000000000000000e+01
-2.206748799899958868e+01 3.494349078050331237e+00 6.000000000000000000e+01
-2.168884660923758645e+01 3.509436414243161106e+00 6.000000000000000000e+01
-2.131081639696648722e+01 3.524562830215951958e+00 6.000000000000000000e+01
-2.093340489575842156e+01 3.539729270182907506e+00 6.000000000000000000e+01
-2.055661971499582918e+01 3.554936674321104828e+00 6.000000000000000000e+01
-2.018046854106315635e+01 3.570185979014126598e+00 6.000000000000000000e+01
-1.980495913854083412e+01 3.585478117085886929e+00 6.000000000000000000e+01
-1.943009935140214495e+01 3.600814018024958596e+00 6.000000000000000000e+01
-1.905589710421342176e+01 3.616194608199580163e+00 6.000000000000000000e+01
-1.868236040333669834e+01 3.631620811063650311e+00 6.000000000000000000e+01
-1.830949733813601199e+01 3.647093547353855936e+00 6.000000000000000000e+01
-1.793731608218636353e+01 3.662613735278187566e+00 6.000000000000000000e+01
-1.756582489448577888e+01 3.678182290696011325e+00 6.000000000000000000e+01
-1.719503212067091624e+01 3.693800127289857294e+00 6.000000000000000000e+01
-1.682494619423517790e+01 3.709468156729105903e+00 6.000000000000000000e+01
-1.645557563774994492e+01 3.725187288825718479e+00 6.000000000000000000e+01
-1.608692906408900569e+01 3.740958431682114060e+00 6.000000000000000000e+01
-1.571901517765532752e+01 3.756782491831381243e+00 6.000000000000000000e+01
-1.535184277561091015e+01 3.772660374369858349e+00 6.000000000000000000e+01
-1.498542074910890776e+01 3.788592983082256449e+00 6.000000000000000000e+01
-1.461975808452803705e+01 3.804581220559369203e+00 6.000000000000000000e+01
-1.425486386470954692e+01 3.820625988308449905e+00 6.000000000000000000e+01
-1.389074727019553634e+01 3.836728186856377842e+00 6.000000000000000000e+01
-1.352741758046954601e+01 3.852888715845594447e+00 6.000000000000000000e+01
-1.316488417519817133e+01 3.869108474122929575e+00 6.000000000000000000e+01
-1.280315653547382304e+01 3.885388359821345006e+00 6.000000000000000000e+01
-1.244224424505867610e+01 3.901729270434575181e+00 6.000000000000000000e+01
-1.208215699162849610e+01 3.918132102884799295e+00 6.000000000000000000e+01
-1.172290456801716019e+01 3.934597753583226165e+00 6.000000000000000000e+01
-1.136449687346042658e+01 3.951127118483734879e+00 6.000000000000000000e+01
-1.100694391483903445e+01 3.967721093129478405e+00 6.000000000000000000e+01
-1.065025580792089777e+01 3.984380572692470590e+00 6.000000000000000000e+01
-1.029444277860127777e+01 4.001106452006181868e+00 6.000000000000000000e+01
-9.939515164140820147e+00 4.017899625591048185e+00 6.000000000000000000e+01
-9.585483414401100077e+00 4.034760987672945554e+00 6.000000000000000000e+01
-9.232358093076388883e+00 4.051691432194534315e+00 6.000000000000000000e+01
-8.880149878921967499e+00 4.068691852819460664e+00 6.000000000000000000e+01
-8.528869566977514083e+00 4.085763142929377700e+00 6.000000000000000000e+01
-8.178528069785206966e+00 4.102906195613707396e+00 6.000000000000000000e+01
-7.829136418602208991e+00 4.120121903652091078e+00 6.000000000000000000e+01
-7.480705764605884767e+00 4.137411159489483126e+00 6.000000000000000000e+01
-7.133247380092075041e+00 4.154774855203793749e+00 6.000000000000000000e+01
-6.786772659664510599e+00 4.172213882466011547e+00 6.000000000000000000e+01
-6.441293121415262668e+00 4.189729132492739261e+00 6.000000000000000000e+01
-6.096820408095208421e+00 4.207321495991015681e+00 6.000000000000000000e+01
-5.753366288273107365e+00 4.224991863095395317e+00 6.000000000000000000e+01
-5.410942657482922691e+00 4.242741123297121497e+00 6.000000000000000000e+01
-5.069561539358071300e+00 4.260570165365336948e+00 6.000000000000000000e+01
-4.729235086751169881e+00 4.278479877260227049e+00 6.000000000000000000e+01
-4.389975582839155344e+00 4.296471146037937672e+00 6.000000000000000000e+01
-4.051795442211565401e+00 4.314544857747227624e+00 6.000000000000000000e+01
-3.714707211941131515e+00 4.332701897317677187e+00 6.000000000000000000e+01
-3.378723572636099348e+00 4.350943148439351482e+00 6.000000000000000000e+01
-3.043857339471657042e+00 4.369269493433819207e+00 6.000000000000000000e+01
-2.710121463200545477e+00 4.387681813116358853e+00 6.000000000000000000e+01
-2.377529031140352078e+00 4.406180986649240516e+00 6.000000000000000000e+01
-2.046093268136543131e+00 4.424767891385981144e+00 6.000000000000000000e+01
-1.715827537500004052e+00 4.443443402706363621e+00 6.000000000000000000e+01
-1.386745341916638674e+00 4.462208393842168164e+00 6.000000000000000000e+01
-1.058860324328640079e+00 4.481063735693417094e+00 6.000000000000000000e+01
-7.321862687847578988e-01 4.500010296635016616e+00 6.000000000000000000e+01
-4.067371012581576517e-01 4.519048942313669492e+00 6.000000000000000000e+01
-8.252689043070864094e-02 4.538180535434857887e+00 6.000000000000000000e+01
2.404301515591859839e-01 4.557405935539851072e+00 6.000000000000000000e+01
5.621196684060947302e-01 4.576725998772495529e+00 6.000000000000000000e+01
8.825271589669482220e-01 4.596141577635703968e+00 6.000000000000000000e+01
1.201637976632156768e+00 4.615653520737508231e+00 6.000000000000000000e+01
1.519437328740118387e+00 4.635262672526481609e+00 6.000000000000000000e+01
1.835910276037812316e+00 4.654969873016463922e+00 6.000000000000000000e+01
2.151041732189348910e+00 4.674775957500393986e+00 6.000000000000000000e+01
2.464816463334330354e+00 4.694681756253143767e+00 6.000000000000000000e+01
2.777219087699136946e+00 4.714688094223231651e+00 6.000000000000000000e+01
3.088234075262471290e+00 4.734795790713262065e+00 6.000000000000000000e+01
3.397845747478338563e+00 4.755005659048989308e+00 6.000000000000000000e+01
3.706038277058639085e+00 4.775318506236897242e+00 6.000000000000000000e+01
4.012795687817416912e+00 4.795735132610130513e+00 6.000000000000000000e+01
4.318101854580321586e+00 4.816256331462755114e+00 6.000000000000000000e+01
4.621940503160674396e+00 4.836882888672167979e+00 6.000000000000000000e+01
4.924295210405849055e+00 4.857615582309612101e+00 6.000000000000000000e+01
5.225149404316173474e+00 4.878455182238695897e+00 6.000000000000000000e+01
5.524486364238891056e+00 4.899402449701842244e+00 6.000000000000000000e+01
5.822289221140793281e+00 4.920458136894615642e+00 6.000000000000000000e+01
6.118540957961392301e+00 4.941622986527830719e+00 6.000000000000000000e+01
6.413224410050365698e+00 4.962897731377454491e+00 6.000000000000000000e+01
6.706322265691956552e+00 4.984283093822240218e+00 6.000000000000000000e+01
6.997817066718944545e+00 5.005779785369038670e+00 6.000000000000000000e+01
7.287691209219915756e+00 5.027388506165853421e+00 6.000000000000000000e+01
7.575926944342567637e+00 5.049109944502594871e+00 6.000000000000000000e+01
7.862506379195850492e+00 5.070944776299563195e+00 6.000000000000000000e+01
8.147411477854905826e+00 5.092893664583713509e+00 6.000000000000000000e+01
8.430624062471078872e+00 5.114957258952749442e+00 6.000000000000000000e+01
8.712125814490869757e+00 5.137136195027117935e+00 6.000000000000000000e+01
8.991898275986933697e+00 5.159431093890018971e+00 6.000000000000000000e+01
9.269922851103853390e+00 5.181842561515500378e+00 6.000000000000000000e+01
9.546180807622931752e+00 5.204371188184829577e+00 6.000000000000000000e+01
9.820653278648180162e+00 5.227017547891231075e+00 6.000000000000000000e+01
1.009332126441766775e+01 5.249782197733252609e+00 6.000000000000000000e+01
1.036416563424308812e+01 5.272665677296880737e+00 6.000000000000000000e+01
1.063316712858068769e+01 5.295668508026681209e+00 6.000000000000000000e+01
1.090030636123733920e+01 5.318791192586222571e+00 6.000000000000000000e+01
1.116556382171423323e+01 5.342034214208022824e+00 6.000000000000000000e+01
1.142891987769223050e+01 5.365398036033390383e+00 6.000000000000000000e+01
1.169035477766150599e+01 5.388883100442448892e+00 6.000000000000000000e+01
1.194984865369864480e+01 5.412489828374723366e+00 6.000000000000000000e+01
1.220738152439454538e+01 5.436218618640708655e+00 6.000000000000000000e+01
1.246293329793616955e+01 5.460069847224852779e+00 6.000000000000000000e+01
1.271648377534459939e+01 5.484043866580361026e+00 6.000000000000000000e+01
1.296801265387312441e+01 5.508141004916430994e+00 6.000000000000000000e+01
1.321749953056743898e+01 5.532361565478325360e+00 6.000000000000000000e+01
1.346492390599105704e+01 5.556705825820952072e+00 6.000000000000000000e+01
1.371026518811869899e+01 5.581174037076504391e+00 6.000000000000000000e+01
1.395350269639965290e+01 5.605766423216806515e+00 6.000000000000000000e+01
1.419461566599419555e+01 5.630483180311074420e+00 6.000000000000000000e+01
1.443358325218467719e+01 5.655324475779755389e+00 6.000000000000000000e+01
1.467038453496396500e+01 5.680290447645260699e+00 6.000000000000000000e+01
1.490499852380296097e+01 5.705381203780350852e+00 6.000000000000000000e+01
1.513740416259880561e+01 5.730596821154987808e+00 6.000000000000000000e+01
1.536758033480603380e+01 5.755937345082598355e+00 6.000000000000000000e+01
1.559550586875135103e+01 5.781402788466565745e+00 6.000000000000000000e+01
1.582115954313400863e+01 5.806993131047983425e+00 6.000000000000000000e+01
1.604452009271230395e+01 5.832708318655612345e+00 6.000000000000000000e+01
1.626556621417740445e+01 5.858548262459080114e+00 6.000000000000000000e+01
1.648427657221476395e+01 5.884512838226418907e+00 6.000000000000000000e+01
1.670062980575380607e+01 5.910601885587005278e+00 6.000000000000000000e+01
1.691460453440566525e+01 5.936815207301061825e+00 6.000000000000000000e+01
1.712617936508907590e+01 5.963152568536940201e+00 6.000000000000000000e+01
1.733533289884371342e+01 5.989613696157326750e+00 6.000000000000000000e+01
1.754204373783033688e+01 6.016198278015679968e+00 6.000000000000000000e+01
1.774629049251690915e+01 6.042905962264192077e+00 6.000000000000000000e+01
1.794805178904863396e+01 6.069736356674515498e+00 6.000000000000000000e+01
1.814730627680111752e+01 6.096689027972699293e+00 6.000000000000000000e+01
1.834403263611378776e+01 6.123763501189635861e+00 6.000000000000000000e+01
1.853820958620176995e+01 6.150959259028448756e+00 6.000000000000000000e+01
1.872981589324312779e+01 6.178275741250268460e+00 6.000000000000000000e+01
1.891883037863832939e+01 6.205712344079777232e+00 6.000000000000000000e+01
1.910523192743885446e+01 6.233268419632092439e+00 6.000000000000000000e+01
1.928899949694031335e+01 6.260943275362345517e+00 6.000000000000000000e+01
1.947011212543661074e+01 6.288736173539573038e+00 6.000000000000000000e+01
1.964854894112995609e+01 6.316646330746359617e+00 6.000000000000000000e+01
1.982428917119158385e+01 6.344672917405739021e+00 6.000000000000000000e+01
1.999731215096812420e+01 6.372815057336934430e+00 6.000000000000000000e+01
2.016759733332724736e+01 6.401071827341389131e+00 6.000000000000000000e+01
2.033512429813647060e+01 6.429442256820625090e+00 6.000000000000000000e+01
2.049987276186833185e+01 6.457925327427465945e+00 6.000000000000000000e+01
2.066182258732465371e+01 6.486519972752056162e+00 6.000000000000000000e+01
2.082095379347245867e+01 6.515225078044209361e+00 6.000000000000000000e+01
2.097724656538339261e+01 6.544039479973526419e+00 6.000000000000000000e+01
2.113068126426810522e+01 6.572961966428665370e+00 6.000000000000000000e+01
2.128123843759695077e+01 6.601991276357267679e+00 6.000000000000000000e+01
2.142889882929756951e+01 6.631126099647772776e+00 6.000000000000000000e+01
2.157364339001977882e+01 6.660365077054564154e+00 6.000000000000000000e+01
2.171545328745758496e+01 6.689706800167664724e+00 6.000000000000000000e+01
2.185430991671790224e+01 6.719149811428189345e+00 6.000000000000000000e+01
2.199019491072535004e+01 6.748692604190810407e+00 6.000000000000000000e+01
2.212309015065146056e+01 6.778333622834246341e+00 6.000000000000000000e+01
2.225297777635739394e+01 6.808071262920916134e+00 6.000000000000000000e+01
2.237984019683778314e+01 6.837903871406674661e+00 6.000000000000000000e+01
2.250366010065371469e+01 6.867829746901533028e+00 6.000000000000000000e+01
2.262442046634252080e+01 6.897847139982244080e+00 6.000000000000000000e+01
2.274210457279143682e+01 6.927954253557413900e+00 6.000000000000000000e+01
2.285669600956218872e+01 6.958149243285838281e+00 6.000000000000000000e+01
2.296817868715342925e+01 6.988430218048597986e+00 6.000000000000000000e+01
2.307653684718735931e+01 7.018795240475362185e+00 6.000000000000000000e+01
2.318175507250727563e+01 7.049242327525282903e+00 6.000000000000000000e+01
2.328381829717210394e+01 7.079769451122696289e+00 6.000000000000000000e+01
2.338271181633388451e+01 7.110374538847757719e+00 6.000000000000000000e+01
2.347842129598484107e+01 7.141055474682098669e+00 6.000000000000000000e+01
2.357093278255950253e+01 7.171810099809322381e+00 6.000000000000000000e+01
2.366023271237803272e+01 7.202636213470212212e+00 6.000000000000000000e+01
2.374630792091700116e+01 7.233531573872280518e+00 6.000000000000000000e+01
2.382914565189328826e+01 7.264493899153175782e+00 6.000000000000000000e+01
2.390873356614742207e+01 7.295520868397463055e+00 6.000000000000000000e+01
2.398505975031271475e+01 7.326610122705955241e+00 6.000000000000000000e+01
2.405811272525637889e+01 7.357759266316873159e+00 6.000000000000000000e+01
2.412788145427931141e+01 7.388965867777815610e+00 6.000000000000000000e+01
2.419435535106140378e+01 7.420227461167474559e+00 6.000000000000000000e+01
2.425752428733932931e+01 7.451541547365901685e+00 6.000000000000000000e+01
2.431737860030439791e+01 7.482905595372006502e+00 6.000000000000000000e+01
2.437390909970787334e+01 7.514317043666776108e+00 6.000000000000000000e+01
2.442710707466213549e+01 7.545773301620746665e+00 6.000000000000000000e+01
2.447696430012599222e+01 7.577271750943937789e+00 6.000000000000000000e+01
2.452347304306312026e+01 7.608809747176515259e+00 6.000000000000000000e+01
2.456662606826304440e+01 7.640384621218266226e+00 6.000000000000000000e+01
2.460641664381439853e+01 7.671993680894815704e+00 6.000000000000000000e+01
2.464283854622134129e+01 7.703634212558552186e+00 6.000000000000000000e+01
2.467588606515340643e+01 7.735303482721963775e+00 6.000000000000000000e+01
2.470555400782114219e+01 7.766998739721131528e+00 6.000000000000000000e+01
2.473183770296918738e+01 7.798717215406990810e+00 6.000000000000000000e+01
2.475473300447999492e+01 7.830456126861847999e+00 6.000000000000000000e+01
2.477423629458150955e+01 7.862212678138664756e+00 6.000000000000000000e+01
2.479034448665307266e+01 7.893984062020453329e+00 6.000000000000000000e+01
2.480305502762461600e+01 7.925767461797151192e+00 6.000000000000000000e+01
2.481236589996450803e+01 7.957560053057272320e+00 6.000000000000000000e+01
2.481827562325270264e+01 7.989359005491509791e+00 6.000000000000000000e+01
2.482078325533617758e+01 8.021161484705574551e+00 6.000000000000000000e+01
2.482078325533617758e+01 8.021161484705574551e+00 6.000000000000000000e+01
2.481988839306459127e+01 8.052964654039406867e+00 6.000000000000000000e+01
2.481559117260470515e+01 8.084765676389928046e+00 6.000000000000000000e+01
2.480789226933330838e+01 8.116561716034480511e+00 6.000000000000000000e+01
2.479679289730840708e+01 8.148349940452121132e+00 6.000000000000000000e+01
2.478229480832005294e+01 8.180127522139901686e+00 6.000000000000000000e+01
2.476440029052218961e+01 8.211891640421315586e+00 6.000000000000000000e+01
2.474311216664834490e+01 8.243639483244114885e+00 6.000000000000000000e+01
2.471843379181418854e+01 8.275368248964690920e+00 6.000000000000000000e+01
2.469036905091105183e+01 8.307075148116304320e+00 6.000000000000000000e+01
2.465892235559513423e+01 8.338757405158485625e+00 6.000000000000000000e+01
2.462409864087780065e+01 8.370412260204926014e+00 6.000000000000000000e+01
2.458590336132315812e+01 8.402036970727337462e+00 6.000000000000000000e+01
2.454434248685968356e+01 8.433628813232726174e+00 6.000000000000000000e+01
2.449942249821349449e+01 8.465185084911700741e+00 6.000000000000000000e+01
2.445115038197109669e+01 8.496703105255413391e+00 6.000000000000000000e+01
2.439953362528072489e+01 8.528180217638929861e+00 6.000000000000000000e+01
2.434458021020113350e+01 8.559613790868821681e+00 6.000000000000000000e+01
2.428629860770812243e+01 8.591001220692909612e+00 6.000000000000000000e+01
2.422469777136868174e+01 8.622339931270266433e+00 6.000000000000000000e+01
2.415978713069409878e+01 8.653627376599507315e+00 6.000000000000000000e+01
2.409157658418293479e+01 8.684861041903737089e+00 6.000000000000000000e+01
2.402007649206582229e+01 8.716038444970465093e+00 6.000000000000000000e+01
2.394529766876411259e+01 8.747157137444977693e+00 6.000000000000000000e+01
2.386725137507490402e+01 8.778214706075829099e+00 6.000000000000000000e+01
2.378594931009508073e+01 8.809208773911118229e+00 6.000000000000000000e+01
2.370140360289770598e+01 8.840137001444480447e+00 6.000000000000000000e+01
2.361362680397374447e+01 8.870997087709714179e+00 6.000000000000000000e+01
2.352263187645286280e+01 8.901786771323193292e+00 6.000000000000000000e+01
2.342843218711687570e+01 8.932503831473299627e+00 6.000000000000000000e+01
2.333104149721977549e+01 8.963146088856214888e+00 6.000000000000000000e+01
2.323047395312798713e+01 8.993711406557592269e+00 6.000000000000000000e+01
2.312674407679532251e+01 9.024197690879653067e+00 6.000000000000000000e+01
2.301986675608589650e+01 9.054602892113548407e+00 6.000000000000000000e+01
2.290985723495993298e+01 9.084925005256716091e+00 6.000000000000000000e+01
2.279673110353554932e+01 9.115162070675280503e+00 6.000000000000000000e+01
2.268050428804096086e+01 9.145312174711566655e+00 6.000000000000000000e+01
2.256119304067073728e+01 9.175373450236882888e+00 6.000000000000000000e+01
2.243881392935967867e+01 9.205344077149931081e+00 6.000000000000000000e+01
2.231338382748795013e+01 9.235222282821187179e+00 6.000000000000000000e+01
2.218491990353076915e+01 9.265006342483827595e+00 6.000000000000000000e+01
2.205343961066559189e+01 9.294694579571750381e+00 6.000000000000000000e+01
2.191896067634990430e+01 9.324285366005392817e+00 6.000000000000000000e+01
2.178150109188197092e+01 9.353777122426171431e+00 6.000000000000000000e+01
2.164107910195702544e+01 9.383168318380326056e+00 6.000000000000000000e+01
2.149771319423090787e+01 9.412457472453205298e+00 6.000000000000000000e+01
2.135142208890275128e+01 9.441643152354918911e+00 6.000000000000000000e+01
2.120222472832807981e+01 9.470723974958511704e+00 6.000000000000000000e+01
2.105014026667350890e+01 9.499698606291749670e+00 6.000000000000000000e+01
2.089518805962345738e+01 9.528565761483754670e+00 6.000000000000000000e+01
2.073738765414917751e+01 9.557324204667725809e+00 6.000000000000000000e+01
2.057675877835007583e+01 9.585972748841051327e+00 6.000000000000000000e+01
2.041332133137678539e+01 9.614510255684182383e+00 6.000000000000000000e+01
2.024709537344489974e+01 9.642935635339584977e+00 6.000000000000000000e+01
2.007810111594813307e+01 9.671247846152292382e+00 6.000000000000000000e+01
1.990635891167928406e+01 9.699445894373381449e+00 6.000000000000000000e+01
1.973188924516644605e+01 9.727528833827928878e+00 6.000000000000000000e+01
1.955471272313224773e+01 9.755495765548907627e+00 6.000000000000000000e+01
1.937485006508287810e+01 9.783345837378501386e+00 6.000000000000000000e+01
1.919232209403345024e+01 9.811078243538371879e+00 6.000000000000000000e+01
1.900714972737602082e+01 9.838692224170406675e+00 6.000000000000000000e+01
1.881935396789555170e+01 9.866187064849407662e+00 6.000000000000000000e+01
1.862895589493972537e+01 9.893562096069324241e+00 6.000000000000000000e+01
1.843597665574680988e+01 9.920816692704466533e+00 6.000000000000000000e+01
1.824043745693673202e+01 9.947950273447228042e+00 6.000000000000000000e+01
1.804235955616881171e+01 9.974962300223838341e+00 6.000000000000000000e+01
1.784176425397033583e+01 1.000185227758955619e+01 6.000000000000000000e+01
1.763867288573893077e+01 1.002861975210482370e+01 6.000000000000000000e+01
1.743310681392206618e+01 1.005526431169378476e+01 6.000000000000000000e+01
1.722508742037569363e+01 1.008178558498657829e+01 6.000000000000000000e+01
1.701463609890486950e+01 1.010818324064681661e+01 6.000000000000000000e+01
1.680177424798766239e+01 1.013445698668560091e+01 6.000000000000000000e+01
1.658652326368440200e+01 1.016060656976337562e+01 6.000000000000000000e+01
1.636890453273296586e+01 1.018663177448098089e+01 6.000000000000000000e+01
1.614893942583148245e+01 1.021253242266112160e+01 6.000000000000000000e+01
1.592664929110869743e+01 1.023830837262149629e+01 6.000000000000000000e+01
1.570205544778254492e+01 1.026395951844080301e+01 6.000000000000000000e+01
1.547517918000684389e+01 1.028948578921876411e+01 6.000000000000000000e+01
1.524604173090591885e+01 1.031488714833130693e+01 6.000000000000000000e+01
1.501466429679671499e+01 1.034016359268197505e+01 6.000000000000000000e+01
1.478106802159761912e+01 1.036531515195062880e+01 6.000000000000000000e+01
1.454527399142317101e+01 1.039034188784045298e+01 6.000000000000000000e+01
1.430730322936320320e+01 1.041524389332421663e+01 6.000000000000000000e+01
1.406717669044554420e+01 1.044002129189073003e+01 6.000000000000000000e+01
1.382491525678018007e+01 1.046467423679240305e+01 6.000000000000000000e+01
1.358053973288368965e+01 1.048920291029473795e+01 6.000000000000000000e+01
1.333407084118139885e+01 1.051360752292856127e+01 6.000000000000000000e+01
1.308552921768590949e+01 1.053788831274582627e+01 6.000000000000000000e+01
1.283493540784928122e+01 1.056204554457963063e+01 6.000000000000000000e+01
1.258230986258663897e+01 1.058607950930922215e+01 6.000000000000000000e+01
1.232767293446897483e+01 1.060999052313062130e+01 6.000000000000000000e+01
1.207104487408218318e+01 1.063377892683348236e+01 6.000000000000000000e+01
1.181244582654999498e+01 1.065744508508478994e+01 6.000000000000000000e+01
1.155189582821777705e+01 1.068098938571993095e+01 6.000000000000000000e+01
1.128941480349446636e+01 1.070441223904166606e+01 6.000000000000000000e+01
1.102502256184971863e+01 1.072771407712746417e+01 6.000000000000000000e+01
1.075873879496310614e+01 1.075089535314568323e+01 6.000000000000000000e+01
1.049058307402246193e+01 1.077395654068097031e+01 6.000000000000000000e+01
1.022057484716822628e+01 1.079689813306930191e+01 6.000000000000000000e+01
9.948733437080473863e+00 1.081972064274300038e+01 6.000000000000000000e+01
9.675078038705722250e+00 1.084242460058603008e+01 6.000000000000000000e+01
9.399627717119921400e+00 1.086501055529992499e+01 6.000000000000000000e+01
9.122401405524739104e+00 1.088747907278055216e+01 6.000000000000000000e+01
8.843417903373632427e+00 1.090983073550600224e+01 6.000000000000000000e+01
8.562695874624566272e+00 1.093206614193578829e+01 6.000000000000000000e+01
8.280253846115954275e+00 1.095418590592156605e+01 6.000000000000000000e+01
7.996110206062763126e+00 1.097619065612953015e+01 6.000000000000000000e+01
7.710283202669303115e+00 1.099808103547463922e+01 6.000000000000000000e+01
7.422790942855586493e+00 1.101985770056678859e+01 6.000000000000000000e+01
7.133651391093970950e+00 1.104152132116903218e+01 6.000000000000000000e+01
6.842882368352773526e+00 1.106307257966794921e+01 6.000000000000000000e+01
6.550501551143852907e+00 1.108451217055620219e+01 6.000000000000000000e+01
6.256526470670831230e+00 1.110584079992735873e+01 6.000000000000000000e+01
5.960974512074949772e+00 1.112705918498295254e+01 6.000000000000000000e+01
5.663862913775212782e+00 1.114816805355190077e+01 6.000000000000000000e+01
5.365208766900121162e+00 1.116916814362216215e+01 6.000000000000000000e+01
5.065029014807630681e+00 1.119006020288469117e+01 6.000000000000000000e+01
4.763340452690657756e+00 1.121084498828965970e+01 6.000000000000000000e+01
4.460159727264818130e+00 1.123152326561487513e+01 6.000000000000000000e+01
4.155503336535926628e+00 1.125209580904636653e+01 6.000000000000000000e+01
3.849387629644124065e+00 1.127256340077108554e+01 6.000000000000000000e+01
3.541828806781952110e+00 1.129292683058161373e+01 6.000000000000000000e+01
3.232842919183691155e+00 1.131318689549284429e+01 6.000000000000000000e+01
2.922445869183022626e+00 1.133334439937051741e+01 6.000000000000000000e+01
2.610653410336787772e+00 1.135340015257153468e+01 6.000000000000000000e+01
2.297481147611876384e+00 1.137335497159591391e+01 6.000000000000000000e+01
1.982944537633037241e+00 1.139320967875030988e+01 6.000000000000000000e+01
1.667058888988819598e+00 1.141296510182299428e+01 6.000000000000000000e+01
1.349839362593569181e+00 1.143262207377012629e+01 6.000000000000000000e+01
1.031300972102912494e+00 1.145218143241323716e+01 6.000000000000000000e+01
7.114585843804754894e-01 1.147164402014777451e+01 6.000000000000000000e+01
3.903269200137154393e-01 1.149101068366257827e+01 6.000000000000000000e+01
6.792055387637516151e-02 1.151028227367017465e+01 6.000000000000000000e+01
-2.557460842640636445e-01 1.152945964464770867e+01 6.000000000000000000e+01
-5.806587090964849818e-01 1.154854365458842302e+01 6.000000000000000000e+01
-9.068031790755671784e-01 1.156753516476350541e+01 6.000000000000000000e+01
-1.234165495692483239e+00 1.158643503949419085e+01 6.000000000000000000e+01
-1.562731802708761331e+00 1.160524414593395370e+01 6.000000000000000000e+01
-1.892488385355355796e+00 1.162396335386067392e+01 6.000000000000000000e+01
-2.223421669498438558e+00 1.164259353547860165e+01 6.000000000000000000e+01
-2.555518220773684401e+00 1.166113556523001193e+01 6.000000000000000000e+01
-2.888764743691004444e+00 1.167959031961638594e+01 6.000000000000000000e+01
-3.223148080710881658e+00 1.169795867702899095e+01 6.000000000000000000e+01
-3.558655211294442733e+00 1.171624151758872934e+01 6.000000000000000000e+01
-3.895273250928185327e+00 1.173443972299508431e+01 6.000000000000000000e+01
-4.232989450125287156e+00 1.175255417638408240e+01 6.000000000000000000e+01
-4.571791193404771469e+00 1.177058576219510044e+01 6.000000000000000000e+01
-4.911665998249775456e+00 1.178853536604639984e+01 6.000000000000000000e+01
-5.252601514046415510e+00 1.180640387461926899e+01 6.000000000000000000e+01
-5.594585521004386663e+00 1.182419217555065316e+01 6.000000000000000000e+01
-5.937605929060672416e+00 1.184190115733413329e+01 6.000000000000000000e+01
-6.281650776767331301e+00 1.185953170922916122e+01 6.000000000000000000e+01
-6.626708230164755520e+00 1.187708472117843428e+01 6.000000000000000000e+01
-6.972766581641145933e+00 1.189456108373328291e+01 6.000000000000000000e+01
-7.319814248779743515e+00 1.191196168798701116e+01 6.000000000000000000e+01
-7.667839773194192965e+00 1.192928742551603882e+01 6.000000000000000000e+01
-8.016831819353631872e+00 1.194653918832877970e+01 6.000000000000000000e+01
-8.366779173397917546e+00 1.196371786882218480e+01 6.000000000000000000e+01
-8.717670741944198554e+00 1.198082435974582260e+01 6.000000000000000000e+01
-9.069495550885624979e+00 1.199785955417345384e+01 6.000000000000000000e+01
-9.422242744182677043e+00 1.201482434548201361e+01 6.000000000000000000e+01
-9.775901582648497623e+00 1.203171962733792633e+01 6.000000000000000000e+01
-1.013046144272830418e+01 1.204854629369070551e+01 6.000000000000000000e+01
-1.048591181527411287e+01 1.206530523877378158e+01 6.000000000000000000e+01
-1.084224230431499869e+01 1.208199735711249723e+01 6.000000000000000000e+01
-1.119944262582384731e+01 1.209862354353921354e+01 6.000000000000000000e+01
-1.155750260648115457e+01 1.211518469321554470e+01 6.000000000000000000e+01
-1.191641218243608158e+01 1.213168170166162874e+01 6.000000000000000000e+01
-1.227616139806586304e+01 1.214811546479242921e+01 6.000000000000000000e+01
-1.263674040473357962e+01 1.216448687896109959e+01 6.000000000000000000e+01
-1.299813945954512562e+01 1.218079684100929860e+01 6.000000000000000000e+01
-1.336034892410546604e+01 1.219704624832455941e+01 6.000000000000000000e+01
-1.372335926327497546e+01 1.221323599890465594e+01 6.000000000000000000e+01
-1.408716104392590829e+01 1.222936699142903194e+01 6.000000000000000000e+01
-1.445174493369960977e+01 1.224544012533720583e+01 6.000000000000000000e+01
-1.481710169976464364e+01 1.226145630091433603e+01 6.000000000000000000e+01
-1.518322220757612406e+01 1.227741641938386508e+01 6.000000000000000000e+01
-1.555009741963682579e+01 1.229332138300733490e+01 6.000000000000000000e+01
-1.591771839425981838e+01 1.230917209519144251e+01 6.000000000000000000e+01
-1.628607628433337595e+01 1.232496946060235032e+01 6.000000000000000000e+01
-1.665516233608799013e+01 1.234071438528741282e+01 6.000000000000000000e+01
-1.702496788786592674e+01 1.235640777680430880e+01 6.000000000000000000e+01
-1.739548436889322858e+01 1.237205054435775153e+01 6.000000000000000000e+01
-1.776670329805463666e+01 1.238764359894383915e+01 6.000000000000000000e+01
-1.813861628267115833e+01 1.240318785350219066e+01 6.000000000000000000e+01
-1.851121501728072261e+01 1.241868422307597974e+01 6.000000000000000000e+01
-1.888449128242178787e+01 1.243413362498002428e+01 6.000000000000000000e+01
-1.925843694341990542e+01 1.244953697897705247e+01 6.000000000000000000e+01
-1.963304394917760121e+01 1.246489520746237467e+01 6.000000000000000000e+01
-2.000830433096706429e+01 1.248020923565707285e+01 6.000000000000000000e+01
-2.038421020122611793e+01 1.249547999180995106e+01 6.000000000000000000e+01
-2.076075375235707909e+01 1.251070840740844581e+01 6.000000000000000000e+01
-2.113792725552870166e+01 1.252589541739870072e+01 6.000000000000000000e+01
-2.151572305948095121e+01 1.254104196041505759e+01 6.000000000000000000e+01
-2.189413358933257214e+01 1.255614897901926419e+01 6.000000000000000000e+01
-2.227315134539137276e+01 1.257121741994957986e+01 6.000000000000000000e+01
-2.265276890196689052e+01 1.258624823438017160e+01 6.000000000000000000e+01
-2.303297890618573973e+01 1.260124237819103854e+01 6.000000000000000000e+01
-2.341377407680871059e+01 1.261620081224883982e+01 6.000000000000000000e+01
-2.379514720305016340e+01 1.263112450269896136e+01 6.000000000000000000e+01
-2.417709114339900722e+01 1.264601442126919117e+01 6.000000000000000000e+01
-2.455959882444122400e+01 1.266087154558542238e+01 6.000000000000000000e+01
-2.494266323968349397e+01 1.267569685949976943e+01 6.000000000000000000e+01
-2.532627744837779105e+01 1.269049135343157708e+01 6.000000000000000000e+01
-2.571043457434663182e+01 1.270525602472178228e+01 6.000000000000000000e+01
-2.609512780480833172e+01 1.271999187800111919e+01 6.000000000000000000e+01
-2.648035038920230377e+01 1.273469992557272334e+01 6.000000000000000000e+01
-2.686609563801366818e+01 1.274938118780965901e+01 6.000000000000000000e+01
-2.725235692159698431e+01 1.276403669356800741e+01 6.000000000000000000e+01
-2.763912766899836981e+01 1.277866748061609670e+01 6.000000000000000000e+01
-2.802640136677585403e+01 1.279327459608057715e+01 6.000000000000000000e+01
-2.841417155781710235e+01 1.280785909691002189e+01 6.000000000000000000e+01
-2.880243184015429136e+01 1.282242205035681337e+01 6.000000000000000000e+01
-2.919117586577523227e+01 1.283696453447806363e+01 6.000000000000000000e+01
-2.958039733943027372e+01 1.285148763865645272e+01 6.000000000000000000e+01
-2.997009001743456480e+01 1.286599246414182929e+01 6.000000000000000000e+01
-3.036024770646429616e+01 1.288048012461448977e+01 6.000000000000000000e+01
-3.075086426234713244e+01 1.289495174677117184e+01 6.000000000000000000e+01
-3.114193358884508100e+01 1.290940847093474275e+01 6.000000000000000000e+01
-3.153344963642981114e+01 1.292385145168872640e+01 6.000000000000000000e+01
-3.192540640104894578e+01 1.293828185853779900e+01 6.000000000000000000e+01
-3.231779792288281783e+01 1.295270087659551095e+01 6.000000000000000000e+01
-3.271061828509039060e+01 1.296710970730053702e+01 6.000000000000000000e+01
-3.310386161254348281e+01 1.298150956916281196e+01 6.000000000000000000e+01
-3.349752207054848441e+01 1.299590169854103294e+01 6.000000000000000000e+01
-3.389159386355359516e+01 1.301028735045309404e+01 6.000000000000000000e+01
-3.428607123384137623e+01 1.302466779942104225e+01 6.000000000000000000e+01
-3.468094846020471778e+01 1.303904434035234772e+01 6.000000000000000000e+01
-3.507621985660490083e+01 1.305341828945931582e+01 6.000000000000000000e+01
-3.547187977081035370e+01 1.306779098521854543e+01 6.000000000000000000e+01
-3.586792258301507275e+01 1.308216378937263258e+01 6.000000000000000000e+01
-3.626434270443412800e+01 1.309653808797615859e+01 6.000000000000000000e+01
-3.666113457587538704e+01 1.311091529248843557e+01 6.000000000000000000e+01
-3.705829266628519747e+01 1.312529684091540183e+01 6.000000000000000000e+01
-3.745581147126642207e+01 1.313968419900337636e+01 6.000000000000000000e+01
-3.785368551156653893e+01 1.315407886148738825e+01 6.000000000000000000e+01
-3.825190933153348283e+01 1.316848235339714890e+01 6.000000000000000000e+01
-3.865047749753763640e+01 1.318289623142375078e+01 6.000000000000000000e+01
-3.904938459635659598e+01 1.319732208535052997e+01 6.000000000000000000e+01
-3.944862523352104944e+01 1.321176153955163990e+01 6.000000000000000000e+01
-3.984819403161812801e+01 1.322621625456218020e+01 6.000000000000000000e+01
-4.024808562854999394e+01 1.324068792872389544e+01 6.000000000000000000e+01
-4.064829467574422495e+01 1.325517829991088625e+01 6.000000000000000000e+01
-4.104881583631269848e+01 1.326968914733983596e+01 6.000000000000000000e+01
-4.144964378315548714e+01 1.328422229346977979e+01 6.000000000000000000e+01
-4.185077319700593534e+01 1.329877960599662678e+01 6.000000000000000000e+01
-4.225219876441285294e+01 1.331336299994809380e+01 6.000000000000000000e+01
-4.265391517565586810e+01 1.332797443988503083e+01 6.000000000000000000e+01
-4.305591712258864590e+01 1.334261594221558411e+01 6.000000000000000000e+01
-4.345819929640585144e+01 1.335728957762906610e+01 6.000000000000000000e+01
-4.386075638532805954e+01 1.337199747365683677e+01 6.000000000000000000e+01
-4.426358307219911836e+01 1.338674181736814894e+01 6.000000000000000000e+01
-4.466667403199023312e+01 1.340152485820931005e+01 6.000000000000000000e+01
-4.507002392920381340e+01 1.341634891099523230e+01 6.000000000000000000e+01
-4.547362741517063967e+01 1.343121635906307176e+01 6.000000000000000000e+01
-4.587747912523271765e+01 1.344612965759833401e+01 6.000000000000000000e+01
-4.628157367580374881e+01 1.346109133714460881e+01 6.000000000000000000e+01
-4.668590566129899599e+01 1.347610400730895996e+01 6.000000000000000000e+01
-4.709046965092505133e+01 1.349117036067583264e+01 6.000000000000000000e+01
-4.749526018531957305e+01 1.350629317694335541e+01 6.000000000000000000e+01
-4.790027177303075234e+01 1.352147532729700252e+01 6.000000000000000000e+01
-4.830549888682455162e+01 1.353671977903662516e+01 6.000000000000000000e+01
-4.871093595980764235e+01 1.355202960047428462e+01 6.000000000000000000e+01
-4.911657738135254192e+01 1.356740796612145594e+01 6.000000000000000000e+01
-4.952241749281062511e+01 1.358285816218588238e+01 6.000000000000000000e+01
-4.992845058299741368e+01 1.359838359239980754e+01 6.000000000000000000e+01
-5.033467088343331852e+01 1.361398778420311828e+01 6.000000000000000000e+01
-5.074107256332159466e+01 1.362967439530692104e+01 6.000000000000000000e+01
-5.114764972424367073e+01 1.364544722066501414e+01 6.000000000000000000e+01
-5.155439639455067891e+01 1.366131019988317874e+01 6.000000000000000000e+01
-5.196130652342780820e+01 1.367726742509858617e+01 6.000000000000000000e+01
-5.236837397460633525e+01 1.369332314936443318e+01 6.000000000000000000e+01
-5.277559251969601917e+01 1.370948179557787405e+01 6.000000000000000000e+01
-5.318295583110782587e+01 1.372574796599260516e+01 6.000000000000000000e+01
-5.359045747453500752e+01 1.374212645236117680e+01 6.000000000000000000e+01
-5.399809090095681086e+01 1.375862224675586631e+01 6.000000000000000000e+01
-5.440584943812653052e+01 1.377524055312149898e+01 6.000000000000000000e+01
-5.481372628150187865e+01 1.379198679961836049e+01 6.000000000000000000e+01
-5.522171448457140031e+01 1.380886665181848194e+01 6.000000000000000000e+01
-5.562980694852777219e+01 1.382588602682467460e+01 6.000000000000000000e+01
-5.603799641123132602e+01 1.384305110838782227e+01 6.000000000000000000e+01
-5.644627543540529047e+01 1.386036836310531051e+01 6.000000000000000000e+01
-5.685463639599564800e+01 1.387784455779111248e+01 6.000000000000000000e+01
-5.726307146662346526e+01 1.389548677811688826e+01 6.000000000000000000e+01
-5.767157260505003791e+01 1.391330244863299903e+01 6.000000000000000000e+01
-5.808013153756709812e+01 1.393129935428907729e+01 6.000000000000000000e+01
-5.848873974221551464e+01 1.394948566358556796e+01 6.000000000000000000e+01
-5.889738843072594676e+01 1.396786995350097271e+01 6.000000000000000000e+01
-5.930606852906434057e+01 1.398646123635404948e+01 6.000000000000000000e+01
-5.971477065645166959e+01 1.400526898877663129e+01 6.000000000000000000e+01
-6.012348510271485935e+01 1.402430318299098566e+01 6.000000000000000000e+01
-6.053220180380910875e+01 1.404357432060583299e+01 6.000000000000000000e+01
-6.094091031533567104e+01 1.406309346916807357e+01 6.000000000000000000e+01
-6.134959978385831647e+01 1.408287230173251992e+01 6.000000000000000000e+01
-6.175825891580068827e+01 1.410292313974056633e+01 6.000000000000000000e+01
-6.216687594368195846e+01 1.412325899953064656e+01 6.000000000000000000e+01
-6.257543858941939163e+01 1.414389364283919193e+01 6.000000000000000000e+01
-6.298393402439644007e+01 1.416484163169130817e+01 6.000000000000000000e+01
-6.339234882595763310e+01 1.418611838812561921e+01 6.000000000000000000e+01
-6.380066892995245809e+01 1.420774025924920991e+01 6.000000000000000000e+01
-6.420887957890366238e+01 1.422972458817617714e+01 6.000000000000000000e+01
-6.461696526532412577e+01 1.425208979146881383e+01 6.000000000000000000e+01
-6.502490966964593611e+01 1.427485544377424631e+01 6.000000000000000000e+01
-6.543269559215907805e+01 1.429804237043314252e+01 6.000000000000000000e+01
-6.584030487827851630e+01 1.432167274893206610e+01 6.000000000000000000e+01
-6.624771833637089458e+01 1.434577022017891501e+01 6.000000000000000000e+01
-6.665491564727045670e+01 1.437036001070348590e+01 6.000000000000000000e+01
-6.706187526449731706e+01 1.439546906702484819e+01 6.000000000000000000e+01
-6.746857430405766820e+01 1.442112620358633812e+01 6.000000000000000000e+01
-6.787498842255105558e+01 1.444736226584042704e+01 6.000000000000000000e+01
-6.828109168213234170e+01 1.447421031027324467e+01 6.000000000000000000e+01
-6.868685640066971132e+01 1.450170580339547399e+01 6.000000000000000000e+01
-6.909225298520210856e+01 1.452988684199783798e+01 6.000000000000000000e+01
-6.949724974652275478e+01 1.455879439728014724e+01 6.000000000000000000e+01
-6.990181269239366202e+01 1.458847258581923434e+01 6.000000000000000000e+01
-7.030590529652171483e+01 1.461896897074977275e+01 6.000000000000000000e+01
-7.070948823998860178e+01 1.465033489700093305e+01 6.000000000000000000e+01
-7.111251912131683639e+01 1.468262586496998523e+01 6.000000000000000000e+01
-7.151495213075411073e+01 1.471590194763164128e+01 6.000000000000000000e+01
-7.191673768365572528e+01 1.475022825679023519e+01 6.000000000000000000e+01
-7.231782200701840679e+01 1.478567546499393615e+01 6.000000000000000000e+01
-7.271814667224577988e+01 1.482232039055934436e+01 6.000000000000000000e+01
-7.311764806607865808e+01 1.486024665421620305e+01 6.000000000000000000e+01
-7.351625679026795979e+01 1.489954541709060187e+01 6.000000000000000000e+01
-7.391389697896552491e+01 1.494031621111593289e+01 6.000000000000000000e+01
-7.431048552091191084e+01 1.498266787450658555e+01 6.000000000000000000e+01
-7.470593117125208948e+01 1.502671960665992934e+01 6.000000000000000000e+01
-7.510013353514730738e+01 1.507260215876809717e+01 6.000000000000000000e+01
-7.549298190219472815e+01 1.512045917851231103e+01 6.000000000000000000e+01
-7.588435390692572469e+01 1.517044872944687661e+01 6.000000000000000000e+01
-7.627411398623124228e+01 1.522274500799360020e+01 6.000000000000000000e+01
-7.666211159933831709e+01 1.527754028324625502e+01 6.000000000000000000e+01
-7.704817916981853898e+01 1.533504708683906337e+01 6.000000000000000000e+01
-7.743212970191797240e+01 1.539550068166078667e+01 6.000000000000000000e+01
-7.781375401514235080e+01 1.545916183872633454e+01 6.000000000000000000e+01
-7.819281753142784908e+01 1.552631995033748602e+01 6.000000000000000000e+01
-7.856905653835389103e+01 1.559729650370216092e+01 6.000000000000000000e+01
-7.894217383981873581e+01 1.567244893085930890e+01 6.000000000000000000e+01
-7.931183369272660855e+01 1.575217483576889776e+01 6.000000000000000000e+01
-7.967765591522061186e+01 1.583691657445680612e+01 6.000000000000000000e+01
-8.003920904012471738e+01 1.592716612444541191e+01 6.000000000000000000e+01
-8.039600237875217204e+01 1.602347011878357819e+01 6.000000000000000000e+01
-8.074747685874652348e+01 1.612643482885410151e+01 6.000000000000000000e+01
-8.109299451093610855e+01 1.623673074692026930e+01 6.000000000000000000e+01
-8.143182651319970944e+01 1.635509622905636462e+01 6.000000000000000000e+01
-8.176313976729406363e+01 1.648233939396389047e+01 6.000000000000000000e+01
-8.208598210646853488e+01 1.661933711481146858e+01 6.000000000000000000e+01
-8.239926643347523338e+01 1.676702947572514901e+01 6.000000000000000000e+01
-8.270175440359093955e+01 1.692640749305636660e+01 6.000000000000000000e+01
-8.299204073389222458e+01 1.709849125964939986e+01 6.000000000000000000e+01
-8.326853987409485569e+01 1.728429505939270427e+01 6.000000000000000000e+01
-8.352947763161870398e+01 1.748477563059656248e+01 6.000000000000000000e+01
-8.377289136757161714e+01 1.770075999984318571e+01 6.000000000000000000e+01
-8.399664343148022283e+01 1.793285071601904690e+01 6.000000000000000000e+01
-8.419845327585696282e+01 1.818130956454102432e+01 6.000000000000000000e+01
-8.437595367093585708e+01 1.844592649755929870e+01 6.000000000000000000e+01
-8.452677493172889456e+01 1.872588852408489757e+01 6.000000000000000000e+01
-8.464865740847933751e+01 1.901967227988382447e+01 6.000000000000000000e+01
-8.473958647764101215e+01 1.932499067611484733e+01 6.000000000000000000e+01
-8.479793674282142035e+01 1.963882366098798826e+01 6.000000000000000000e+01
-8.482260532803394426e+01 1.995755158139407115e+01 6.000000000000000000e+01
-8.481311115574519022e+01 2.027718680504619897e+01 6.000000000000000000e+01
-8.476964052489964274e+01 2.059367159080976961e+01 6.000000000000000000e+01
-8.469302929837280658e+01 2.090318907421422523e+01 6.000000000000000000e+01
-8.458468553430463999e+01 2.120242984849217649e+01 6.000000000000000000e+01
-8.444646850248233250e+01 2.148877120588053558e+01 6.000000000000000000e+01
-8.428054654617041308e+01 2.176035237697479019e+01 6.000000000000000000e+01
-8.408925589864939809e+01 2.201605527353650160e+01 6.000000000000000000e+01
-8.387497704472552584e+01 2.225541715461464776e+01 6.000000000000000000e+01
-8.364003765043300120e+01 2.247850661828267249e+01 6.000000000000000000e+01
-8.338664421317791664e+01 2.268579015496182905e+01 6.000000000000000000e+01
-8.311683985323230672e+01 2.287800802656560251e+01 6.000000000000000000e+01
-8.283248326916577753e+01 2.305606952095552131e+01 6.000000000000000000e+01
-8.253524328887648664e+01 2.322097086113759801e+01 6.000000000000000000e+01
-8.222660394460162081e+01 2.337373477638676889e+01 6.000000000000000000e+01
-8.190787597752667182e+01 2.351536860027305664e+01 6.000000000000000000e+01
-8.158021173931126668e+01 2.364683707797664169e+01 6.000000000000000000e+01
-8.124462139859650733e+01 2.376904621848296273e+01 6.000000000000000000e+01
-8.090198910523666598e+01 2.388283506492878772e+01 6.000000000000000000e+01
-8.055308831119521074e+01 2.400000000000000000e+01 6.000000000000000000e+01
