-5.682699140439792274e+01 0.000000000000000000e+00 7.500000000000000000e+01
-5.647188086933523010e+01 7.071948208634519506e-02 7.500000000000000000e+01
-5.611470428319485393e+01 1.097739861360959440e-01 7.500000000000000000e+01
-5.575553191491276550e+01 1.482039687625237856e-01 7.500000000000000000e+01
-5.539443158121559208e+01 1.860262209803786315e-01 7.500000000000000000e+01
-5.503146873550652884e+01 2.232571398405255592e-01 7.500000000000000000e+01
-5.466670655453148697e+01 2.599127290742162533e-01 7.500000000000000000e+01
-5.430020602273698671e+01 2.960086009357634773e-01 7.500000000000000000e+01
-5.393202601425591780e+01 3.315599790932099999e-01 7.500000000000000000e+01
-5.356222337247763932e+01 3.665817024303502647e-01 7.500000000000000000e+01
-5.319085298717767074e+01 4.010882296363652011e-01 7.500000000000000000e+01
-5.281796786919760223e+01 4.350936444710907791e-01 7.500000000000000000e+01
-5.244361922267969334e+01 4.686116616050473582e-01 7.500000000000000000e+01
-5.206785651487215461e+01 5.016556329433167205e-01 7.500000000000000000e+01
-5.169072754353096144e+01 5.342385543517431667e-01 7.500000000000000000e+01
-5.131227850195256224e+01 5.663730727123790221e-01 7.500000000000000000e+01
-5.093255404167794609e+01 5.980714932428875530e-01 7.500000000000000000e+01
-5.055159733291562674e+01 6.293457870217457062e-01 7.500000000000000000e+01
-5.016945012273418314e+01 6.602075986674846853e-01 7.500000000000000000e+01
-4.978615279107992109e+01 6.906682541261796038e-01 7.500000000000000000e+01
-4.940174440467713168e+01 7.207387685266527511e-01 7.500000000000000000e+01
-4.901626276887095202e+01 7.504298540677682983e-01 7.500000000000000000e+01
-4.862974447747451023e+01 7.797519279064966113e-01 7.500000000000000000e+01
-4.824222496068242805e+01 8.087151200194329093e-01 7.500000000000000000e+01
-4.785373853111373421e+01 8.373292810139996156e-01 7.500000000000000000e+01
-4.746431842804699386e+01 8.656039898687538647e-01 7.500000000000000000e+01
-4.707399685991020988e+01 8.935485615851281871e-01 7.500000000000000000e+01
-4.668280504508793172e+01 9.211720547354897981e-01 7.500000000000000000e+01
-4.629077325110633012e+01 9.484832788947419324e-01 7.500000000000000000e+01
-4.589793083225708159e+01 9.754908019447302570e-01 7.500000000000000000e+01
-4.550430626571849757e+01 1.002202957242612769e+00 7.500000000000000000e+01
-4.510992718623241871e+01 1.028627850645923658e+00 7.500000000000000000e+01
-4.471482041939279384e+01 1.054773367388578631e+00 7.500000000000000000e+01
-4.431901201360081188e+01 1.080647178803350039e+00 7.500000000000000000e+01
-4.392252727074033203e+01 1.106256748887453512e+00 7.500000000000000000e+01
-4.352539077562477843e+01 1.131609340708962019e+00 7.500000000000000000e+01
-4.312762642426631743e+01 1.156712022652557792e+00 7.500000000000000000e+01
-4.272925745101494499e+01 1.181571674504014791e+00 7.500000000000000000e+01
-4.233030645461521857e+01 1.206194993373387314e+00 7.500000000000000000e+01
-4.193079542322487896e+01 1.230588499457559326e+00 7.500000000000000000e+01
-4.153074575843979233e+01 1.254758541643234970e+00 7.500000000000000000e+01
-4.113017829836652339e+01 1.278711302951967443e+00 7.500000000000000000e+01
-4.072911333978311887e+01 1.302452805829156901e+00 7.500000000000000000e+01
-4.032757065942723074e+01 1.325988917279257606e+00 7.500000000000000000e+01
-3.992556953444807277e+01 1.349325353849786024e+00 7.500000000000000000e+01
-3.952312876205912318e+01 1.372467686466802617e+00 7.500000000000000000e+01
-3.912026667842508942e+01 1.395421345124881585e+00 7.500000000000000000e+01
-3.871700117681620412e+01 1.418191623434649440e+00 7.500000000000000000e+01
-3.831334972506240177e+01 1.440783683031039430e+00 7.500000000000000000e+01
-3.790932938233626714e+01 1.463202557845671770e+00 7.500000000000000000e+01
-3.750495681529515934e+01 1.485453158246615279e+00 7.500000000000000000e+01
-3.710024831360962594e+01 1.507540275049031431e+00 7.500000000000000000e+01
-3.669521980490457480e+01 1.529468583400098503e+00 7.500000000000000000e+01
-3.628988686913979222e+01 1.551242646541631576e+00 7.500000000000000000e+01
-3.588426475245319835e+01 1.572866919453931311e+00 7.500000000000000000e+01
-3.547836838049025943e+01 1.594345752384201509e+00 7.500000000000000000e+01
-3.507221237124333157e+01 1.615683394262957817e+00 7.500000000000000000e+01
-3.466581104742006403e+01 1.636883996011821107e+00 7.500000000000000000e+01
-3.425917844836394011e+01 1.657951613745968222e+00 7.500000000000000000e+01
-3.385232834154436432e+01 1.678890211874513483e+00 7.500000000000000000e+01
-3.344527423363621210e+01 1.699703666102069688e+00 7.500000000000000000e+01
-3.303802938120706756e+01 1.720395766334549492e+00 7.500000000000000000e+01
-3.263060680102798017e+01 1.740970219492392612e+00 7.500000000000000000e+01
-3.222301928002600135e+01 1.761430652234131200e+00 7.500000000000000000e+01
-3.181527938489236007e+01 1.781780613593304530e+00 7.500000000000000000e+01
-3.140739947136273358e+01 1.802023577531568277e+00 7.500000000000000000e+01
-3.099939169318349386e+01 1.822162945410769952e+00 7.500000000000000000e+01
-3.059126801077711377e+01 1.842202048386770041e+00 7.500000000000000000e+01
-3.018304019962127782e+01 1.862144149727581910e+00 7.500000000000000000e+01
-2.977471985835289559e+01 1.881992447058460360e+00 7.500000000000000000e+01
-2.936631841660961939e+01 1.901750074536420643e+00 7.500000000000000000e+01
-2.895784714262099868e+01 1.921420104956574892e+00 7.500000000000000000e+01
-2.854931715055926844e+01 1.941005551792695849e+00 7.500000000000000000e+01
-2.814073940766089876e+01 1.960509371174239179e+00 7.500000000000000000e+01
-2.773212474112945714e+01 1.979934463802035971e+00 7.500000000000000000e+01
-2.732348384482825310e+01 1.999283676804821441e+00 7.500000000000000000e+01
-2.691482728577359751e+01 2.018559805538609808e+00 7.500000000000000000e+01
-2.650616551043632541e+01 2.037765595330975898e+00 7.500000000000000000e+01
-2.609750885086052818e+01 2.056903743172142640e+00 7.500000000000000000e+01
-2.568886753060822770e+01 2.075976899354724292e+00 7.500000000000000000e+01
-2.528025167053667843e+01 2.094987669063979929e+00 7.500000000000000000e+01
-2.487167129441692026e+01 2.113938613920275600e+00 7.500000000000000000e+01
-2.446313633440012580e+01 2.132832253475464679e+00 7.500000000000000000e+01
-2.405465663633867379e+01 2.151671066664802012e+00 7.500000000000000000e+01
-2.364624196496919240e+01 2.170457493215952383e+00 7.500000000000000000e+01
-2.323790200896280567e+01 2.189193935016636061e+00 7.500000000000000000e+01
-2.282964638585010420e+01 2.207882757442324095e+00 7.500000000000000000e+01
-2.242148464682528797e+01 2.226526290645446160e+00 7.500000000000000000e+01
-2.201342628143604685e+01 2.245126830807427254e+00 7.500000000000000000e+01
-2.160548072216438342e+01 2.263686641354875295e+00 7.500000000000000000e+01
-2.119765734890351183e+01 2.282207954141187933e+00 7.500000000000000000e+01
-2.078996549333526644e+01 2.300692970594800713e+00 7.500000000000000000e+01
-2.038241444321429796e+01 2.319143862835212566e+00 7.500000000000000000e+01
-1.997501344656175704e+01 2.337562774757976580e+00 7.500000000000000000e+01
-1.956777171577471108e+01 2.355951823089667219e+00 7.500000000000000000e+01
-1.916069843165417907e+01 2.374313098413959988e+00 7.500000000000000000e+01
-1.875380274735660535e+01 2.392648666169754357e+00 7.500000000000000000e+01
-1.834709379227284032e+01 2.410960567622346229e+00 7.500000000000000000e+01
-1.794058067583777927e+01 2.429250820808591005e+00 7.500000000000000000e+01
-1.753427249127509313e+01 2.447521421456930302e+00 7.500000000000000000e+01
-1.712817831928017043e+01 2.465774343883163855e+00 7.500000000000000000e+01
-1.672230723164453536e+01 2.484011541862814809e+00 7.500000000000000000e+01
-1.631666829482569625e+01 2.502234949480823811e+00 7.500000000000000000e+01
-1.591127057346493956e+01 2.520446481959426333e+00 7.500000000000000000e+01
-1.550612313385621910e+01 2.538648036464891788e+00 7.500000000000000000e+01
-1.510123504736981737e+01 2.556841492893845214e+00 7.500000000000000000e+01
-1.469661539383240800e+01 2.575028714639874927e+00 7.500000000000000000e+01
-1.429227326486764582e+01 2.593211549341036815e+00 7.500000000000000000e+01
-1.388821776719891155e+01 2.611391829608946225e+00 7.500000000000000000e+01
-1.348445802591706411e+01 2.629571373739980622e+00 7.500000000000000000e+01
-1.308100318771636594e+01 2.647751986409238256e+00 7.500000000000000000e+01
-1.267786242409978215e+01 2.665935459347770209e+00 7.500000000000000000e+01
-1.227504493455722745e+01 2.684123572003608071e+00 7.500000000000000000e+01
-1.187255994971818218e+01 2.702318092187119714e+00 7.500000000000000000e+01
-1.147041673448103793e+01 2.720520776701157661e+00 7.500000000000000000e+01
-1.106862459112191566e+01 2.738733371956463714e+00 7.500000000000000000e+01
-1.066719286238378750e+01 2.756957614572778326e+00 7.500000000000000000e+01
-1.026613093454940717e+01 2.775195231966051779e+00 7.500000000000000000e+01
-9.865448240498629673e+00 2.793447942922192784e+00 7.500000000000000000e+01
-9.465154262752617953e+00 2.811717458157708016e+00 7.500000000000000000e+01
-9.065258536507094789e+00 2.830005480867590073e+00 7.500000000000000000e+01
-8.665770652655590212e+00 2.848313707260813121e+00 7.500000000000000000e+01
-8.266700260804782374e+00 2.866643827083750207e+00 7.500000000000000000e+01
-7.868057072284046605e+00 2.884997524131815094e+00 7.500000000000000000e+01
-7.469850863149716247e+00 2.903376476749619517e+00 7.500000000000000000e+01
-7.072091477186869035e+00 2.921782358319903405e+00 7.500000000000000000e+01
-6.674788828909125726e+00 2.940216837741521871e+00 7.500000000000000000e+01
-6.277952906558283530e+00 2.958681579896678571e+00 7.500000000000000000e+01
-5.881593775105667277e+00 2.977178246107657689e+00 7.500000000000000000e+01
-5.485721579255469216e+00 2.995708494583254833e+00 7.500000000000000000e+01
-5.090346546452640730e+00 3.014273980855060042e+00 7.500000000000000000e+01
-4.695478989895612187e+00 3.032876358203803413e+00 7.500000000000000000e+01
-4.301129311555472512e+00 3.051517278075890793e+00 7.500000000000000000e+01
-3.907308005203131263e+00 3.070198390490265439e+00 7.500000000000000000e+01
-3.514025659444689698e+00 3.088921344435735961e+00 7.500000000000000000e+01
-3.121292960767256819e+00 3.107687788258843398e+00 7.500000000000000000e+01
-2.729120696595280116e+00 3.126499370042385539e+00 7.500000000000000000e+01
-2.337519758358806765e+00 3.145357737974658896e+00 7.500000000000000000e+01
-1.946501144574991349e+00 3.164264540709473383e+00 7.500000000000000000e+01
-1.556075963943053253e+00 3.183221427716966367e+00 7.500000000000000000e+01
-1.166255438453912108e+00 3.202230049625292896e+00 7.500000000000000000e+01
-7.770509065157467088e-01 3.221292058553118842e+00 7.500000000000000000e+01
-3.884738260952401712e-01 3.240409108432988461e+00 7.500000000000000000e+01
-5.357778765003028696e-04 3.259582855325492634e+00 7.500000000000000000e+01
3.867515315627707007e-01 3.278814957724204060e+00 7.500000000000000000e+01
7.733762665567108785e-01 3.298107076851366060e+00 7.500000000000000000e+01
1.159326459137338450e+00 3.317460876944172909e+00 7.500000000000000000e+01
1.544590005801766974e+00 3.336878025531653691e+00 7.500000000000000000e+01
1.929154664258828644e+00 3.356360193701966921e+00 7.500000000000000000e+01
2.313008050155721307e+00 3.375909056360035354e+00 7.500000000000000000e+01
2.696137633783846965e+00 3.395526292475361529e+00 7.500000000000000000e+01
3.078530736763226638e+00 3.415213585319837986e+00 7.500000000000000000e+01
3.460174528706152497e+00 3.434972622695429134e+00 7.500000000000000000e+01
3.841056023858754109e+00 3.454805097151466331e+00 7.500000000000000000e+01
4.221162077721285932e+00 3.474712706191385614e+00 7.500000000000000000e+01
4.600479383646795206e+00 3.494697152468672297e+00 7.500000000000000000e+01
4.978994469417769686e+00 3.514760143971705997e+00 7.500000000000000000e+01
5.356693693801482858e+00 3.534903394197307591e+00 7.500000000000000000e+01
5.733563243083992234e+00 3.555128622312653253e+00 7.500000000000000000e+01
6.109589127582707668e+00 3.575437553305235383e+00 7.500000000000000000e+01
6.484757178138546685e+00 3.595831918120573345e+00 7.500000000000000000e+01
6.859053042587215820e+00 3.616313453787273424e+00 7.500000000000000000e+01
7.232462182211111035e+00 3.636883903529103623e+00 7.500000000000000000e+01
7.604969868171743030e+00 3.657545016863678278e+00 7.500000000000000000e+01
7.976561177923422896e+00 3.678298549687291974e+00 7.500000000000000000e+01
8.347220991609701102e+00 3.699146264345536839e+00 7.500000000000000000e+01
8.716933988442454151e+00 3.720089929689165409e+00 7.500000000000000000e+01
9.085684643065576438e+00 3.741131321114760322e+00 7.500000000000000000e+01
9.453457221904059793e+00 3.762272220589693461e+00 7.500000000000000000e+01
9.820235779499343565e+00 3.783514416660806567e+00 7.500000000000000000e+01
1.018600415483342125e+01 3.804859704446333257e+00 7.500000000000000000e+01
1.055074596764174366e+01 3.826309885610368333e+00 7.500000000000000000e+01
1.091444461471812488e+01 3.847866768319405217e+00 7.500000000000000000e+01
1.127708326621251089e+01 3.869532167180218085e+00 7.500000000000000000e+01
1.163864486192368197e+01 3.891307903158465642e+00 7.500000000000000000e+01
1.199911210758949665e+01 3.913195803477345969e+00 7.500000000000000000e+01
1.235846747117665601e+01 3.935197701495606104e+00 7.500000000000000000e+01
1.271669317917220532e+01 3.957315436564118993e+00 7.500000000000000000e+01
1.307377121288025634e+01 3.979550853860358117e+00 7.500000000000000000e+01
1.342968330472568184e+01 4.001905804199925143e+00 7.500000000000000000e+01
1.378441093456874889e+01 4.024382143824345448e+00 7.500000000000000000e+01
1.413793532603361314e+01 4.046981734164323719e+00 7.500000000000000000e+01
1.449023744285364401e+01 4.069706441577550571e+00 7.500000000000000000e+01
1.484129798523827048e+01 4.092558137060264833e+00 7.500000000000000000e+01
1.519109738626404571e+01 4.115538695931561186e+00 7.500000000000000000e+01
1.553961580829501443e+01 4.138649997489622478e+00 7.500000000000000000e+01
1.588683313943638531e+01 4.161893924638859765e+00 7.500000000000000000e+01
1.623272899002571634e+01 4.185272363486991942e+00 7.500000000000000000e+01
1.657728268916742920e+01 4.208787202911125291e+00 7.500000000000000000e+01
1.692047328131457107e+01 4.232440334091735146e+00 7.500000000000000000e+01
1.726227952290435752e+01 4.256233650013581560e+00 7.500000000000000000e+01
1.760267987905261222e+01 4.280169044932495837e+00 7.500000000000000000e+01
1.794165252031282520e+01 4.304248413806917029e+00 7.500000000000000000e+01
1.827917531950681962e+01 4.328473651693165891e+00 7.500000000000000000e+01
1.861522584863314833e+01 4.352846653103322971e+00 7.500000000000000000e+01
1.894978137585982836e+01 4.377369311324550871e+00 7.500000000000000000e+01
1.928281886260960221e+01 4.402043517698855268e+00 7.500000000000000000e+01
1.961431496074402503e+01 4.426871160862016374e+00 7.500000000000000000e+01
1.994424600985530205e+01 4.451854125940664986e+00 7.500000000000000000e+01
2.027258803467365667e+01 4.476994293706316519e+00 7.500000000000000000e+01
2.059931674259847512e+01 4.502293539685220836e+00 7.500000000000000000e+01
2.092440752136311133e+01 4.527753733222904309e+00 7.500000000000000000e+01
2.124783543684139175e+01 4.553376736502290356e+00 7.500000000000000000e+01
2.156957523100670926e+01 4.579164403514243809e+00 7.500000000000000000e+01
2.188960132005286141e+01 4.605118578979489286e+00 7.500000000000000000e+01
2.220788779268733037e+01 4.631241097220756053e+00 7.500000000000000000e+01
2.252440840860798588e+01 4.657533780984163485e+00 7.500000000000000000e+01
2.283913659717394040e+01 4.683998440208735126e+00 7.500000000000000000e+01
2.315204545628247601e+01 4.710636870743114102e+00 7.500000000000000000e+01
2.346310775146386263e+01 4.737450853008502882e+00 7.500000000000000000e+01
2.377229591520603691e+01 4.764442150606865489e+00 7.500000000000000000e+01
2.407958204652228318e+01 4.791612508873607013e+00 7.500000000000000000e+01
2.438493791077481987e+01 4.818963653373896427e+00 7.500000000000000000e+01
2.468833493976713100e+01 4.846497288341867993e+00 7.500000000000000000e+01
2.498974423211985041e+01 4.874215095062099934e+00 7.500000000000000000e+01
2.528913655394307369e+01 4.902118730192725593e+00 7.500000000000000000e+01
2.558648233982060205e+01 4.930209824029717858e+00 7.500000000000000000e+01
2.588175169412009424e+01 4.958489978711984492e+00 7.500000000000000000e+01
2.617491439264441411e+01 4.986960766366880904e+00 7.500000000000000000e+01
2.646593988463976288e+01 5.015623727196103054e+00 7.500000000000000000e+01
2.675479729517553906e+01 5.044480367501794404e+00 7.500000000000000000e+01
2.704145542791247081e+01 5.073532157653027674e+00 7.500000000000000000e+01
2.732588276827463503e+01 5.102780529992885228e+00 7.500000000000000000e+01
2.760804748704130418e+01 5.132226876686472039e+00 7.500000000000000000e+01
2.788791744437602205e+01 5.161872547510505171e+00 7.500000000000000000e+01
2.816546019430786174e+01 5.191718847585121033e+00 7.500000000000000000e+01
2.844064298968288185e+01 5.221767035048903161e+00 7.500000000000000000e+01
2.871343278760141970e+01 5.252018318678199016e+00 7.500000000000000000e+01
2.898379625535816118e+01 5.282473855452050948e+00 7.500000000000000000e+01
2.925169977690126188e+01 5.313134748064352486e+00 7.500000000000000000e+01
2.951710945982751966e+01 5.344002042384970785e+00 7.500000000000000000e+01
2.977999114292870431e+01 5.375076724871853173e+00 7.500000000000000000e+01
3.004031040430634292e+01 5.406359719936475905e+00 7.500000000000000000e+01
3.029803257006948769e+01 5.437851887265096273e+00 7.500000000000000000e+01
3.055312272363150683e+01 5.469554019098723963e+00 7.500000000000000000e+01
3.080554571562074884e+01 5.501466837474891847e+00 7.500000000000000000e+01
3.105526617441884341e+01 5.533590991434611972e+00 7.500000000000000000e+01
3.130224851734121572e+01 5.565927054198323454e+00 7.500000000000000000e+01
3.154645696247235520e+01 5.598475520314742049e+00 7.500000000000000000e+01
3.178785554116836920e+01 5.631236802787092266e+00 7.500000000000000000e+01
3.202640811123836784e+01 5.664211230181334322e+00 7.500000000000000000e+01
3.226207837081506824e+01 5.697399043721373957e+00 7.500000000000000000e+01
3.249482987292424241e+01 5.730800394376702300e+00 7.500000000000000000e+01
3.272462604076132919e+01 5.764415339948030237e+00 7.500000000000000000e+01
3.295143018368219145e+01 5.798243842157059014e+00 7.500000000000000000e+01
3.317520551391420724e+01 5.832285763746698493e+00 7.500000000000000000e+01
3.339591516399139692e+01 5.866540865598420140e+00 7.500000000000000000e+01
3.361352220491686893e+01 5.901008803873841302e+00 7.500000000000000000e+01
3.382798966505370686e+01 5.935689127187878000e+00 7.500000000000000000e+01
3.403928054974307571e+01 5.970581273821127688e+00 7.500000000000000000e+01
3.424735786164801254e+01 6.005684568979547500e+00 7.500000000000000000e+01
3.445218462181740904e+01 6.040998222109617011e+00 7.500000000000000000e+01
3.465372389146433818e+01 6.076521324277668334e+00 7.500000000000000000e+01
3.485193879444993570e+01 6.112252845622138331e+00 7.500000000000000000e+01
3.504679254046143200e+01 6.148191632887836988e+00 7.500000000000000000e+01
3.523824844887163721e+01 6.184336407051569395e+00 7.500000000000000000e+01
3.542626997326358662e+01 6.220685761048510898e+00 7.500000000000000000e+01
3.561082072660256870e+01 6.257238157609086748e+00 7.500000000000000000e+01
3.579186450703417677e+01 6.293991927216081805e+00 7.500000000000000000e+01
3.596936532428546229e+01 6.330945266191839060e+00 7.500000000000000000e+01
3.614328742664255856e+01 6.368096234925573640e+00 7.500000000000000000e+01
3.631359532847598359e+01 6.405442756250652181e+00 7.500000000000000000e+01
3.648025383828205293e+01 6.442982613981867779e+00 7.500000000000000000e+01
3.664322808720584135e+01 6.480713451622553301e+00 7.500000000000000000e+01
3.680248355800821969e+01 6.518632771251220426e+00 7.500000000000000000e+01
3.695798611443714776e+01 6.556737932597447305e+00 7.500000000000000000e+01
3.710970203096034226e+01 6.595026152316265211e+00 7.500000000000000000e+01
3.725759802281332611e+01 6.633494503470199533e+00 7.500000000000000000e+01
3.740164127631522462e+01 6.672139915227767837e+00 7.500000000000000000e+01
3.754179947940079387e+01 6.710959172786755467e+00 7.500000000000000000e+01
3.767804085231555433e+01 6.749948917530330661e+00 7.500000000000000000e+01
3.781033417841827315e+01 6.789105647423401280e+00 7.500000000000000000e+01
3.793864883503217555e+01 6.828425717656110727e+00 7.500000000000000000e+01
3.806295482428492249e+01 6.867905341540883946e+00 7.500000000000000000e+01
3.818322280387496193e+01 6.907540591668534624e+00 7.500000000000000000e+01
3.829942411769970789e+01 6.947327401328490026e+00 7.500000000000000000e+01
3.841153082628015625e+01 6.987261566197232376e+00 7.500000000000000000e+01
3.851951573691421515e+01 7.027338746298283034e+00 7.500000000000000000e+01
3.862335243349044589e+01 7.067554468236282972e+00 7.500000000000000000e+01
3.872301530589260210e+01 7.107904127706653696e+00 7.500000000000000000e+01
3.881847957892487244e+01 7.148382992281524295e+00 7.500000000000000000e+01
3.890972134068691446e+01 7.188986204471555119e+00 7.500000000000000000e+01
3.899671757032798780e+01 7.229708785062218368e+00 7.500000000000000000e+01
3.907944616510929592e+01 7.270545636722197891e+00 7.500000000000000000e+01
3.915788596670424937e+01 7.311491547880421216e+00 7.500000000000000000e+01
3.923201678666706016e+01 7.352541196867086626e+00 7.500000000000000000e+01
3.930181943100078001e+01 7.393689156313177691e+00 7.500000000000000000e+01
3.936727572375788498e+01 7.434929897801673349e+00 7.500000000000000000e+01
3.942836852960763139e+01 7.476257796762669550e+00 7.500000000000000000e+01
3.948508177530624863e+01 7.517667137603617711e+00 7.500000000000000000e+01
3.953740047000913904e+01 7.559152119064698638e+00 7.500000000000000000e+01
3.958531072436588971e+01 7.600706859788529002e+00 7.500000000000000000e+01
3.962879976834242512e+01 7.642325404092202845e+00 7.500000000000000000e+01
3.966785596771742917e+01 7.684001727928941428e+00 7.500000000000000000e+01
3.970246883920391667e+01 7.725729745025582851e+00 7.500000000000000000e+01
3.973262906415036610e+01 7.767503313181338243e+00 7.500000000000000000e+01
3.975832850077971869e+01 7.809316240712571577e+00 7.500000000000000000e+01
3.977956019492891926e+01 7.851162293027462269e+00 7.500000000000000000e+01
3.979631838925604370e+01 7.893035199313974459e+00 7.500000000000000000e+01
3.980859853088629308e+01 7.934928659323873035e+00 7.500000000000000000e+01
3.981639727747339208e+01 7.976836350235056550e+00 7.500000000000000000e+01
3.981971250165727838e+01 8.018751933574177926e+00 7.500000000000000000e+01
3.981971250165727838e+01 8.018751933574177926e+00 7.500000000000000000e+01
3.981854329390431246e+01 8.060669062181132105e+00 7.500000000000000000e+01
3.981288996372095568e+01 8.102581387196794438e+00 7.500000000000000000e+01
3.980275403923737088e+01 8.144482565055323420e+00 7.500000000000000000e+01
3.978813826516191199e+01 8.186366264462298759e+00 7.500000000000000000e+01
3.976904659911322426e+01 8.228226173339963978e+00 7.500000000000000000e+01
3.974548420634132384e+01 8.270056005721180270e+00 7.500000000000000000e+01
3.971745745285390683e+01 8.311849508573718737e+00 7.500000000000000000e+01
3.968497389696983646e+01 8.353600468537086599e+00 7.500000000000000000e+01
3.964804227932536662e+01 8.395302718554379595e+00 7.500000000000000000e+01
3.960667251136440115e+01 8.436950144382237227e+00 7.500000000000000000e+01
3.956087566234774755e+01 8.478536690962515721e+00 7.500000000000000000e+01
3.951066394492126221e+01 8.520056368640020139e+00 7.500000000000000000e+01
3.945605069928632247e+01 8.561503259211381334e+00 7.500000000000000000e+01
3.939705037602018933e+01 8.602871521790891762e+00 7.500000000000000000e+01
3.933367851759726364e+01 8.644155398480112495e+00 7.500000000000000000e+01
3.926595173866571997e+01 8.685349219828818690e+00 7.500000000000000000e+01
3.919388770513681663e+01 8.726447410075959255e+00 7.500000000000000000e+01
3.911750511214717818e+01 8.767444492160205272e+00 7.500000000000000000e+01
3.903682366095625866e+01 8.808335092490757745e+00 7.500000000000000000e+01
3.895186403484417781e+01 8.849113945470069353e+00 7.500000000000000000e+01
3.886264787407611010e+01 8.889775897761280632e+00 7.500000000000000000e+01
3.876919775000117596e+01 8.930315912294194192e+00 7.500000000000000000e+01
3.867153713835539719e+01 8.970729072004704818e+00 7.500000000000000000e+01
3.856969039183816506e+01 9.011010583303717070e+00 7.500000000000000000e+01
3.846368271203362355e+01 9.051155779272594515e+00 7.500000000000000000e+01
3.835354012074693486e+01 9.091160122583266556e+00 7.500000000000000000e+01
3.823928943082690779e+01 9.131019208142145516e+00 7.500000000000000000e+01
3.812095821654529715e+01 9.170728765457994314e+00 7.500000000000000000e+01
3.799857478360244301e+01 9.210284660734879836e+00 7.500000000000000000e+01
3.787216813882875499e+01 9.249682898692219268e+00 7.500000000000000000e+01
3.774176795964932296e+01 9.288919624114875262e+00 7.500000000000000000e+01
3.760740456337905613e+01 9.327991123137067575e+00 7.500000000000000000e+01
3.746910887641261212e+01 9.366893824264668211e+00 7.500000000000000000e+01
3.732691240337285876e+01 9.405624299141161160e+00 7.500000000000000000e+01
3.718084719627923818e+01 9.444179263063308127e+00 7.500000000000000000e+01
3.703094582379500110e+01 9.482555575253091007e+00 7.500000000000000000e+01
3.687724134061052439e+01 9.520750238893221251e+00 7.500000000000000000e+01
3.671976725701748023e+01 9.558760400933834944e+00 7.500000000000000000e+01
3.655855750872557053e+01 9.596583351678672713e+00 7.500000000000000000e+01
3.639364642697186270e+01 9.634216524159285200e+00 7.500000000000000000e+01
3.622506870896947362e+01 9.671657493306215159e+00 7.500000000000000000e+01
3.605285938873962692e+01 9.708903974926450076e+00 7.500000000000000000e+01
3.587705380836877822e+01 9.745953824496588425e+00 7.500000000000000000e+01
3.569768758972944767e+01 9.782805035781411362e+00 7.500000000000000000e+01
3.551479660670029403e+01 9.819455739287715090e+00 7.500000000000000000e+01
3.532841695791900349e+01 9.855904200563257334e+00 7.500000000000000000e+01
3.513858494009780031e+01 9.892148818350817052e+00 7.500000000000000000e+01
3.494533702192936175e+01 9.928188122607313204e+00 7.500000000000000000e+01
3.474870981860780006e+01 9.964020772397878645e+00 7.500000000000000000e+01
3.454874006698703681e+01 9.999645553674744392e+00 7.500000000000000000e+01
3.434546460139564772e+01 1.003506137695063671e+01 7.500000000000000000e+01
3.413892033012570693e+01 1.007026727487628648e+01 7.500000000000000000e+01
3.392914421260964986e+01 1.010526239973141216e+01 7.500000000000000000e+01
3.371617323729756777e+01 1.014004602083837092e+01 7.500000000000000000e+01
3.350004440024446950e+01 1.017461752190742530e+01 7.500000000000000000e+01
3.328079468441532640e+01 1.020897639832236869e+01 7.500000000000000000e+01
3.305846103971326500e+01 1.024312225437488344e+01 7.500000000000000000e+01
3.283308036373426120e+01 1.027705480045577779e+01 7.500000000000000000e+01
3.260468948325013372e+01 1.031077385021100490e+01 7.500000000000000000e+01
3.237332513641916165e+01 1.034427931766989950e+01 7.500000000000000000e+01
3.213902395572279858e+01 1.037757121435288887e+01 7.500000000000000000e+01
3.190182245162457164e+01 1.041064964636553825e+01 7.500000000000000000e+01
3.166175699694616696e+01 1.044351481148542327e+01 7.500000000000000000e+01
3.141886381195434552e+01 1.047616699624810543e+01 7.500000000000000000e+01
3.117317895015065332e+01 1.050860657303796764e+01 7.500000000000000000e+01
3.092473828475522524e+01 1.054083399718951419e+01 7.500000000000000000e+01
3.067357749587474203e+01 1.057284980410424602e+01 7.500000000000000000e+01
3.041973205834285920e+01 1.060465460638797452e+01 7.500000000000000000e+01
3.016323723022230752e+01 1.063624909101310045e+01 7.500000000000000000e+01
2.990412804195452168e+01 1.066763401651004450e+01 7.500000000000000000e+01
2.964243928614463996e+01 1.069881021019166667e+01 7.500000000000000000e+01
2.937820550796696750e+01 1.072977856541428565e+01 7.500000000000000000e+01
2.911146099617662131e+01 1.076054003887852062e+01 7.500000000000000000e+01
2.884223977471205203e+01 1.079109564797294851e+01 7.500000000000000000e+01
2.857057559487306264e+01 1.082144646816326627e+01 7.500000000000000000e+01
2.829650192805856079e+01 1.085159363042932945e+01 7.500000000000000000e+01
2.802005195904748902e+01 1.088153831875230715e+01 7.500000000000000000e+01
2.774125857980727261e+01 1.091128176765377056e+01 7.500000000000000000e+01
2.746015438381285989e+01 1.094082525978844345e+01 7.500000000000000000e+01
2.717677166085989526e+01 1.097017012359200372e+01 7.500000000000000000e+01
2.689114239235559722e+01 1.099931773098522392e+01 7.500000000000000000e+01
2.660329824707065072e+01 1.102826949513536903e+01 7.500000000000000000e+01
2.631327057733557240e+01 1.105702686827581083e+01 7.500000000000000000e+01
2.602109041566526315e+01 1.108559133958433129e+01 7.500000000000000000e+01
2.572678847179528816e+01 1.111396443312075988e+01 7.500000000000000000e+01
2.543039513011398256e+01 1.114214770582408143e+01 7.500000000000000000e+01
2.513194044747421430e+01 1.117014274556933273e+01 7.500000000000000000e+01
2.483145415136923972e+01 1.119795116928417755e+01 7.500000000000000000e+01
2.452896563845729716e+01 1.122557462112510152e+01 7.500000000000000000e+01
2.422450397341955863e+01 1.125301477071302259e+01 7.500000000000000000e+01
2.391809788813663573e+01 1.128027331142788015e+01 7.500000000000000000e+01
2.360977578116920483e+01 1.130735195876187760e+01 7.500000000000000000e+01
2.329956571752823180e+01 1.133425244873073368e+01 7.500000000000000000e+01
2.298749542872119989e+01 1.136097653634236870e+01 7.500000000000000000e+01
2.267359231306054923e+01 1.138752599412233479e+01 7.500000000000000000e+01
2.235788343622113672e+01 1.141390261069516932e+01 7.500000000000000000e+01
2.204039553203402235e+01 1.144010818942090246e+01 7.500000000000000000e+01
2.172115500350401263e+01 1.146614454708578812e+01 7.500000000000000000e+01
2.140018792403889947e+01 1.149201351264630055e+01 7.500000000000000000e+01
2.107752003887856063e+01 1.151771692602552832e+01 7.500000000000000000e+01
2.075317676671281930e+01 1.154325663696078941e+01 7.500000000000000000e+01
2.042718320147685063e+01 1.156863450390155812e+01 7.500000000000000000e+01
2.009956411431370071e+01 1.159385239295654735e+01 7.500000000000000000e+01
1.977034395569376812e+01 1.161891217688890521e+01 7.500000000000000000e+01
1.943954685768107282e+01 1.164381573415839632e+01 7.500000000000000000e+01
1.910719663633733489e+01 1.166856494800940425e+01 7.500000000000000000e+01
1.877331679425432398e+01 1.169316170560370516e+01 7.500000000000000000e+01
1.843793052320603465e+01 1.171760789719681028e+01 7.500000000000000000e+01
1.810106070691212921e+01 1.174190541535675614e+01 7.500000000000000000e+01
1.776272992390453709e+01 1.176605615422422524e+01 7.500000000000000000e+01
1.742296045048976083e+01 1.179006200881283739e+01 7.500000000000000000e+01
1.708177426379934616e+01 1.181392487434849947e+01 7.500000000000000000e+01
1.673919304492131843e+01 1.183764664564668045e+01 7.500000000000000000e+01
1.639523818210622963e+01 1.186122921652655471e+01 7.500000000000000000e+01
1.604993077404101953e+01 1.188467447926083942e+01 7.500000000000000000e+01
1.570329163318484866e+01 1.190798432406032248e+01 7.500000000000000000e+01
1.535534128916092023e+01 1.193116063859197240e+01 7.500000000000000000e+01
1.500609999219876478e+01 1.195420530752963373e+01 7.500000000000000000e+01
1.465558771662179893e+01 1.197712021213621725e+01 7.500000000000000000e+01
1.430382416437513982e+01 1.199990722987643998e+01 7.500000000000000000e+01
1.395082876858886500e+01 1.202256823405910424e+01 7.500000000000000000e+01
1.359662069717247768e+01 1.204510509350796177e+01 7.500000000000000000e+01
1.324121885643588215e+01 1.206751967226023758e+01 7.500000000000000000e+01
1.288464189473341470e+01 1.208981382929185777e+01 7.500000000000000000e+01
1.252690820612677491e+01 1.211198941826852682e+01 7.500000000000000000e+01
1.216803593406355866e+01 1.213404828732180896e+01 7.500000000000000000e+01
1.180804297506771228e+01 1.215599227884930045e+01 7.500000000000000000e+01
1.144694698243922204e+01 1.217782322933813788e+01 7.500000000000000000e+01
1.108476536995976147e+01 1.219954296921103776e+01 7.500000000000000000e+01
1.072151531560168003e+01 1.222115332269406807e+01 7.500000000000000000e+01
1.035721376523783377e+01 1.224265610770546076e+01 7.500000000000000000e+01
9.991877436349579256e+00 1.226405313576471379e+01 7.500000000000000000e+01
9.625522821731184564e+00 1.228534621192128284e+01 7.500000000000000000e+01
9.258166193188108295e+00 1.230653713470226585e+01 7.500000000000000000e+01
8.889823605227684666e+00 1.232762769607829689e+01 7.500000000000000000e+01
8.520510898740004890e+00 1.234861968144722688e+01 7.500000000000000000e+01
8.150243704667888167e+00 1.236951486963481450e+01 7.500000000000000000e+01
7.779037447663946558e+00 1.239031503291197822e+01 7.500000000000000000e+01
7.406907349733867107e+00 1.241102193702800882e+01 7.500000000000000000e+01
7.033868433864382652e+00 1.243163734125925224e+01 7.500000000000000000e+01
6.659935527635040486e+00 1.245216299847273689e+01 7.500000000000000000e+01
6.285123266812552956e+00 1.247260065520428007e+01 7.500000000000000000e+01
5.909446098927120694e+00 1.249295205175066847e+01 7.500000000000000000e+01
5.532918286829905163e+00 1.251321892227537447e+01 7.500000000000000000e+01
5.155553912230685931e+00 1.253340299492753296e+01 7.500000000000000000e+01
4.777366879215721340e+00 1.255350599197369021e+01 7.500000000000000000e+01
4.398370917744786723e+00 1.257352962994199963e+01 7.500000000000000000e+01
4.018579587127307562e+00 1.259347561977855179e+01 7.500000000000000000e+01
3.638006279477342453e+00 1.261334566701544802e+01 7.500000000000000000e+01
3.256664223146799930e+00 1.263314147195036163e+01 7.500000000000000000e+01
2.874566486137470900e+00 1.265286472983731159e+01 7.500000000000000000e+01
2.491725979490951204e+00 1.267251713108835709e+01 7.500000000000000000e+01
2.108155460657324287e+00 1.269210036148596288e+01 7.500000000000000000e+01
1.723867536841983572e+00 1.271161610240586626e+01 7.500000000000000000e+01
1.338874668331281770e+00 1.273106603105017420e+01 7.500000000000000000e+01
9.531891717967995170e-01 1.275045182069055549e+01 7.500000000000000000e+01
5.668232235788791540e-01 1.276977514092130761e+01 7.500000000000000000e+01
1.797888629495178192e-01 1.278903765792220604e+01 7.500000000000000000e+01
-2.079020046448846193e-01 1.280824103473095477e+01 7.500000000000000000e+01
-5.962376043604242781e-01 1.282738693152514564e+01 7.500000000000000000e+01
-9.852062887519087431e-01 1.284647700591361996e+01 7.500000000000000000e+01
-1.374796534587511720e+00 1.286551291323714885e+01 7.500000000000000000e+01
-1.764996939681646504e+00 1.288449630687839154e+01 7.500000000000000000e+01
-2.155796219744988473e+00 1.290342883858103207e+01 7.500000000000000000e+01
-2.547183205251250193e+00 1.292231215877811223e+01 7.500000000000000000e+01
-2.939146838319866006e+00 1.294114791692953581e+01 7.500000000000000000e+01
-3.331676169613522198e+00 1.295993776186870505e+01 7.500000000000000000e+01
-3.724760355250189114e+00 1.297868334215838004e+01 7.500000000000000000e+01
-4.118388653728188409e+00 1.299738630645569692e+01 7.500000000000000000e+01
-4.512550422863853328e+00 1.301604830388651557e+01 7.500000000000000000e+01
-4.907235116740364944e+00 1.303467098442902738e+01 7.500000000000000000e+01
-5.302432282667114194e+00 1.305325599930681868e+01 7.500000000000000000e+01
-5.698131558148149978e+00 1.307180500139141266e+01 7.500000000000000000e+01
-6.094322667858953047e+00 1.309031964561445704e+01 7.500000000000000000e+01
-6.490995420630064849e+00 1.310880158938962303e+01 7.500000000000000000e+01
-6.888139706436519738e+00 1.312725249304441633e+01 7.500000000000000000e+01
-7.285745493391885041e+00 1.314567402026205833e+01 7.500000000000000000e+01
-7.683802824745383120e+00 1.316406783853356011e+01 7.500000000000000000e+01
-8.082301815881098861e+00 1.318243561962024835e+01 7.500000000000000000e+01
-8.481232651317453630e+00 1.320077904002692115e+01 7.500000000000000000e+01
-8.880585581705995324e+00 1.321909978148586262e+01 7.500000000000000000e+01
-9.280350920827604710e+00 1.323739953145196147e+01 7.500000000000000000e+01
-9.680519042584833755e+00 1.325567998360921251e+01 7.500000000000000000e+01
-1.008108037798874967e+01 1.327394283838884981e+01 7.500000000000000000e+01
-1.048202541213855987e+01 1.329218980349942569e+01 7.500000000000000000e+01
-1.088334468119252030e+01 1.331042259446914677e+01 7.500000000000000000e+01
-1.128502876932818744e+01 1.332864293520081844e+01 7.500000000000000000e+01
-1.168706830569044364e+01 1.334685255853971420e+01 7.500000000000000000e+01
-1.208945396132515349e+01 1.336505320685475340e+01 7.500000000000000000e+01
-1.249217644609695199e+01 1.338324663263340852e+01 7.500000000000000000e+01
-1.289522650558874872e+01 1.340143459909070600e+01 7.500000000000000000e+01
-1.329859491798133320e+01 1.341961888079276477e+01 7.500000000000000000e+01
-1.370227249091062482e+01 1.343780126429537880e+01 7.500000000000000000e+01
-1.410625005830072709e+01 1.345598354879800240e+01 7.500000000000000000e+01
-1.451051847717031507e+01 1.347416754681376183e+01 7.500000000000000000e+01
-1.491506862441012338e+01 1.349235508485590529e+01 7.500000000000000000e+01
-1.531989139352920404e+01 1.351054800414131662e+01 7.500000000000000000e+01
-1.572497769136741219e+01 1.352874816131158831e+01 7.500000000000000000e+01
-1.613031843477165950e+01 1.354695742917229673e+01 7.500000000000000000e+01
-1.653590454723317293e+01 1.356517769745106605e+01 7.500000000000000000e+01
-1.694172695548314422e+01 1.358341087357506183e+01 7.500000000000000000e+01
-1.734777658604395612e+01 1.360165888346861074e+01 7.500000000000000000e+01
-1.775404436173285205e+01 1.361992367237160195e+01 7.500000000000000000e+01
-1.816052119811552856e+01 1.363820720567942146e+01 7.500000000000000000e+01
-1.856719799990572284e+01 1.365651146980519215e+01 7.500000000000000000e+01
-1.897406565730843298e+01 1.367483847306504963e+01 7.500000000000000000e+01
-1.938111504230272786e+01 1.369319024658731720e+01 7.500000000000000000e+01
-1.978833700486108071e+01 1.371156884524642194e+01 7.500000000000000000e+01
-2.019572236910118690e+01 1.372997634862241156e+01 7.500000000000000000e+01
-2.060326192936716438e+01 1.374841486198703855e+01 7.500000000000000000e+01
-2.101094644623546515e+01 1.376688651731728541e+01 7.500000000000000000e+01
-2.141876664244198381e+01 1.378539347433742002e+01 7.500000000000000000e+01
-2.182671319872612870e+01 1.380393792159053312e+01 7.500000000000000000e+01
-2.223477674958701300e+01 1.382252207754067364e+01 7.500000000000000000e+01
-2.264294787894810668e+01 1.384114819170663324e+01 7.500000000000000000e+01
-2.305121711572456533e+01 1.385981854582865047e+01 7.500000000000000000e+01
-2.345957492928917532e+01 1.387853545506907693e+01 7.500000000000000000e+01
-2.386801172483158950e+01 1.389730126924834863e+01 7.500000000000000000e+01
-2.427651783860512325e+01 1.391611837411755914e+01 7.500000000000000000e+01
-2.468508353305624325e+01 1.393498919266888869e+01 7.500000000000000000e+01
-2.509369899183052866e+01 1.395391618648535648e+01 7.500000000000000000e+01
-2.550235431464934877e+01 1.397290185713127109e+01 7.500000000000000000e+01
-2.591103951205063893e+01 1.399194874758493867e+01 7.500000000000000000e+01
-2.631974449998804388e+01 1.401105944371508905e+01 7.500000000000000000e+01
-2.672845909428069433e+01 1.403023657580268413e+01 7.500000000000000000e+01
-2.713717300490730722e+01 1.404948282010974836e+01 7.500000000000000000e+01
-2.754587583013669061e+01 1.406880090049691034e+01 7.500000000000000000e+01
-2.795455705048755846e+01 1.408819359009150318e+01 7.500000000000000000e+01
-2.836320602250897593e+01 1.410766371300793409e+01 7.500000000000000000e+01
-2.877181197237353061e+01 1.412721414612240345e+01 7.500000000000000000e+01
-2.918036398927442576e+01 1.414684782090378690e+01 7.500000000000000000e+01
-2.958885101861718425e+01 1.416656772530278730e+01 7.500000000000000000e+01
-2.999726185499658371e+01 1.418637690570146148e+01 7.500000000000000000e+01
-3.040558513494902115e+01 1.420627846892528012e+01 7.500000000000000000e+01
-3.081380932946971285e+01 1.422627558431996952e+01 7.500000000000000000e+01
-3.122192273628392556e+01 1.424637148589544999e+01 7.500000000000000000e+01
-3.162991347186093094e+01 1.426656947453926705e+01 7.500000000000000000e+01
-3.203776946315917229e+01 1.428687292030197753e+01 7.500000000000000000e+01
-3.244547843908957674e+01 1.430728526475702189e+01 7.500000000000000000e+01
-3.285302792168491948e+01 1.432781002343769750e+01 7.500000000000000000e+01
-3.326040521696108954e+01 1.434845078835394538e+01 7.500000000000000000e+01
-3.366759740545648327e+01 1.436921123059165240e+01 7.500000000000000000e+01
-3.407459133243482086e+01 1.439009510299738359e+01 7.500000000000000000e+01
-3.448137359773576094e+01 1.441110624295139253e+01 7.500000000000000000e+01
-3.488793054525712733e+01 1.443224857523190252e+01 7.500000000000000000e+01
-3.529424825205252603e+01 1.445352611497375150e+01 7.500000000000000000e+01
-3.570031251702589259e+01 1.447494297072445057e+01 7.500000000000000000e+01
-3.610610884920524910e+01 1.449650334760089265e+01 7.500000000000000000e+01
-3.651162245557591746e+01 1.451821155054991053e+01 7.500000000000000000e+01
-3.691683822845361362e+01 1.454007198771601495e+01 7.500000000000000000e+01
-3.732174073237584366e+01 1.456208917391962210e+01 7.500000000000000000e+01
-3.772631419049018575e+01 1.458426773424916156e+01 7.500000000000000000e+01
-3.813054247041610267e+01 1.460661240777050374e+01 7.500000000000000000e+01
-3.853440906955636081e+01 1.462912805135709426e+01 7.500000000000000000e+01
-3.893789709983322922e+01 1.465181964364429135e+01 7.500000000000000000e+01
-3.934098927182319727e+01 1.467469228911133250e+01 7.500000000000000000e+01
-3.974366787826266290e+01 1.469775122229433606e+01 7.500000000000000000e+01
-4.014591477689644705e+01 1.472100181213375514e+01 7.500000000000000000e+01
-4.054771137263903569e+01 1.474444956645961291e+01 7.500000000000000000e+01
-4.094903859901771170e+01 1.476810013661776466e+01 7.500000000000000000e+01
-4.134987689886520457e+01 1.479195932224032539e+01 7.500000000000000000e+01
-4.175020620422779416e+01 1.481603307616332899e+01 7.500000000000000000e+01
-4.215000591545411623e+01 1.484032750949436874e+01 7.500000000000000000e+01
-4.254925487942760043e+01 1.486484889683295840e+01 7.500000000000000000e+01
-4.294793136690494606e+01 1.488960368164594250e+01 7.500000000000000000e+01
-4.334601304892016316e+01 1.491459848180004322e+01 7.500000000000000000e+01
-4.374347697221391229e+01 1.493984009525332901e+01 7.500000000000000000e+01
-4.414029953364443060e+01 1.496533550590688044e+01 7.500000000000000000e+01
-4.453645645353605431e+01 1.499109188961753780e+01 7.500000000000000000e+01
-4.493192274791935148e+01 1.501711662037201123e+01 7.500000000000000000e+01
-4.532667269961460477e+01 1.504341727662198380e+01 7.500000000000000000e+01
-4.572067982811000775e+01 1.507000164777920226e+01 7.500000000000000000e+01
-4.611391685818266950e+01 1.509687774086853729e+01 7.500000000000000000e+01
-4.650635568721071422e+01 1.512405378733622818e+01 7.500000000000000000e+01
-4.689796735112157222e+01 1.515153825000933985e+01 7.500000000000000000e+01
-4.728872198892107548e+01 1.517933983020120436e+01 7.500000000000000000e+01
-4.767858880574607383e+01 1.520746747495636519e+01 7.500000000000000000e+01
-4.806753603438207278e+01 1.523593038442684744e+01 7.500000000000000000e+01
-4.845553089518612211e+01 1.526473801936990782e+01 7.500000000000000000e+01
-4.884253955435404748e+01 1.529390010875541783e+01 7.500000000000000000e+01
-4.922852708047042114e+01 1.532342665746881494e+01 7.500000000000000000e+01
-4.961345739927856613e+01 1.535332795409317441e+01 7.500000000000000000e+01
-4.999729324660821561e+01 1.538361457875112137e+01 7.500000000000000000e+01
-5.037999611939745392e+01 1.541429741098424699e+01 7.500000000000000000e+01
-5.076152622474661769e+01 1.544538763764439970e+01 7.500000000000000000e+01
-5.114184242694204130e+01 1.547689676076730514e+01 7.500000000000000000e+01
-5.152090219238918678e+01 1.550883660539488140e+01 7.500000000000000000e+01
-5.189866153239604785e+01 1.554121932730798505e+01 7.500000000000000000e+01
-5.227507494375078068e+01 1.557405742062614884e+01 7.500000000000000000e+01
-5.265009534704004324e+01 1.560736372522527127e+01 7.500000000000000000e+01
-5.302367402265957708e+01 1.564115143391812879e+01 7.500000000000000000e+01
-5.339576054447302766e+01 1.567543409933550969e+01 7.500000000000000000e+01
-5.376630271108179926e+01 1.571022564043860292e+01 7.500000000000000000e+01
-5.413524647467590256e+01 1.574554034858478957e+01 7.500000000000000000e+01
-5.450253586744577206e+01 1.578139289306041348e+01 7.500000000000000000e+01
-5.486811292554460096e+01 1.581779832598398627e+01 7.500000000000000000e+01
-5.523191761060478200e+01 1.585477208647303193e+01 7.500000000000000000e+01
-5.559388772882552132e+01 1.589233000395610773e+01 7.500000000000000000e+01
-5.595395884766693939e+01 1.593048830049925613e+01 7.500000000000000000e+01
-5.631206421020474551e+01 1.596926359200268131e+01 7.500000000000000000e+01
-5.666813464722313398e+01 1.600867288810916733e+01 7.500000000000000000e+01
-5.702209848714841200e+01 1.604873359065033611e+01 7.500000000000000000e+01
-5.737388146395608146e+01 1.608946349044046542e+01 7.500000000000000000e+01
-5.772340662321666827e+01 1.613088076221015399e+01 7.500000000000000000e+01
-5.807059422648346469e+01 1.617300395745385089e+01 7.500000000000000000e+01
-5.841536165426729355e+01 1.621585199494580820e+01 7.500000000000000000e+01
-5.875762330789064691e+01 1.625944414865912790e+01 7.500000000000000000e+01
-5.909729051056534388e+01 1.630380003280141210e+01 7.500000000000000000e+01
-5.943427140809736642e+01 1.634893958365957900e+01 7.500000000000000000e+01
-5.976847086968594880e+01 1.639488303792432333e+01 7.500000000000000000e+01
-6.009979038935541240e+01 1.644165090714314559e+01 7.500000000000000000e+01
-6.042812798863583623e+01 1.648926394792952976e+01 7.500000000000000000e+01
-6.075337812119434489e+01 1.653774312753491671e+01 7.500000000000000000e+01
-6.107543158021015017e+01 1.658710958437081828e+01 7.500000000000000000e+01
-6.139417540938709550e+01 1.663738458305082801e+01 7.500000000000000000e+01
-6.170949281860448821e+01 1.668858946350711747e+01 7.500000000000000000e+01
-6.202126310532099041e+01 1.674074558372461397e+01 7.500000000000000000e+01
-6.232936158296878659e+01 1.679387425562866554e+01 7.500000000000000000e+01
-6.263365951770217777e+01 1.684799667366059239e+01 7.500000000000000000e+01
-6.293402407499851137e+01 1.690313383558035198e+01 7.500000000000000000e+01
-6.323031827774628510e+01 1.695930645504907375e+01 7.500000000000000000e+01
-6.352240097759670334e+01 1.701653486556715578e+01 7.500000000000000000e+01
-6.381012684149436609e+01 1.707483891537784615e+01 7.500000000000000000e+01
-6.409334635544382763e+01 1.713423785299409374e+01 7.500000000000000000e+01
-6.437190584770149826e+01 1.719475020306859037e+01 7.500000000000000000e+01
-6.464564753371041661e+01 1.725639363240668445e+01 7.500000000000000000e+01
-6.491440958520718141e+01 1.731918480601978771e+01 7.500000000000000000e+01
-6.517802622602857809e+01 1.738313923323581633e+01 7.500000000000000000e+01
-6.543632785721646883e+01 1.744827110402396642e+01 7.500000000000000000e+01
-6.568914121406641016e+01 1.751459311585544754e+01 7.500000000000000000e+01
-6.593628955777079170e+01 1.758211629161061040e+01 7.500000000000000000e+01
-6.617759290427491692e+01 1.765084978925622039e+01 7.500000000000000000e+01
-6.641286829287778914e+01 1.772080070425439757e+01 7.500000000000000000e+01
-6.664193009696447234e+01 1.779197386592563035e+01 7.500000000000000000e+01
-6.686459037904749891e+01 1.786437162926968369e+01 7.500000000000000000e+01
-6.708065929200833466e+01 1.793799366404720885e+01 7.500000000000000000e+01
-6.728994552806622664e+01 1.801283674323561712e+01 7.500000000000000000e+01
-6.749225681654790776e+01 1.808889453328971086e+01 7.500000000000000000e+01
-6.768740047099093715e+01 1.816615738895176690e+01 7.500000000000000000e+01
-6.787518398547800302e+01 1.824461215565838401e+01 7.500000000000000000e+01
-6.805541567937379455e+01 1.832424198287037953e+01 7.500000000000000000e+01
-6.822790538882284750e+01 1.840502615189543434e+01 7.500000000000000000e+01
-6.839246520247350247e+01 1.848693992196699654e+01 7.500000000000000000e+01
-6.854891023793322802e+01 1.856995439847281304e+01 7.500000000000000000e+01
-6.869705945444789563e+01 1.865403642727850908e+01 7.500000000000000000e+01
-6.883673649625676205e+01 1.873914851905106360e+01 7.500000000000000000e+01
-6.896777056002707695e+01 1.882524880734284878e+01 7.500000000000000000e+01
-6.908999727875102792e+01 1.891229104393750404e+01 7.500000000000000000e+01
-6.920325961352297384e+01 1.900022463457899136e+01 7.500000000000000000e+01
-6.930740874374359350e+01 1.908899471770052969e+01 7.500000000000000000e+01
-6.940230494555646601e+01 1.917854228814432105e+01 7.500000000000000000e+01
-6.948781844774619287e+01 1.926880436712233902e+01 7.500000000000000000e+01
-6.956383025395146547e+01 1.935971421882765497e+01 7.500000000000000000e+01
-6.963023291990019459e+01 1.945120161318396512e+01 7.500000000000000000e+01
-6.968693127448081270e+01 1.954319313324281282e+01 7.500000000000000000e+01
-6.973384307384121428e+01 1.963561252473424545e+01 7.500000000000000000e+01
-6.977089957835997325e+01 1.972838108428041792e+01 7.500000000000000000e+01
-6.979804604326183437e+01 1.982141808182924692e+01 7.500000000000000000e+01
-6.981524211483393572e+01 1.991464121199241077e+01 7.500000000000000000e+01
-6.982246212561766185e+01 2.000796706821485316e+01 7.500000000000000000e+01
-6.981969528356556509e+01 2.010131163309129221e+01 7.500000000000000000e+01
-6.980694575191965612e+01 2.019459077770613575e+01 7.500000000000000000e+01
-6.978423261843317960e+01 2.028772076262582758e+01 7.500000000000000000e+01
-6.975158975446733223e+01 2.038061873312675942e+01 7.500000000000000000e+01
-6.970906556638612983e+01 2.047320320140061867e+01 7.500000000000000000e+01
-6.965672264349049669e+01 2.056539450883506603e+01 7.500000000000000000e+01
-6.959463730842129792e+01 2.065711526200491832e+01 7.500000000000000000e+01
-6.952289907747108089e+01 2.074829073670543522e+01 7.500000000000000000e+01
-6.944161003953678346e+01 2.083884924518468651e+01 7.500000000000000000e+01
-6.935088416349006479e+01 2.092872246265329039e+01 7.500000000000000000e+01
-6.925084654451750055e+01 2.101784571013139313e+01 7.500000000000000000e+01
-6.914163260048324844e+01 2.110615819169714413e+01 7.500000000000000000e+01
-6.902338722959140682e+01 2.119360318519473196e+01 7.500000000000000000e+01
-6.889626394059062875e+01 2.128012818641005666e+01 7.500000000000000000e+01
-6.876042396648479382e+01 2.136568500760182232e+01 7.500000000000000000e+01
-6.861603537222347882e+01 2.145022983206325407e+01 7.500000000000000000e+01
-6.846327216617306988e+01 2.153372322706719544e+01 7.500000000000000000e+01
-6.830231342435159547e+01 2.161613011810730001e+01 7.500000000000000000e+01
-6.813334243548291624e+01 2.169741972778237837e+01 7.500000000000000000e+01
-6.795654587392454005e+01 2.177756548298432904e+01 7.500000000000000000e+01
-6.777211300648497172e+01 2.185654489424355162e+01 7.500000000000000000e+01
-6.758023493809747606e+01 2.193433941117161368e+01 7.500000000000000000e+01
-6.738110390029072505e+01 2.201093425792803160e+01 7.500000000000000000e+01
-6.717491258540950128e+01 2.208631825254119718e+01 7.500000000000000000e+01
-6.696185352861550655e+01 2.216048361374635078e+01 7.500000000000000000e+01
-6.674211853884733614e+01 2.223342575878031369e+01 7.500000000000000000e+01
-6.651589817915329661e+01 2.230514309530783024e+01 7.500000000000000000e+01
-6.628338129613611329e+01 2.237563681036110097e+01 7.500000000000000000e+01
-6.604475459766412371e+01 2.244491065886330716e+01 7.500000000000000000e+01
-6.580020227751268180e+01 2.251297075399061853e+01 7.500000000000000000e+01
-6.554990568519598071e+01 2.257982536131230233e+01 7.500000000000000000e+01
-6.529404303892926009e+01 2.264548469834390687e+01 7.500000000000000000e+01
-6.503278917941932491e+01 2.270996074085874383e+01 7.500000000000000000e+01
-6.476631536200754624e+01 2.277326703703240796e+01 7.500000000000000000e+01
-6.449478908457898285e+01 2.283541853024687995e+01 7.500000000000000000e+01
-6.421837394859551296e+01 2.289643139115647941e+01 7.500000000000000000e+01
-6.393722955059970303e+01 2.295632285941813677e+01 7.500000000000000000e+01
-6.365151140156635279e+01 2.301511109531348964e+01 7.500000000000000000e+01
-6.336137087153925762e+01 2.307281504133901961e+01 7.500000000000000000e+01
-6.306695515707743738e+01 2.312945429371227846e+01 7.500000000000000000e+01
-6.276840726914216617e+01 2.318504898363469735e+01 7.500000000000000000e+01
-6.246586603917673131e+01 2.323961966806445645e+01 7.500000000000000000e+01
-6.215946614126264791e+01 2.329318722968279687e+01 7.500000000000000000e+01
-6.184933812837304856e+01 2.334577278568310632e+01 7.500000000000000000e+01
-6.153560848088557123e+01 2.339739760497241150e+01 7.500000000000000000e+01
-6.121839966565674018e+01 2.344808303334672317e+01 7.500000000000000000e+01
-6.089783020409967662e+01 2.349785042618451669e+01 7.500000000000000000e+01
-6.057401474784212070e+01 2.354672108819393017e+01 7.500000000000000000e+01
-6.024706416067169812e+01 2.359471621974816813e+01 7.500000000000000000e+01
-5.991708560560038421e+01 2.364185686934821007e+01 7.500000000000000000e+01
-5.958418263599713072e+01 2.368816389176219062e+01 7.500000000000000000e+01
-5.924845528984874932e+01 2.373365791140380665e+01 7.500000000000000000e+01
-5.891000018631153523e+01 2.377835929052915986e+01 7.500000000000000000e+01
-5.856891062381258450e+01 2.382228810184988177e+01 7.500000000000000000e+01
-5.822527667904748228e+01 2.386546410518065287e+01 7.500000000000000000e+01
-5.787918530630204117e+01 2.390790672776055104e+01 7.500000000000000000e+01
-5.753072043660025514e+01 2.394963504790903031e+01 7.500000000000000000e+01
-5.717996307624732566e+01 2.400000000000000000e+01 7.500000000000000000e+01
