2.047866967782548642e+01 0.000000000000000000e+00 9.000000000000000000e+01
2.087209791858792229e+01 4.286792627945432144e-02 9.000000000000000000e+01
2.126489048820380390e+01 6.496927775074566591e-02 9.000000000000000000e+01
2.165703083776477555e+01 8.718877790193867161e-02 9.000000000000000000e+01
2.204850214586488022e+01 1.095292720792188923e-01 9.000000000000000000e+01
2.243928731078912620e+01 1.319936406380737004e-01 9.000000000000000000e+01
2.282936894254805438e+01 1.545847996218739639e-01 9.000000000000000000e+01
2.321872935475389710e+01 1.773057014332442005e-01 9.000000000000000000e+01
2.360735055633676893e+01 2.001593354971121785e-01 9.000000000000000000e+01
2.399521424309747175e+01 2.231487289141282915e-01 9.000000000000000000e+01
2.438230178909412160e+01 2.462769471030904211e-01 9.000000000000000000e+01
2.476859423786109460e+01 2.695470944309504846e-01 9.000000000000000000e+01
2.515407229345645490e+01 2.929623148287678891e-01 9.000000000000000000e+01
2.553871631133732834e+01 3.165257923919689853e-01 9.000000000000000000e+01
2.592250628906020538e+01 3.402407519630969990e-01 9.000000000000000000e+01
2.630542185680456058e+01 3.641104596950716643e-01 9.000000000000000000e+01
2.668744226771890027e+01 3.881382235929596303e-01 9.000000000000000000e+01
2.706854638808705360e+01 4.123273940319718833e-01 9.000000000000000000e+01
2.744871268731462166e+01 4.366813642493760361e-01 9.000000000000000000e+01
2.782791922773452242e+01 4.612035708078004448e-01 9.000000000000000000e+01
2.820614365423107373e+01 4.858974940272074439e-01 9.000000000000000000e+01
2.858336318368334616e+01 5.107666583827379370e-01 9.000000000000000000e+01
2.895955459422788181e+01 5.358146328653686785e-01 9.000000000000000000e+01
2.933469421434138269e+01 5.610450313021289048e-01 9.000000000000000000e+01
2.970875791174586311e+01 5.864615126325188887e-01 9.000000000000000000e+01
3.008172108213674179e+01 6.120677811374310995e-01 9.000000000000000000e+01
3.045355863773780314e+01 6.378675866167740072e-01 9.000000000000000000e+01
3.082424499568557863e+01 6.638647245117269557e-01 9.000000000000000000e+01
3.119375406624645919e+01 6.900630359672665914e-01 9.000000000000000000e+01
3.156205924087250381e+01 7.164664078304907591e-01 9.000000000000000000e+01
3.192913338009955737e+01 7.430787725798634336e-01 9.000000000000000000e+01
3.229494880129547596e+01 7.699041081803494890e-01 9.000000000000000000e+01
3.265947726626470882e+01 7.969464378591074594e-01 9.000000000000000000e+01
3.302268996871707429e+01 8.242098297960464004e-01 9.000000000000000000e+01
3.338455752161112144e+01 8.516983967234308395e-01 9.000000000000000000e+01
3.374504994438065353e+01 8.794162954282173095e-01 9.000000000000000000e+01
3.410413665005746253e+01 9.073677261506756242e-01 9.000000000000000000e+01
3.446178643230213368e+01 9.355569318724109573e-01 9.000000000000000000e+01
3.481796745235700996e+01 9.639881974866214565e-01 9.000000000000000000e+01
3.517264722593755977e+01 9.926658488431229221e-01 9.000000000000000000e+01
3.552579261007904421e+01 1.021594251660315145e+00 9.000000000000000000e+01
3.587736978995647519e+01 1.050777810295868919e+00 9.000000000000000000e+01
3.622734426570017519e+01 1.080220966367717361e+00 9.000000000000000000e+01
3.657568083922755875e+01 1.109928197216417889e+00 9.000000000000000000e+01
3.692234360111667257e+01 1.139904014199737858e+00 9.000000000000000000e+01
3.726729591754789794e+01 1.170152960809952791e+00 9.000000000000000000e+01
3.761050041734169724e+01 1.200679610603912151e+00 9.000000000000000000e+01
3.795191897912474133e+01 1.231488564935786068e+00 9.000000000000000000e+01
3.829151271865633532e+01 1.262584450481875287e+00 9.000000000000000000e+01
3.862924197635253876e+01 1.293971916546753587e+00 9.000000000000000000e+01
3.896506630504583768e+01 1.325655632139597140e+00 9.000000000000000000e+01
3.929894445802180769e+01 1.357640282809301935e+00 9.000000000000000000e+01
3.963083437737770964e+01 1.389930567226845826e+00 9.000000000000000000e+01
3.996069318274999205e+01 1.422531193502983404e+00 9.000000000000000000e+01
4.028847716046129790e+01 1.455446875229306158e+00 9.000000000000000000e+01
4.061414175314140351e+01 1.488682327230525404e+00 9.000000000000000000e+01
4.093764154987827197e+01 1.522242261015658071e+00 9.000000000000000000e+01
4.125893027696120896e+01 1.556131379915925317e+00 9.000000000000000000e+01
4.157796078927959371e+01 1.590354373897003182e+00 9.000000000000000000e+01
4.189468506244521251e+01 1.624915914033439490e+00 9.000000000000000000e+01
4.220905418571060608e+01 1.659820646633258789e+00 9.000000000000000000e+01
4.252101835575795974e+01 1.695073187000850412e+00 9.000000000000000000e+01
4.283052687143899817e+01 1.730678112826746329e+00 9.000000000000000000e+01
4.313752812954822247e+01 1.766639957193209431e+00 9.000000000000000000e+01
4.344196962171725573e+01 1.802963201185074249e+00 9.000000000000000000e+01
4.374379793252099802e+01 1.839652266096089894e+00 9.000000000000000000e+01
4.404295873889060431e+01 1.876711505221568155e+00 9.000000000000000000e+01
4.433939681093164609e+01 1.914145195229296492e+00 9.000000000000000000e+01
4.463305601424995928e+01 1.951957527101610523e+00 9.000000000000000000e+01
4.492387931389047395e+01 1.990152596642747795e+00 9.000000000000000000e+01
4.521180877999858438e+01 2.028734394547187403e+00 9.000000000000000000e+01
4.549678559531535171e+01 2.067706796025991167e+00 9.000000000000000000e+01
4.577875006462216589e+01 2.107073549990228667e+00 9.000000000000000000e+01
4.605764162625172986e+01 2.146838267792385846e+00 9.000000000000000000e+01
4.633339886578460920e+01 2.187004411528812753e+00 9.000000000000000000e+01
4.660595953205282171e+01 2.227575281908897420e+00 9.000000000000000000e+01
4.687526055557218996e+01 2.268554005699027876e+00 9.000000000000000000e+01
4.714123806952594009e+01 2.309943522752405443e+00 9.000000000000000000e+01
4.740382743342267702e+01 2.351746572638893529e+00 9.000000000000000000e+01
4.766296325954937885e+01 2.393965680892282233e+00 9.000000000000000000e+01
4.791857944234055822e+01 2.436603144896037687e+00 9.000000000000000000e+01
4.817060919078028292e+01 2.479661019432335856e+00 9.000000000000000000e+01
4.841898506395125423e+01 2.523141101923105811e+00 9.000000000000000000e+01
4.866363900984088531e+01 2.567044917396191117e+00 9.000000000000000000e+01
4.890450240750782029e+01 2.611373703213944353e+00 9.000000000000000000e+01
4.914150611270633107e+01 2.656128393606278060e+00 9.000000000000000000e+01
4.937458050705832591e+01 2.701309604054906277e+00 9.000000000000000000e+01
4.960365555085149225e+01 2.746917615580224403e+00 9.000000000000000000e+01
4.982866083953452829e+01 2.792952358987478068e+00 9.000000000000000000e+01
5.004952566396505631e+01 2.839413399133527527e+00 9.000000000000000000e+01
5.026617907445447031e+01 2.886299919280817416e+00 9.000000000000000000e+01
5.047854994863826050e+01 2.933610705609922320e+00 9.000000000000000000e+01
5.068656706318297722e+01 2.981344131966895183e+00 9.000000000000000000e+01
5.089015916932421391e+01 3.029498144926509706e+00 9.000000000000000000e+01
5.108925507220973117e+01 3.078070249256760871e+00 9.000000000000000000e+01
5.128378371399999480e+01 3.127057493874271010e+00 9.000000000000000000e+01
5.147367426065787299e+01 3.176456458384131487e+00 9.000000000000000000e+01
5.165885619233312553e+01 3.226263240300911495e+00 9.000000000000000000e+01
5.183925939722441711e+01 3.276473443050618606e+00 9.000000000000000000e+01
5.201481426877338521e+01 3.327082164855572621e+00 9.000000000000000000e+01
5.218545180601974920e+01 3.378083988605618426e+00 9.000000000000000000e+01
5.235110371691805398e+01 3.429472972820198251e+00 9.000000000000000000e+01
5.251170252438750907e+01 3.481242643805424031e+00 9.000000000000000000e+01
5.266718167483853108e+01 3.533385989109693259e+00 9.000000000000000000e+01
5.281747564889038671e+01 3.585895452379237902e+00 9.000000000000000000e+01
5.296252007396486050e+01 3.638762929712074712e+00 9.000000000000000000e+01
5.310225183841419039e+01 3.691979767604946616e+00 9.000000000000000000e+01
5.323660920681234643e+01 3.745536762582389656e+00 9.000000000000000000e+01
5.336553193601410072e+01 3.799424162590961274e+00 9.000000000000000000e+01
5.348896139156051532e+01 3.853631670234079820e+00 9.000000000000000000e+01
5.360684066398709291e+01 3.908148447914129520e+00 9.000000000000000000e+01
5.371911468457020788e+01 3.962963124938954085e+00 9.000000000000000000e+01
5.382573034002900414e+01 4.018063806638739521e+00 9.000000000000000000e+01
5.392663658568575613e+01 4.073438085527315344e+00 9.000000000000000000e+01
5.402178455657447387e+01 4.129073054529312614e+00 9.000000000000000000e+01
5.411112767598054774e+01 4.184955322280406342e+00 9.000000000000000000e+01
5.419462176088892136e+01 4.241071030493816174e+00 9.000000000000000000e+01
5.427222512381836594e+01 4.297405873370894192e+00 9.000000000000000000e+01
5.434389867052303913e+01 4.353945119018121090e+00 9.000000000000000000e+01
5.440960599305108047e+01 4.410673632817228906e+00 9.000000000000000000e+01
5.446931345766260790e+01 4.467575902679016941e+00 9.000000000000000000e+01
5.452299028712739215e+01 4.524636066095910181e+00 9.000000000000000000e+01
5.457060863694353259e+01 4.581837938892733497e+00 9.000000000000000000e+01
5.461214366504582785e+01 4.639165045560188716e+00 9.000000000000000000e+01
5.464757359460246988e+01 4.696600651041512364e+00 9.000000000000000000e+01
5.467687976953402540e+01 4.754127793829222348e+00 9.000000000000000000e+01
5.470004670242630596e+01 4.811729320216945105e+00 9.000000000000000000e+01
5.471706211455202862e+01 4.869387919540263177e+00 9.000000000000000000e+01
5.472791696775967552e+01 4.927086160231092471e+00 9.000000000000000000e+01
5.473260548803685310e+01 4.984806526502381985e+00 9.000000000000000000e+01
5.473260548803685310e+01 4.984806526502381985e+00 9.000000000000000000e+01
5.473112518060392517e+01 5.042531455473739044e+00 9.000000000000000000e+01
5.472347683644655802e+01 5.100243374544187525e+00 9.000000000000000000e+01
5.470966453024603737e+01 5.157924738816058507e+00 9.000000000000000000e+01
5.468969560972101362e+01 5.215558068373342238e+00 9.000000000000000000e+01
5.466358067644513596e+01 5.273125985219283329e+00 9.000000000000000000e+01
5.463133355825852533e+01 5.330611249681434849e+00 9.000000000000000000e+01
5.459297127343977962e+01 5.387996796097405117e+00 9.000000000000000000e+01
5.454851398685603669e+01 5.445265767601658702e+00 9.000000000000000000e+01
5.449798495835319301e+01 5.502401549842180550e+00 9.000000000000000000e+01
5.444141048369292690e+01 5.559387803466151468e+00 9.000000000000000000e+01
5.437881982838354844e+01 5.616208495225112785e+00 9.000000000000000000e+01
5.431024515478792836e+01 5.672847927563011261e+00 9.000000000000000000e+01
5.423572144292504760e+01 5.729290766564157700e+00 9.000000000000000000e+01
5.415528640541015193e+01 5.785522068152759267e+00 9.000000000000000000e+01
5.406898039700261904e+01 5.841527302450950643e+00 9.000000000000000000e+01
5.397684631925075394e+01 5.897292376217726506e+00 9.000000000000000000e+01
5.387892952073758579e+01 5.952803653307207732e+00 9.000000000000000000e+01
5.377527769344284536e+01 6.008047973100372197e+00 9.000000000000000000e+01
5.366594076574180860e+01 6.063012666880183588e+00 9.000000000000000000e+01
5.355097079256432835e+01 6.117685572135298955e+00 9.000000000000000000e+01
5.343042184323451949e+01 6.172055044792393197e+00 9.000000000000000000e+01
5.330434988750517533e+01 6.226109969391310450e+00 9.000000000000000000e+01
5.317281268029137919e+01 6.279839767230521730e+00 9.000000000000000000e+01
5.303586964559379169e+01 6.333234402522967876e+00 9.000000000000000000e+01
5.289358176008605739e+01 6.386284386613611197e+00 9.000000000000000000e+01
5.274601143682106397e+01 6.438980780320643582e+00 9.000000000000000000e+01
5.259322240948901594e+01 6.491315194471299677e+00 9.000000000000000000e+01
5.243527961763688694e+01 6.543279788711616973e+00 9.000000000000000000e+01
5.227224909323287250e+01 6.594867268676143368e+00 9.000000000000000000e+01
5.210419784893302619e+01 6.646070881609574599e+00 9.000000000000000000e+01
5.193119376837908163e+01 6.696884410536875443e+00 9.000000000000000000e+01
5.175330549882817621e+01 6.747302167081889124e+00 9.000000000000000000e+01
5.157060234638628771e+01 6.797318983037024864e+00 9.000000000000000000e+01
5.138315417408839636e+01 6.846930200787920029e+00 9.000000000000000000e+01
5.119103130303953719e+01 6.896131662697554177e+00 9.000000000000000000e+01
5.099430441680274839e+01 6.944919699553854464e+00 9.000000000000000000e+01
5.079304446919235971e+01 6.993291118183680766e+00 9.000000000000000000e+01
5.058732259560446920e+01 7.041243188334131986e+00 9.000000000000000000e+01
5.037721002799061409e+01 7.088773628919550873e+00 9.000000000000000000e+01
5.016277801355626309e+01 7.135880593729535093e+00 9.000000000000000000e+01
4.994409773724289892e+01 7.182562656689605696e+00 9.000000000000000000e+01
4.972124024802964470e+01 7.228818796762215726e+00 9.000000000000000000e+01
4.949427638907137350e+01 7.274648382571416327e+00 9.000000000000000000e+01
4.926327673167035925e+01 7.320051156829928907e+00 9.000000000000000000e+01
4.902831151306137514e+01 7.365027220642612171e+00 9.000000000000000000e+01
4.878945057797466234e+01 7.409577017755301753e+00 9.000000000000000000e+01
4.854676332392617866e+01 7.453701318813209298e+00 9.000000000000000000e+01
4.830031865017236470e+01 7.497401205687844516e+00 9.000000000000000000e+01
4.805018491025471405e+01 7.540678055926648859e+00 9.000000000000000000e+01
4.779642986804984162e+01 7.583533527374499705e+00 9.000000000000000000e+01
4.753912065723127256e+01 7.625969543011551721e+00 9.000000000000000000e+01
4.727832374404322735e+01 7.667988276047123186e+00 9.000000000000000000e+01
4.701410489327874842e+01 7.709592135304945693e+00 9.000000000000000000e+01
4.674652913735082649e+01 7.750783750930680505e+00 9.000000000000000000e+01
4.647566074834043803e+01 7.791565960448594730e+00 9.000000000000000000e+01
4.620156321290289014e+01 7.831941795190327404e+00 9.000000000000000000e+01
4.592429920991131809e+01 7.871914467115026071e+00 9.000000000000000000e+01
4.564393059071538516e+01 7.911487356036654539e+00 9.000000000000000000e+01
4.536051836189257358e+01 7.950663997271150585e+00 9.000000000000000000e+01
4.507412267036924192e+01 7.989448069713008138e+00 9.000000000000000000e+01
4.478480279079039406e+01 8.027843384348196665e+00 9.000000000000000000e+01
4.449261711501750227e+01 8.065853873207766256e+00 9.000000000000000000e+01
4.419762314363601519e+01 8.103483578764203443e+00 9.000000000000000000e+01
4.389987747935649764e+01 8.140736643770447145e+00 9.000000000000000000e+01
4.359943582219580094e+01 8.177617301539736872e+00 9.000000000000000000e+01
4.329635296632759633e+01 8.214129866662547741e+00 9.000000000000000000e+01
4.299068279849484497e+01 8.250278726155608311e+00 9.000000000000000000e+01
4.268247829788032988e+01 8.286068331036483769e+00 9.000000000000000000e+01
4.237179153733456616e+01 8.321503188316150101e+00 9.000000000000000000e+01
4.205867368586428512e+01 8.356587853400952781e+00 9.000000000000000000e+01
4.174317501228880900e+01 8.391326922894480234e+00 9.000000000000000000e+01
4.142534488997472408e+01 8.425725027789141564e+00 9.000000000000000000e+01
4.110523180256394227e+01 8.459786827036719359e+00 9.000000000000000000e+01
4.078288335061336056e+01 8.493517001486571516e+00 9.000000000000000000e+01
4.045834625906908855e+01 8.526920248179868267e+00 9.000000000000000000e+01
4.013166638550104892e+01 8.560001274987918407e+00 9.000000000000000000e+01
3.980288872902838904e+01 8.592764795582473525e+00 9.000000000000000000e+01
3.947205743986904025e+01 8.625215524725744487e+00 9.000000000000000000e+01
3.913921582945150845e+01 8.657358173867867990e+00 9.000000000000000000e+01
3.880440638102921724e+01 8.689197447039491706e+00 9.000000000000000000e+01
3.846767076074205960e+01 8.720738037027340184e+00 9.000000000000000000e+01
3.812904982907298290e+01 8.751984621820595223e+00 9.000000000000000000e+01
3.778858365265025299e+01 8.782941861316226451e+00 9.000000000000000000e+01
3.744631151634965960e+01 8.813614394271491292e+00 9.000000000000000000e+01
3.710227193565377490e+01 8.844006835492114860e+00 9.000000000000000000e+01
3.675650266922781384e+01 8.874123773244928515e+00 9.000000000000000000e+01
3.640904073167506994e+01 8.903969766883932380e+00 9.000000000000000000e+01
3.605992240643694657e+01 8.933549344679216020e+00 9.000000000000000000e+01
3.570918325880548849e+01 8.962867001838242587e+00 9.000000000000000000e+01
3.535685814901843571e+01 8.991927198709584346e+00 9.000000000000000000e+01
3.500298124540912426e+01 9.020734359159332527e+00 9.000000000000000000e+01
3.464758603758600941e+01 9.049292869110818316e+00 9.000000000000000000e+01
3.429070534961799410e+01 9.077607075238644185e+00 9.000000000000000000e+01
3.393237135320436693e+01 9.105681283808340964e+00 9.000000000000000000e+01
3.357261558080951858e+01 9.133519759653262682e+00 9.000000000000000000e+01
3.321146893874414729e+01 9.161126725280777094e+00 9.000000000000000000e+01
3.284896172017714377e+01 9.188506360100046066e+00 9.000000000000000000e+01
3.248512361806268700e+01 9.215662799764096746e+00 9.000000000000000000e+01
3.211998373796949124e+01 9.242600135619104762e+00 9.000000000000000000e+01
3.175357061079970933e+01 9.269322414254308029e+00 9.000000000000000000e+01
3.138591220538697257e+01 9.295833637146081685e+00 9.000000000000000000e+01
3.101703594096353100e+01 9.322137760390150518e+00 9.000000000000000000e+01
3.064696869948814140e+01 9.348238694516140868e+00 9.000000000000000000e+01
3.027573683782686231e+01 9.374140304379009692e+00 9.000000000000000000e+01
2.990336619978000243e+01 9.399846409122117663e+00 9.000000000000000000e+01
2.952988212794994283e+01 9.425360782207002686e+00 9.000000000000000000e+01
2.915530947544417373e+01 9.450687151505178463e+00 9.000000000000000000e+01
2.877967261740988292e+01 9.475829199447550977e+00 9.000000000000000000e+01
2.840299546239634410e+01 9.500790563227191399e+00 9.000000000000000000e+01
2.802530146354211382e+01 9.525574835051584088e+00 9.000000000000000000e+01
2.764661362958518964e+01 9.550185562440560716e+00 9.000000000000000000e+01
2.726695453569400129e+01 9.574626248566374898e+00 9.000000000000000000e+01
2.688634633411832908e+01 9.598900352632675492e+00 9.000000000000000000e+01
2.650481076465921149e+01 9.623011290289126052e+00 9.000000000000000000e+01
2.612236916495778516e+01 9.646962434078838911e+00 9.000000000000000000e+01
2.573904248060289035e+01 9.670757113915772862e+00 9.000000000000000000e+01
2.535485127505827307e+01 9.694398617589543576e+00 9.000000000000000000e+01
2.496981573940966470e+01 9.717890191295172286e+00 9.000000000000000000e+01
2.458395570193330926e+01 9.741235040185502569e+00 9.000000000000000000e+01
2.419729063748706110e+01 9.764436328944146481e+00 9.000000000000000000e+01
2.380983967672578316e+01 9.787497182376938554e+00 9.000000000000000000e+01
2.342162161514267282e+01 9.810420686020027148e+00 9.000000000000000000e+01
2.303265492193874664e+01 9.833209886762888985e+00 9.000000000000000000e+01
2.264295774872270783e+01 9.855867793484540229e+00 9.000000000000000000e+01
2.225254793804339926e+01 9.878397377701576332e+00 9.000000000000000000e+01
2.186144303175753478e+01 9.900801574226433033e+00 9.000000000000000000e+01
2.146966027923516407e+01 9.923083281834751190e+00 9.000000000000000000e+01
2.107721664540587625e+01 9.945245363940459882e+00 9.000000000000000000e+01
2.068412881864836450e+01 9.967290649277547487e+00 9.000000000000000000e+01
2.029041321852636059e+01 9.989221932587433628e+00 9.000000000000000000e+01
1.989608600337407651e+01 1.001104197531096673e+01 9.000000000000000000e+01
1.950116307773391355e+01 1.003275350628419460e+01 9.000000000000000000e+01
1.910566009964996681e+01 1.005435922243703573e+01 9.000000000000000000e+01
1.870959248782016360e+01 1.007586178949412492e+01 9.000000000000000000e+01
1.831297542861031502e+01 1.009726384267712440e+01 9.000000000000000000e+01
1.791582388293346284e+01 1.011856798740790531e+01 9.000000000000000000e+01
1.751815259299756278e+01 1.013977680001195125e+01 9.000000000000000000e+01
1.711997608892485090e+01 1.016089282842153452e+01 9.000000000000000000e+01
1.672130869524615449e+01 1.018191859287812662e+01 9.000000000000000000e+01
1.632216453727345851e+01 1.020285658663365069e+01 9.000000000000000000e+01
1.592255754735386120e+01 1.022370927665017071e+01 9.000000000000000000e+01
1.552250147100844657e+01 1.024447910429769237e+01 9.000000000000000000e+01
1.512200987295889476e+01 1.026516848604973120e+01 9.000000000000000000e+01
1.472109614304556580e+01 1.028577981417640252e+01 9.000000000000000000e+01
1.431977350203989197e+01 1.030631545743480437e+01 9.000000000000000000e+01
1.391805500735448931e+01 1.032677776175645334e+01 9.000000000000000000e+01
1.351595355865408266e+01 1.034716905093161721e+01 9.000000000000000000e+01
1.311348190337043462e+01 1.036749162729041274e+01 9.000000000000000000e+01
1.271065264212451851e+01 1.038774777238048053e+01 9.000000000000000000e+01
1.230747823405869390e+01 1.040793974764122254e+01 9.000000000000000000e+01
1.190397100208255843e+01 1.042806979507446385e+01 9.000000000000000000e+01
1.150014313803487376e+01 1.044814013791150131e+01 9.000000000000000000e+01
1.109600670776520914e+01 1.046815298127649818e+01 9.000000000000000000e+01
1.069157365613773791e+01 1.048811051284623908e+01 9.000000000000000000e+01
1.028685581196068455e+01 1.050801490350616874e+01 9.000000000000000000e+01
9.881864892843960746e+00 1.052786830800283902e+01 9.000000000000000000e+01
9.476612509988092015e+00 1.054767286559267703e+01 9.000000000000000000e+01
9.071110172907419056e+00 1.056743070068721657e+01 9.000000000000000000e+01
8.665369294090108809e+00 1.058714392349478217e+01 9.000000000000000000e+01
8.259401193598199242e+00 1.060681463065874297e+01 9.000000000000000000e+01
7.853217103610139915e+00 1.062644490589238622e+01 9.000000000000000000e+01
7.446828172908908527e+00 1.064603682061048495e+01 9.000000000000000000e+01
7.040245471318128168e+00 1.066559243455773753e+01 9.000000000000000000e+01
6.633479994089292120e+00 1.068511379643408254e+01 9.000000000000000000e+01
6.226542666242431245e+00 1.070460294451709515e+01 9.000000000000000000e+01
5.819444346863065221e+00 1.072406190728152708e+01 9.000000000000000000e+01
5.412195833358280694e+00 1.074349270401615719e+01 9.000000000000000000e+01
5.004807865674143486e+00 1.076289734543809118e+01 9.000000000000000000e+01
4.597291130477495713e+00 1.078227783430461706e+01 9.000000000000000000e+01
4.189656265304370741e+00 1.080163616602282595e+01 9.000000000000000000e+01
3.781913862677957372e+00 1.082097432925707103e+01 9.000000000000000000e+01
3.374074474198280882e+00 1.084029430653452231e+01 9.000000000000000000e+01
2.966148614606560319e+00 1.085959807484888628e+01 9.000000000000000000e+01
2.558146765826386559e+00 1.087888760626250217e+01 9.000000000000000000e+01
2.150079380984532662e+00 1.089816486850700805e+01 9.000000000000000000e+01
1.741956888413779492e+00 1.091743182558265879e+01 9.000000000000000000e+01
1.333789695640180017e+00 1.093669043835658705e+01 9.000000000000000000e+01
9.255881933574660048e-01 1.095594266516010151e+01 9.000000000000000000e+01
5.173627593907937916e-01 1.097519046238519458e+01 9.000000000000000000e+01
1.091237626526184029e-01 1.099443578508052433e+01 9.000000000000000000e+01
-2.991184329071674419e-01 1.101368058754694523e+01 9.000000000000000000e+01
-7.073534643540224653e-01 1.103292682393282931e+01 9.000000000000000000e+01
-1.115570965822337834e+00 1.105217644882936412e+01 9.000000000000000000e+01
-1.523760564567084641e+00 1.107143141786596630e+01 9.000000000000000000e+01
-1.931911877011159850e+00 1.109069368830602187e+01 9.000000000000000000e+01
-2.340014504786077865e+00 1.110996521964314887e+01 9.000000000000000000e+01
-2.748058030763266046e+00 1.112924797419809408e+01 9.000000000000000000e+01
-3.156032015073815700e+00 1.114854391771656417e+01 9.000000000000000000e+01
-3.563925991113858327e+00 1.116785501996798757e+01 9.000000000000000000e+01
-3.971729461533435757e+00 1.118718325534561586e+01 9.000000000000000000e+01
-4.379431894206001097e+00 1.120653060346788088e+01 9.000000000000000000e+01
-4.787022718176367597e+00 1.122589904978140218e+01 9.000000000000000000e+01
-5.194491319584284561e+00 1.124529058616567134e+01 9.000000000000000000e+01
-5.601827037561399436e+00 1.126470721153964405e+01 9.000000000000000000e+01
-6.009019160098773682e+00 1.128415093247034307e+01 9.000000000000000000e+01
-6.416056919882509035e+00 1.130362376378371181e+01 9.000000000000000000e+01
-6.822929490095037686e+00 1.132312772917778787e+01 9.000000000000000000e+01
-7.229625980179111622e+00 1.134266486183839717e+01 9.000000000000000000e+01
-7.636135431562299125e+00 1.136223720505747536e+01 9.000000000000000000e+01
-8.042446813338928635e+00 1.138184681285417277e+01 9.000000000000000000e+01
-8.448549017907202696e+00 1.140149575059888143e+01 9.000000000000000000e+01
-8.854430856558387575e+00 1.142118609564025711e+01 9.000000000000000000e+01
-9.260081055015803031e+00 1.144091993793541207e+01 9.000000000000000000e+01
-9.665488248920384606e+00 1.146069938068333904e+01 9.000000000000000000e+01
-1.007064097926057578e+01 1.148052654096167835e+01 9.000000000000000000e+01
-1.047552768774329124e+01 1.150040355036691331e+01 9.000000000000000000e+01
-1.088013671210338629e+01 1.152033255565807224e+01 9.000000000000000000e+01
-1.128445628134881495e+01 1.154031571940399559e+01 9.000000000000000000e+01
-1.168847451093838430e+01 1.156035522063422505e+01 9.000000000000000000e+01
-1.209217939788943319e+01 1.158045325549353421e+01 9.000000000000000000e+01
-1.249555881581240335e+01 1.160061203790015760e+01 9.000000000000000000e+01
-1.289860050986927043e+01 1.162083380020770562e+01 9.000000000000000000e+01
-1.330129209165297155e+01 1.164112079387075127e+01 9.000000000000000000e+01
-1.370362103398475107e+01 1.166147529011407080e+01 9.000000000000000000e+01
-1.410557466562639206e+01 1.168189958060551703e+01 9.000000000000000000e+01
-1.450714016590422339e+01 1.170239597813240806e+01 9.000000000000000000e+01
-1.490830455924188414e+01 1.172296681728138346e+01 9.000000000000000000e+01
-1.530905470959847747e+01 1.174361445512161595e+01 9.000000000000000000e+01
-1.570937731480948152e+01 1.176434127189123302e+01 9.000000000000000000e+01
-1.610925890082653567e+01 1.178514967168677785e+01 9.000000000000000000e+01
-1.650868581585354988e+01 1.180604208315554082e+01 9.000000000000000000e+01
-1.690764422437549541e+01 1.182702096019052718e+01 9.000000000000000000e+01
-1.730612010107672205e+01 1.184808878262780496e+01 9.000000000000000000e+01
-1.770409922464593677e+01 1.186924805694595086e+01 9.000000000000000000e+01
-1.810156717146379179e+01 1.189050131696728485e+01 9.000000000000000000e+01
-1.849850930917070713e+01 1.191185112456047790e+01 9.000000000000000000e+01
-1.889491079011094854e+01 1.193330007034419360e+01 9.000000000000000000e+01
-1.929075654465021117e+01 1.195485077439126798e+01 9.000000000000000000e+01
-1.968603127436285760e+01 1.197650588693292484e+01 9.000000000000000000e+01
-2.008071944508622408e+01 1.199826808906252040e+01 9.000000000000000000e+01
-2.047480527983823961e+01 1.202014009343816703e+01 9.000000000000000000e+01
-2.086827275159537010e+01 1.204212464498358948e+01 9.000000000000000000e+01
-2.126110557592754802e+01 1.206422452158651382e+01 9.000000000000000000e+01
-2.165328720348717084e+01 1.208644253479377539e+01 9.000000000000000000e+01
-2.204480081234884992e+01 1.210878153050230388e+01 9.000000000000000000e+01
-2.243562930019688295e+01 1.213124438964505103e+01 9.000000000000000000e+01
-2.282575527635754753e+01 1.215383402887086284e+01 9.000000000000000000e+01
-2.321516105367330951e+01 1.217655340121721608e+01 9.000000000000000000e+01
-2.360382864021608640e+01 1.219940549677462016e+01 9.000000000000000000e+01
-2.399173973083675904e+01 1.222239334334146399e+01 9.000000000000000000e+01
-2.437887569854864722e+01 1.224552000706788668e+01 9.000000000000000000e+01
-2.476521758574193655e+01 1.226878859308726000e+01 9.000000000000000000e+01
-2.515074609522758209e+01 1.229220224613369972e+01 9.000000000000000000e+01
-2.553544158110762652e+01 1.231576415114388290e+01 9.000000000000000000e+01
-2.591928403947058257e+01 1.233947753384141599e+01 9.000000000000000000e+01
-2.630225309890991880e+01 1.236334566130176782e+01 9.000000000000000000e+01
-2.668432801086435902e+01 1.238737184249574952e+01 9.000000000000000000e+01
-2.706548763977836813e+01 1.241155942880929786e+01 9.000000000000000000e+01
-2.744571045308208923e+01 1.243591181453717098e+01 9.000000000000000000e+01
-2.782497451099024488e+01 1.246043243734813366e+01 9.000000000000000000e+01
-2.820325745611917512e+01 1.248512477871886617e+01 9.000000000000000000e+01
-2.858053650292282200e+01 1.250999236433377249e+01 9.000000000000000000e+01
-2.895678842694736232e+01 1.253503876444765197e+01 9.000000000000000000e+01
-2.933198955390603047e+01 1.256026759420805305e+01 9.000000000000000000e+01
-2.970611574857505488e+01 1.258568251393376158e+01 9.000000000000000000e+01
-3.007914240351313850e+01 1.261128722934599367e+01 9.000000000000000000e+01
-3.045104442760672470e+01 1.263708549174822160e+01 9.000000000000000000e+01
-3.082179623444399041e+01 1.266308109815076755e+01 9.000000000000000000e+01
-3.119137173052196133e+01 1.268927789133569028e+01 9.000000000000000000e+01
-3.155974430329073854e+01 1.271567975985751175e+01 9.000000000000000000e+01
-3.192688680904049292e+01 1.274229063797495876e+01 9.000000000000000000e+01
-3.229277156063746190e+01 1.276911450550862526e+01 9.000000000000000000e+01
-3.265737031511557120e+01 1.279615538761921556e+01 9.000000000000000000e+01
-3.302065426113239255e+01 1.282341735450073905e+01 9.000000000000000000e+01
-3.338259400629825535e+01 1.285090452098278391e+01 9.000000000000000000e+01
-3.374315956438863395e+01 1.287862104603555657e+01 9.000000000000000000e+01
-3.410232034245151311e+01 1.290657113217124241e+01 9.000000000000000000e+01
-3.446004512782236873e+01 1.293475902473481653e+01 9.000000000000000000e+01
-3.481630207506091068e+01 1.296318901107710175e+01 9.000000000000000000e+01
-3.517105869282515584e+01 1.299186541960261998e+01 9.000000000000000000e+01
-3.552428183069999079e+01 1.302079261868439453e+01 9.000000000000000000e+01
-3.587593766599898260e+01 1.304997501543750360e+01 9.000000000000000000e+01
-3.622599169056002211e+01 1.307941705434290114e+01 9.000000000000000000e+01
-3.657440869755738078e+01 1.310912321571264094e+01 9.000000000000000000e+01
-3.692115276835414761e+01 1.313909801398727772e+01 9.000000000000000000e+01
-3.726618725942211086e+01 1.316934599585593624e+01 9.000000000000000000e+01
-3.760947478935722188e+01 1.319987173818916659e+01 9.000000000000000000e+01
-3.795097722602199042e+01 1.323067984577433620e+01 9.000000000000000000e+01
-3.829065567384812852e+01 1.326177494884310626e+01 9.000000000000000000e+01
-3.862847046133551743e+01 1.329316170038009304e+01 9.000000000000000000e+01
-3.896438112878576021e+01 1.332484477320161886e+01 9.000000000000000000e+01
-3.929834641631259018e+01 1.335682885679316811e+01 9.000000000000000000e+01
-3.963032425217269150e+01 1.338911865389388645e+01 9.000000000000000000e+01
-3.996027174146495753e+01 1.342171887681631404e+01 9.000000000000000000e+01
-4.028814515524845064e+01 1.345463424348923986e+01 9.000000000000000000e+01
-4.061389992013322114e+01 1.348786947321159957e+01 9.000000000000000000e+01
-4.093749060840088561e+01 1.352142928210504103e+01 9.000000000000000000e+01
-4.125887092871628425e+01 1.355531837825289365e+01 9.000000000000000000e+01
-4.157799371749408124e+01 1.358954145651324730e+01 9.000000000000000000e+01
-4.189481093098848419e+01 1.362410319299384831e+01 9.000000000000000000e+01
-4.220927363817788347e+01 1.365900823917676732e+01 9.000000000000000000e+01
-4.252133201452031130e+01 1.369426121568106502e+01 9.000000000000000000e+01
-4.283093533665855546e+01 1.372986670565179068e+01 9.000000000000000000e+01
-4.313803197815875734e+01 1.376582924776438510e+01 9.000000000000000000e+01
-4.344256940636967812e+01 1.380215332883382118e+01 9.000000000000000000e+01
-4.374449418049343308e+01 1.383884337601861958e+01 9.000000000000000000e+01
-4.404375195096312012e+01 1.387590374861067311e+01 9.000000000000000000e+01
-4.434028746022556788e+01 1.391333872940258942e+01 9.000000000000000000e+01
-4.463404454503179153e+01 1.395115251562554270e+01 9.000000000000000000e+01
-4.492496614034097746e+01 1.398934920945166738e+01 9.000000000000000000e+01
-4.521299428494721440e+01 1.402793280805661880e+01 9.000000000000000000e+01
-4.549807012894094527e+01 1.406690719323933614e+01 9.000000000000000000e+01
-4.578013394312034734e+01 1.410627612059796121e+01 9.000000000000000000e+01
-4.605912513047036327e+01 1.414604320826280137e+01 9.000000000000000000e+01
-4.633498223982839903e+01 1.418621192518940255e+01 9.000000000000000000e+01
-4.660764298185862486e+01 1.422678557901725682e+01 9.000000000000000000e+01
-4.687704424745651011e+01 1.426776730350223943e+01 9.000000000000000000e+01
-4.714312212870706986e+01 1.430916004553379217e+01 9.000000000000000000e+01
-4.740581194251912223e+01 1.435096655175096103e+01 9.000000000000000000e+01
-4.766504825705787596e+01 1.439318935477469275e+01 9.000000000000000000e+01
-4.792076492109592323e+01 1.443583075907735669e+01 9.000000000000000000e+01
-4.817289509640054490e+01 1.447889282651431309e+01 9.000000000000000000e+01
-4.842137129327184653e+01 1.452237736154621928e+01 9.000000000000000000e+01
-4.866612540934125519e+01 1.456628589618519243e+01 9.000000000000000000e+01
-4.890708877173526048e+01 1.461061967470208423e+01 9.000000000000000000e+01
-4.914419218270131040e+01 1.465537963813696543e+01 9.000000000000000000e+01
-4.937736596878625761e+01 1.470056640865948872e+01 9.000000000000000000e+01
-4.960654003364665243e+01 1.474618027383071173e+01 9.000000000000000000e+01
-4.983164391456133302e+01 1.479222117082293586e+01 9.000000000000000000e+01
-5.005260684270336924e+01 1.483868867065904773e+01 9.000000000000000000e+01
-5.026935780721493785e+01 1.488558196253792865e+01 9.000000000000000000e+01
-5.048182562311460231e+01 1.493289983831744294e+01 9.000000000000000000e+01
-5.068993900304862876e+01 1.498064067723132453e+01 9.000000000000000000e+01
-5.089362663288050470e+01 1.502880243092113943e+01 9.000000000000000000e+01
-5.109281725109334360e+01 1.507738260886879722e+01 9.000000000000000000e+01
-5.128743973195805950e+01 1.512637826431948618e+01 9.000000000000000000e+01
-5.147742317239855936e+01 1.517578598078859642e+01 9.000000000000000000e+01
-5.166269698246058084e+01 1.522560185924966625e+01 9.000000000000000000e+01
-5.184319097926621822e+01 1.527582150610325051e+01 9.000000000000000000e+01
-5.201883548430956239e+01 1.532644002202884970e+01 9.000000000000000000e+01
-5.218956142392202224e+01 1.537745199182371891e+01 9.000000000000000000e+01
-5.235530043270781420e+01 1.542885147533306522e+01 9.000000000000000000e+01
-5.251598495972151426e+01 1.548063199957627489e+01 9.000000000000000000e+01
-5.267154837713056281e+01 1.553278655217281568e+01 9.000000000000000000e+01
-5.282192509107705547e+01 1.558530757616948570e+01 9.000000000000000000e+01
-5.296705065442382931e+01 1.563818696636786321e+01 9.000000000000000000e+01
-5.310686188104194372e+01 1.569141606724673288e+01 9.000000000000000000e+01
-5.324129696126907163e+01 1.574498567256891590e+01 9.000000000000000000e+01
-5.337029557814177849e+01 1.579888602675587350e+01 9.000000000000000000e+01
-5.349379902398030140e+01 1.585310682810572658e+01 9.000000000000000000e+01
-5.361175031688122772e+01 1.590763723392170803e+01 9.000000000000000000e+01
-5.372409431665265345e+01 1.596246586760839037e+01 9.000000000000000000e+01
-5.383077783970855990e+01 1.601758082778180992e+01 9.000000000000000000e+01
-5.393174977242380663e+01 1.607296969942797205e+01 9.000000000000000000e+01
-5.402696118243929391e+01 1.612861956713111056e+01 9.000000000000000000e+01
-5.411636542739827149e+01 1.618451703037927913e+01 9.000000000000000000e+01
-5.419991826059080609e+01 1.624064822094047500e+01 9.000000000000000000e+01
-5.427757793298205513e+01 1.629699882228722174e+01 9.000000000000000000e+01
-5.434930529110529562e+01 1.635355409103209468e+01 9.000000000000000000e+01
-5.441506387030711522e+01 1.641029888032070616e+01 9.000000000000000000e+01
-5.447481998284709448e+01 1.646721766511296536e+01 9.000000000000000000e+01
-5.452854280036983425e+01 1.652429456926736151e+01 9.000000000000000000e+01
-5.457620443029048118e+01 1.658151339432767912e+01 9.000000000000000000e+01
-5.461777998566056169e+01 1.663885764989661098e+01 9.000000000000000000e+01
-5.465324764811208524e+01 1.669631058546630342e+01 9.000000000000000000e+01
-5.468258872351233890e+01 1.675385522356273782e+01 9.000000000000000000e+01
-5.470578769000067609e+01 1.681147439404843880e+01 9.000000000000000000e+01
-5.472283223812048192e+01 1.686915076941722802e+01 9.000000000000000000e+01
-5.473371330280463098e+01 1.692686690090521395e+01 9.000000000000000000e+01
-5.473842508702050225e+01 1.698460525523431741e+01 9.000000000000000000e+01
-5.473696507693014013e+01 1.704234825179851143e+01 9.000000000000000000e+01
-5.472933404847351113e+01 1.710007830009869423e+01 9.000000000000000000e+01
-5.471553606533338865e+01 1.715777783722956329e+01 9.000000000000000000e+01
-5.469557846829538050e+01 1.721542936522144274e+01 9.000000000000000000e+01
-5.466947185606775861e+01 1.727301548804137710e+01 9.000000000000000000e+01
-5.463723005767828056e+01 1.733051894806123272e+01 9.000000000000000000e+01
-5.459887009661621704e+01 1.738792266180553625e+01 9.000000000000000000e+01
-5.455441214693613006e+01 1.744520975479908742e+01 9.000000000000000000e+01
-5.450387948158661544e+01 1.750236359534256891e+01 9.000000000000000000e+01
-5.444729841327166042e+01 1.755936782705504484e+01 9.000000000000000000e+01
-5.438469822819110533e+01 1.761620640003337712e+01 9.000000000000000000e+01
-5.431611111304552253e+01 1.767286360049158134e+01 9.000000000000000000e+01
-5.424157207572218198e+01 1.772932407875698502e+01 9.000000000000000000e+01
-5.416111886010832421e+01 1.778557287551443622e+01 9.000000000000000000e+01
-5.407479185550167955e+01 1.784159544620528237e+01 9.000000000000000000e+01
-5.398263400110881349e+01 1.789737768350347480e+01 9.000000000000000000e+01
-5.388469068613623847e+01 1.795290593780690358e+01 9.000000000000000000e+01
-5.378100964599061484e+01 1.800816703569813981e+01 9.000000000000000000e+01
-5.367164085511013383e+01 1.806314829634438368e+01 9.000000000000000000e+01
-5.355663641695110044e+01 1.811783754582177508e+01 9.000000000000000000e+01
-5.343605045165200806e+01 1.817222312936424089e+01 9.000000000000000000e+01
-5.330993898188935987e+01 1.822629392155096539e+01 9.000000000000000000e+01
-5.317835981743179730e+01 1.828003933446026608e+01 9.000000000000000000e+01
-5.304137243888330033e+01 1.833344932382988191e+01 9.000000000000000000e+01
-5.289903788109134553e+01 1.838651439327527726e+01 9.000000000000000000e+01
-5.275141861667528786e+01 1.843922559662807714e+01 9.000000000000000000e+01
-5.259857844010934258e+01 1.849157453846572352e+01 9.000000000000000000e+01
-5.244058235277001501e+01 1.854355337291192640e+01 9.000000000000000000e+01
-5.227749644933271611e+01 1.859515480079420513e+01 9.000000000000000000e+01
-5.210938780587510877e+01 1.864637206525064528e+01 9.000000000000000000e+01
-5.193632437001708979e+01 1.869719894588276432e+01 9.000000000000000000e+01
-5.175837485339831545e+01 1.874762975155465838e+01 9.000000000000000000e+01
-5.157560862676586311e+01 1.879765931194133088e+01 9.000000000000000000e+01
-5.138809561791512692e+01 1.884728296793031888e+01 9.000000000000000000e+01
-5.119590621269848185e+01 1.889649656098136532e+01 9.000000000000000000e+01
-5.099911115928810545e+01 1.894529642154840232e+01 9.000000000000000000e+01
-5.079778147585139436e+01 1.899367935666693796e+01 9.000000000000000000e+01
-5.059198836177093028e+01 1.904164263680805291e+01 9.000000000000000000e+01
-5.038180311251526433e+01 1.908918398209759459e+01 9.000000000000000000e+01
-5.016729703824190523e+01 1.913630154799601613e+01 9.000000000000000000e+01
-4.994854138619103168e+01 1.918299391053077230e+01 9.000000000000000000e+01
-4.972560726690667110e+01 1.922926005116903880e+01 9.000000000000000000e+01
-4.949856558430099795e+01 1.927509934141433234e+01 9.000000000000000000e+01
-4.926748696955935714e+01 1.932051152720582365e+01 9.000000000000000000e+01
-4.903244171886569802e+01 1.936549671319449928e+01 9.000000000000000000e+01
-4.879349973491215309e+01 1.941005534696531498e+01 9.000000000000000000e+01
-4.855073047214251147e+01 1.945418820326948151e+01 9.000000000000000000e+01
-4.830420288566624265e+01 1.949789636832612061e+01 9.000000000000000000e+01
-4.805398538376799422e+01 1.954118122424739923e+01 9.000000000000000000e+01
-4.780014578392800928e+01 1.958404443363644631e+01 9.000000000000000000e+01
-4.754275127225999142e+01 1.962648792440251455e+01 9.000000000000000000e+01
-4.728186836626527167e+01 1.966851387483317737e+01 9.000000000000000000e+01
-4.701756288079621982e+01 1.971012469895890362e+01 9.000000000000000000e+01
-4.674989989711696126e+01 1.975132303224088659e+01 9.000000000000000000e+01
-4.647894373494502673e+01 1.979211171760910659e+01 9.000000000000000000e+01
-4.620475792735494736e+01 1.983249379187344630e+01 9.000000000000000000e+01
-4.592740519842257640e+01 1.987247247252729565e+01 9.000000000000000000e+01
-4.564694744348760480e+01 1.991205114495928541e+01 9.000000000000000000e+01
-4.536344571191164476e+01 1.995123335008591781e+01 9.000000000000000000e+01
-4.507696019220878014e+01 1.999002277241455161e+01 9.000000000000000000e+01
-4.478755019942714455e+01 2.002842322854377599e+01 9.000000000000000000e+01
-4.449527416466052898e+01 2.006643865610531208e+01 9.000000000000000000e+01
-4.420018962657191253e+01 2.010407310314962714e+01 9.000000000000000000e+01
-4.390235322481207447e+01 2.014133071797508734e+01 9.000000000000000000e+01
-4.360182069521976445e+01 2.017821573939874469e+01 9.000000000000000000e+01
-4.329864686669274931e+01 2.021473248746506712e+01 9.000000000000000000e+01
-4.299288565962149988e+01 2.025088535458744232e+01 9.000000000000000000e+01
-4.268459008578243186e+01 2.028667879711609245e+01 9.000000000000000000e+01
-4.237381224958870263e+01 2.032211732732456966e+01 9.000000000000000000e+01
-4.206060335060292488e+01 2.035720550580634836e+01 9.000000000000000000e+01
-4.174501368721769978e+01 2.039194793427193275e+01 9.000000000000000000e+01
-4.142709266141510227e+01 2.042634924873629743e+01 9.000000000000000000e+01
-4.110688878451985317e+01 2.046041411308576485e+01 9.000000000000000000e+01
-4.078444968386422431e+01 2.049414721301315723e+01 9.000000000000000000e+01
-4.045982211028760389e+01 2.052755325030935296e+01 9.000000000000000000e+01
-4.013305194639635687e+01 2.056063693749948484e+01 9.000000000000000000e+01
-3.980418421551437547e+01 2.059340299281145192e+01 9.000000000000000000e+01
-3.947326309125801913e+01 2.062585613546456287e+01 9.000000000000000000e+01
-3.914033190767255377e+01 2.065800108126597934e+01 9.000000000000000000e+01
-3.880543316987102997e+01 2.068984253850264210e+01 9.000000000000000000e+01
-3.846860856512030580e+01 2.072138520411638041e+01 9.000000000000000000e+01
-3.812989897432133546e+01 2.075263376015027106e+01 9.000000000000000000e+01
-3.778934448383506606e+01 2.078359287045401160e+01 9.000000000000000000e+01
-3.744698439760775699e+01 2.081426717763684664e+01 9.000000000000000000e+01
-3.710285724955267739e+01 2.084466130025630903e+01 9.000000000000000000e+01
-3.675700081614815673e+01 2.087477983023163119e+01 9.000000000000000000e+01
-3.640945212921469931e+01 2.090462733047072064e+01 9.000000000000000000e+01
-3.606024748883606890e+01 2.093420833270018022e+01 9.000000000000000000e+01
-3.570942247639235489e+01 2.096352733548780378e+01 9.000000000000000000e+01
-3.535701196767499965e+01 2.099258880244764924e+01 9.000000000000000000e+01
-3.500305014605625331e+01 2.102139716061789798e+01 9.000000000000000000e+01
-3.464757051568754065e+01 2.104995679900209282e+01 9.000000000000000000e+01
-3.429060591470322805e+01 2.107827206726480540e+01 9.000000000000000000e+01
-3.393218852840828959e+01 2.110634727457293280e+01 9.000000000000000000e+01
-3.357234990243019013e+01 2.113418668857436700e+01 9.000000000000000000e+01
-3.321112095581697332e+01 2.116179453450596526e+01 9.000000000000000000e+01
-3.284853199406521185e+01 2.118917499442310515e+01 9.000000000000000000e+01
-3.248461272206272099e+01 2.121633220654364749e+01 9.000000000000000000e+01
-3.211939225693280520e+01 2.124327026469908830e+01 9.000000000000000000e+01
-3.175289914076800102e+01 2.126999321788632002e+01 9.000000000000000000e+01
-3.138516135324179146e+01 2.129650506991365333e+01 9.000000000000000000e+01
-3.101620632408968348e+01 2.132280977913488229e+01 9.000000000000000000e+01
-3.064606094544984671e+01 2.134891125826576186e+01 9.000000000000000000e+01
-3.027475158405671252e+01 2.137481337427731276e+01 9.000000000000000000e+01
-2.990230409328002992e+01 2.140051994836074556e+01 9.000000000000000000e+01
-2.952874382500410988e+01 2.142603475595915796e+01 9.000000000000000000e+01
-2.915409564134254339e+01 2.145136152686112041e+01 9.000000000000000000e+01
-2.877838392618305363e+01 2.147650394535193641e+01 9.000000000000000000e+01
-2.840163259656065975e+01 2.150146565041823266e+01 9.000000000000000000e+01
-2.802386511385478229e+01 2.152625023600194254e+01 9.000000000000000000e+01
-2.764510449480873078e+01 2.155086125130003083e+01 9.000000000000000000e+01
-2.726537332237026590e+01 2.157530220110624342e+01 9.000000000000000000e+01
-2.688469375635107994e+01 2.159957654619179479e+01 9.000000000000000000e+01
-2.650308754390525579e+01 2.162368770372163596e+01 9.000000000000000000e+01
-2.612057602982639182e+01 2.164763904770348901e+01 9.000000000000000000e+01
-2.573718016666280661e+01 2.167143390946686310e+01 9.000000000000000000e+01
-2.535292052465233326e+01 2.169507557816940135e+01 9.000000000000000000e+01
-2.496781730147672818e+01 2.171856730132812530e+01 9.000000000000000000e+01
-2.458189033183677452e+01 2.174191228537337750e+01 9.000000000000000000e+01
-2.419515909685043908e+01 2.176511369622316749e+01 9.000000000000000000e+01
-2.380764273327413250e+01 2.178817465987606994e+01 9.000000000000000000e+01
-2.341936004255050108e+01 2.181109826302067844e+01 9.000000000000000000e+01
-2.303032949968373799e+01 2.183388755365993106e+01 9.000000000000000000e+01
-2.264056926194477271e+01 2.185654554174868736e+01 9.000000000000000000e+01
-2.225009717740954684e+01 2.187907519984296556e+01 9.000000000000000000e+01
-2.185893079333142452e+01 2.190147946375949672e+01 9.000000000000000000e+01
-2.146708736435213183e+01 2.192376123324423531e+01 9.000000000000000000e+01
-2.107458386055251864e+01 2.194592337264865378e+01 9.000000000000000000e+01
-2.068143697534659609e+01 2.196796871161261322e+01 9.000000000000000000e+01
-2.028766313322225301e+01 2.198990004575283663e+01 9.000000000000000000e+01
-1.989327849733071574e+01 2.201172013735599720e+01 9.000000000000000000e+01
-1.949829897692842096e+01 2.203343171607549067e+01 9.000000000000000000e+01
-1.910274023467476567e+01 2.205503747963113526e+01 9.000000000000000000e+01
-1.870661769378776995e+01 2.207654009451096044e+01 9.000000000000000000e+01
-1.830994654506223185e+01 2.209794219667449866e+01 9.000000000000000000e+01
-1.791274175375260569e+01 2.211924639225683720e+01 9.000000000000000000e+01
-1.751501806632414215e+01 2.214045525827294725e+01 9.000000000000000000e+01
-1.711679001707611647e+01 2.216157134332166478e+01 9.000000000000000000e+01
-1.671807193463918040e+01 2.218259716828897865e+01 9.000000000000000000e+01
-1.631887794835168393e+01 2.220353522705005034e+01 9.000000000000000000e+01
-1.591922199451688158e+01 2.222438798716969188e+01 9.000000000000000000e+01
-1.551911782254500594e+01 2.224515789060088977e+01 9.000000000000000000e+01
-1.511857900098358165e+01 2.226584735438111906e+01 9.000000000000000000e+01
-1.471761892343851841e+01 2.228645877132610664e+01 9.000000000000000000e+01
-1.431625081439026914e+01 2.230699451072088380e+01 9.000000000000000000e+01
-1.391448773490719759e+01 2.232745691900787222e+01 9.000000000000000000e+01
-1.351234258826005608e+01 2.234784832047180458e+01 9.000000000000000000e+01
-1.310982812544073717e+01 2.236817101792142282e+01 9.000000000000000000e+01
-1.270695695058807217e+01 2.238842729336770532e+01 9.000000000000000000e+01
-1.230374152632397866e+01 2.240861940869863034e+01 9.000000000000000000e+01
-1.190019417900348309e+01 2.242874960635030845e+01 9.000000000000000000e+01
-1.149632710388075374e+01 2.244882010997452682e+01 9.000000000000000000e+01
-1.109215237019553157e+01 2.246883312510253816e+01 9.000000000000000000e+01
-1.068768192618155055e+01 2.248879083980518701e+01 9.000000000000000000e+01
-1.028292760400091765e+01 2.250869542534933032e+01 9.000000000000000000e+01
-9.877901124607344485e+00 2.252854903685051724e+01 9.000000000000000000e+01
-9.472614102540484637e+00 2.254835381392202365e+01 9.000000000000000000e+01
-9.067078050655114296e+00 2.256811188132023105e+01 9.000000000000000000e+01
-8.661304384787474220e+00 2.258782534958640298e+01 9.000000000000000000e+01
-8.255304428361508684e+00 2.260749631568497620e+01 9.000000000000000000e+01
-7.849089416938423547e+00 2.262712686363829562e+01 9.000000000000000000e+01
-7.442670502711351332e+00 2.264671906515806299e+01 9.000000000000000000e+01
-7.036058758948203540e+00 2.266627498027337850e+01 9.000000000000000000e+01
-6.629265184385591425e+00 2.268579665795563471e+01 9.000000000000000000e+01
-6.222300707575221246e+00 2.270528613674029472e+01 9.000000000000000000e+01
-5.815176191186344212e+00 2.272474544534559726e+01 9.000000000000000000e+01
-5.407902436265341173e+00 2.274417660328840896e+01 9.000000000000000000e+01
-5.000490186454920938e+00 2.276358162149730902e+01 9.000000000000000000e+01
-4.592950132175102951e+00 2.278296250292295255e+01 9.000000000000000000e+01
-4.185292914766596262e+00 2.280232124314601094e+01 9.000000000000000000e+01
-3.777529130599161622e+00 2.282165983098268924e+01 9.000000000000000000e+01
-3.369669335145082378e+00 2.284098024908808355e+01 9.000000000000000000e+01
-2.961724047019067108e+00 2.286028447455758084e+01 9.000000000000000000e+01
-2.553703751985764825e+00 2.287957447952653212e+01 9.000000000000000000e+01
-2.145618906934526393e+00 2.289885223176848328e+01 9.000000000000000000e+01
-1.737479943823463380e+00 2.291811969529226189e+01 9.000000000000000000e+01
-1.329297273592853212e+00 2.293737883093845653e+01 9.000000000000000000e+01
-9.210812900501331724e-01 2.295663159697556210e+01 9.000000000000000000e+01
-5.128423737297816976e-01 2.297587994969655867e+01 9.000000000000000000e+01
-1.045908957319100219e-01 2.299512584401626469e+01 9.000000000000000000e+01
3.036627784532942576e-01 2.301437123407031393e+01 9.000000000000000000e+01
7.119082851254261435e-01 2.303361807381615023e+01 9.000000000000000000e+01
1.120135258546709034e+00 2.305286831763668332e+01 9.000000000000000000e+01
1.528333327091446536e+00 2.307212392094682230e+01 9.000000000000000000e+01
1.936492109355906654e+00 2.309138684080297566e+01 9.000000000000000000e+01
2.344601210210413011e+00 2.311065903651519449e+01 9.000000000000000000e+01
2.752650216776970193e+00 2.312994247026121997e+01 9.000000000000000000e+01
3.160628694321465204e+00 2.314923910770129112e+01 9.000000000000000000e+01
3.568526182054263973e+00 2.316855091859226690e+01 9.000000000000000000e+01
3.976332188844514004e+00 2.318787987739952072e+01 9.000000000000000000e+01
4.384036188862106442e+00 2.320722796390517928e+01 9.000000000000000000e+01
4.791627617170315823e+00 2.322659716381164685e+01 9.000000000000000000e+01
5.199095865299582897e+00 2.324598946934017718e+01 9.000000000000000000e+01
5.606430276831962267e+00 2.326540687982488720e+01 9.000000000000000000e+01
6.013620143024133391e+00 2.328485140230355199e+01 9.000000000000000000e+01
6.420654698486869094e+00 2.330432505210711369e+01 9.000000000000000000e+01
6.827523116927270763e+00 2.332382985345005721e+01 9.000000000000000000e+01
7.234214506949118828e+00 2.334336784002399767e+01 9.000000000000000000e+01
7.640717907894988947e+00 2.336294105559643697e+01 9.000000000000000000e+01
8.047022285706599831e+00 2.338255155461597212e+01 9.000000000000000000e+01
8.453116528778044980e+00 2.340220140282490746e+01 9.000000000000000000e+01
8.858989443774786920e+00 2.342189267787937368e+01 9.000000000000000000e+01
9.264629751397070123e+00 2.344162746997676905e+01 9.000000000000000000e+01
9.670026082069666629e+00 2.346140788248986553e+01 9.000000000000000000e+01
1.007516697154562202e+01 2.348123603260688697e+01 9.000000000000000000e+01
1.048004085641768590e+01 2.350111405197679204e+01 9.000000000000000000e+01
1.088463606953312812e+01 2.352104408735901941e+01 9.000000000000000000e+01
1.128894083531273118e+01 2.354102830127718349e+01 9.000000000000000000e+01
1.169294326497461256e+01 2.356106887267627670e+01 9.000000000000000000e+01
1.209663135166478654e+01 2.358116799758303728e+01 9.000000000000000000e+01
1.249999296549750660e+01 2.360132788976932972e+01 9.000000000000000000e+01
1.290301584850585215e+01 2.362155078141852371e+01 9.000000000000000000e+01
1.330568760950468210e+01 2.364183892379469043e+01 9.000000000000000000e+01
1.370799571886586854e+01 2.366219458791477237e+01 9.000000000000000000e+01
1.410992750320496114e+01 2.368262006522365937e+01 9.000000000000000000e+01
1.451147013997879043e+01 2.370311766827217070e+01 9.000000000000000000e+01
1.491261065199230096e+01 2.372368973139802151e+01 9.000000000000000000e+01
1.531333590181148985e+01 2.374433861140965263e+01 9.000000000000000000e+01
1.571363258608146296e+01 2.376506668827294178e+01 9.000000000000000000e+01
1.611348722974507197e+01 2.378587636580062536e+01 9.000000000000000000e+01
1.651288618016051402e+01 2.380677007234439202e+01 9.000000000000000000e+01
1.691181560111385451e+01 2.382775026148935638e+01 9.000000000000000000e+01
1.731026146672306254e+01 2.384881941275082085e+01 9.000000000000000000e+01
1.770820955523115003e+01 2.386998003227298426e+01 9.000000000000000000e+01
1.810564544268347120e+01 2.389123465352933451e+01 9.000000000000000000e+01
1.850255449648730277e+01 2.391258583802435567e+01 9.000000000000000000e+01
1.889892186884930325e+01 2.393403617599622990e+01 9.000000000000000000e+01
1.929473249008722746e+01 2.395558828711992660e+01 9.000000000000000000e+01
1.968997106181361545e+01 2.397724482121044076e+01 9.000000000000000000e+01
2.008462204998657086e+01 2.400000000000000000e+01 9.000000000000000000e+01
