1.139684060942176336e+00 0.000000000000000000e+00 6.000000000000000000e+01
1.457015411192179366e+00 2.727022269149258216e-02 6.000000000000000000e+01
1.773019470952904575e+00 4.701681797324331474e-02 6.000000000000000000e+01
2.087681160273735070e+00 6.686193446661405082e-02 6.000000000000000000e+01
2.400985252480852150e+00 8.680639980972353065e-02 6.000000000000000000e+01
2.712916373806327552e+00 1.068510362062242841e-01 6.000000000000000000e+01
3.023459003071676587e+00 1.269966601067937795e-01 6.000000000000000000e+01
3.332597471429067593e+00 1.472440818793326611e-01 6.000000000000000000e+01
3.640315962162290031e+00 1.675941054677179132e-01 6.000000000000000000e+01
3.946598510549588212e+00 1.880475280389995452e-01 6.000000000000000000e+01
4.251429003791829864e+00 2.086051396189819995e-01 6.000000000000000000e+01
4.554791181007451506e+00 2.292677227160319908e-01 6.000000000000000000e+01
4.856668633297832827e+00 2.500360519330813713e-01 6.000000000000000000e+01
5.157044803885265871e+00 2.709108935677225771e-01 6.000000000000000000e+01
5.455902988326140068e+00 2.918930052002979281e-01 6.000000000000000000e+01
5.753226334802814534e+00 3.129831352699893876e-01 6.000000000000000000e+01
6.048997844496089016e+00 3.341820226387767767e-01 6.000000000000000000e+01
6.343200372041998492e+00 3.554903961432894777e-01 6.000000000000000000e+01
6.635816626075559554e+00 3.769089741344922029e-01 6.000000000000000000e+01
6.926829169864029190e+00 3.984384640051766846e-01 6.000000000000000000e+01
7.216220422033502224e+00 4.200795617053008080e-01 6.000000000000000000e+01
7.503972657391389411e+00 4.418329512451455443e-01 6.000000000000000000e+01
7.790068007847700038e+00 4.636993041863265441e-01 6.000000000000000000e+01
8.074488463438958874e+00 4.856792791207297233e-01 6.000000000000000000e+01
8.357215873457054300e+00 5.077735211373874957e-01 6.000000000000000000e+01
8.638231947686856316e+00 5.299826612774098944e-01 6.000000000000000000e+01
8.917518257755615352e+00 5.523073159770710561e-01 6.000000000000000000e+01
9.195056238596965414e+00 5.747480864991162397e-01 6.000000000000000000e+01
9.470827190033553222e+00 5.973055583525084256e-01 6.000000000000000000e+01
9.744812278480649681e+00 6.199803007006974287e-01 6.000000000000000000e+01
1.001699253877470319e+01 6.427728657586522232e-01 6.000000000000000000e+01
1.028734887612968940e+01 6.656837881788357780e-01 6.000000000000000000e+01
1.055586206822442641e+01 6.887135844263517770e-01 6.000000000000000000e+01
1.082251276742457868e+01 7.118627521435461070e-01 6.000000000000000000e+01
1.108728150314166072e+01 7.351317695043092515e-01 6.000000000000000000e+01
1.135014868433322555e+01 7.585210945584404119e-01 6.000000000000000000e+01
1.161109460214669120e+01 7.820311645663818867e-01 6.000000000000000000e+01
1.187009943270995649e+01 8.056623953246904168e-01 6.000000000000000000e+01
1.212714324007214550e+01 8.294151804826765950e-01 6.000000000000000000e+01
1.238220597929739952e+01 8.532898908506383329e-01 6.000000000000000000e+01
1.263526749971422980e+01 8.772868737001181527e-01 6.000000000000000000e+01
1.288630754832398573e+01 9.014064520567562910e-01 6.000000000000000000e+01
1.313530577337053096e+01 9.256489239861910301e-01 6.000000000000000000e+01
1.338224172807424672e+01 9.500145618736453024e-01 6.000000000000000000e+01
1.362709487453291679e+01 9.745036116977756624e-01 6.000000000000000000e+01
1.386984458779153506e+01 9.991162922993960249e-01 6.000000000000000000e+01
1.411047016008404320e+01 1.023852794645830899e+00 6.000000000000000000e+01
1.434895080524862010e+01 1.048713281091522065e+00 6.000000000000000000e+01
1.458526566331897634e+01 1.073697884635712141e+00 6.000000000000000000e+01
1.481939380529358807e+01 1.098806708177979763e+00 6.000000000000000000e+01
1.505131423808407831e+01 1.124039823772417623e+00 6.000000000000000000e+01
1.528100590964532302e+01 1.149397271881392513e+00 6.000000000000000000e+01
1.550844771428762847e+01 1.174879060629722138e+00 6.000000000000000000e+01
1.573361849817297475e+01 1.200485165060283910e+00 6.000000000000000000e+01
1.595649706499594167e+01 1.226215526391982724e+00 6.000000000000000000e+01
1.617706218185009348e+01 1.252070051281140906e+00 6.000000000000000000e+01
1.639529258528050093e+01 1.278048611087349684e+00 6.000000000000000000e+01
1.661116698752277898e+01 1.304151041144911316e+00 6.000000000000000000e+01
1.682466408292815530e+01 1.330377140040950312e+00 6.000000000000000000e+01
1.703576255457517874e+01 1.356726668901450328e+00 6.000000000000000000e+01
1.724444108106673568e+01 1.383199350686330265e+00 6.000000000000000000e+01
1.745067834351207381e+01 1.409794869494880087e+00 6.000000000000000000e+01
1.765445303269272515e+01 1.436512869882794474e+00 6.000000000000000000e+01
1.785574385641046291e+01 1.463352956192088383e+00 6.000000000000000000e+01
1.805452954701608448e+01 1.490314691895287202e+00 6.000000000000000000e+01
1.825078886911660447e+01 1.517397598955187332e+00 6.000000000000000000e+01
1.844450062745849550e+01 1.544601157201631159e+00 6.000000000000000000e+01
1.863564367498437235e+01 1.571924803726673758e+00 6.000000000000000000e+01
1.882419692105954212e+01 1.599367932299575523e+00 6.000000000000000000e+01
1.901013933986536486e+01 1.626929892803100630e+00 6.000000000000000000e+01
1.919344997895518290e+01 1.654609990692537780e+00 6.000000000000000000e+01
1.937410796796872248e+01 1.682407486478975756e+00 6.000000000000000000e+01
1.955209252750011117e+01 1.710321595238296410e+00 6.000000000000000000e+01
1.972738297811445207e+01 1.738351486147362124e+00 6.000000000000000000e+01
1.989995874950750476e+01 1.766496282048938715e+00 6.000000000000000000e+01
2.006979938980256861e+01 1.794755059046830414e+00 6.000000000000000000e+01
2.023688457497802773e+01 1.823126846132697043e+00 6.000000000000000000e+01
2.040119411841914498e+01 1.851610624846090847e+00 6.000000000000000000e+01
2.056270798058649163e+01 1.880205328969123402e+00 6.000000000000000000e+01
2.072140627879385022e+01 1.908909844257271837e+00 6.000000000000000000e+01
2.087726929708746226e+01 1.937723008207734354e+00 6.000000000000000000e+01
2.103027749621794129e+01 1.966643609866711495e+00 6.000000000000000000e+01
2.118041152369632130e+01 1.995670389677069112e+00 6.000000000000000000e+01
2.132765222392500348e+01 2.024802039367621376e+00 6.000000000000000000e+01
2.147198064839380294e+01 2.054037201885431152e+00 6.000000000000000000e+01
2.161337806593122224e+01 2.083374471372328340e+00 6.000000000000000000e+01
2.175182597300042531e+01 2.112812393186839000e+00 6.000000000000000000e+01
2.188730610402944166e+01 2.142349463972745838e+00 6.000000000000000000e+01
2.201980044176401563e+01 2.171984131775278382e+00 6.000000000000000000e+01
2.214929122763224356e+01 2.201714796206033053e+00 6.000000000000000000e+01
2.227576097210865314e+01 2.231539808657545088e+00 6.000000000000000000e+01
2.239919246506607209e+01 2.261457472568386695e+00 6.000000000000000000e+01
2.251956878610273804e+01 2.291466043739601943e+00 6.000000000000000000e+01
2.263687331483201604e+01 2.321563730703225747e+00 6.000000000000000000e+01
2.275108974112189486e+01 2.351748695143424328e+00 6.000000000000000000e+01
2.286220207527129844e+01 2.382019052370921486e+00 6.000000000000000000e+01
2.297019465810952710e+01 2.412372871851010458e+00 6.000000000000000000e+01
2.307505217100599992e+01 2.442808177785610546e+00 6.000000000000000000e+01
2.317675964577611225e+01 2.473322949749521271e+00 6.000000000000000000e+01
2.327530247446977185e+01 2.503915123380997088e+00 6.000000000000000000e+01
2.337066641902898567e+01 2.534582591126727014e+00 6.000000000000000000e+01
2.346283762080031110e+01 2.565323203041011801e+00 6.000000000000000000e+01
2.355180260988853291e+01 2.596134767639001861e+00 6.000000000000000000e+01
2.363754831433786308e+01 2.627015052803640671e+00 6.000000000000000000e+01
2.372006206912643833e+01 2.657961786745776767e+00 6.000000000000000000e+01
2.379933162496094212e+01 2.688972659017007327e+00 6.000000000000000000e+01
2.387534515685733183e+01 2.720045321574382502e+00 6.000000000000000000e+01
2.394809127249459380e+01 2.751177389896283909e+00 6.000000000000000000e+01
2.401755902032790502e+01 2.782366444148427487e+00 6.000000000000000000e+01
2.408373789744857874e+01 2.813610030398946638e+00 6.000000000000000000e+01
2.414661785717780518e+01 2.844905661881365511e+00 6.000000000000000000e+01
2.420618931638175653e+01 2.876250820304134592e+00 6.000000000000000000e+01
2.426244316249602662e+01 2.907642957205252898e+00 6.000000000000000000e+01
2.431537076024754995e+01 2.939079495350485516e+00 6.000000000000000000e+01
2.436496395806276993e+01 2.970557830173417013e+00 6.000000000000000000e+01
2.441121509415087587e+01 3.002075331255634971e+00 6.000000000000000000e+01
2.445411700225222873e+01 3.033629343845107407e+00 6.000000000000000000e+01
2.449366301704123572e+01 3.065217190410733039e+00 6.000000000000000000e+01
2.452984697917501933e+01 3.096836172231037576e+00 6.000000000000000000e+01
2.456266323997844836e+01 3.128483571014739173e+00 6.000000000000000000e+01
2.459210666575770077e+01 3.160156650550967061e+00 6.000000000000000000e+01
2.461817264173440023e+01 3.191852658386750807e+00 6.000000000000000000e+01
2.464085707559351235e+01 3.223568827529290637e+00 6.000000000000000000e+01
2.466015640063843151e+01 3.255302378170590316e+00 6.000000000000000000e+01
2.467606757854787247e+01 3.287050519431774731e+00 6.000000000000000000e+01
2.468858810172933005e+01 3.318810451124522665e+00 6.000000000000000000e+01
2.469771599526499273e+01 3.350579365526938247e+00 6.000000000000000000e+01
2.470344981844652210e+01 3.382354449171059319e+00 6.000000000000000000e+01
2.470578866589596601e+01 3.414132884639339505e+00 6.000000000000000000e+01
2.470578866589596601e+01 3.414132884639339505e+00 6.000000000000000000e+01
2.470473216827068796e+01 3.445911852367271155e+00 6.000000000000000000e+01
2.470028049255096292e+01 3.477688532449334957e+00 6.000000000000000000e+01
2.469243434191010778e+01 3.509460106445493111e+00 6.000000000000000000e+01
2.468119495516672046e+01 3.541223759185393671e+00 6.000000000000000000e+01
2.466656410582070080e+01 3.572976680567492291e+00 6.000000000000000000e+01
2.464854410067431800e+01 3.604716067350287378e+00 6.000000000000000000e+01
2.462713777804109228e+01 3.636439124932902001e+00 6.000000000000000000e+01
2.460234850554568098e+01 3.668143069122278277e+00 6.000000000000000000e+01
2.457418017751872341e+01 3.699825127884271314e+00 6.000000000000000000e+01
2.454263721199136228e+01 3.731482543076024783e+00 6.000000000000000000e+01
2.450772454729488459e+01 3.763112572156972480e+00 6.000000000000000000e+01
2.446944763827157132e+01 3.794712489875982975e+00 6.000000000000000000e+01
2.442781245210347763e+01 3.826279589932143121e+00 6.000000000000000000e+01
2.438282546376665039e+01 3.857811186606797893e+00 6.000000000000000000e+01
2.433449365111864182e+01 3.889304616364534617e+00 6.000000000000000000e+01
2.428282448962830031e+01 3.920757239420881390e+00 6.000000000000000000e+01
2.422782594675650358e+01 3.952166441274579611e+00 6.000000000000000000e+01
2.416950647599824720e+01 3.983529634202394920e+00 6.000000000000000000e+01
2.410787501059567006e+01 4.014844258714561853e+00 6.000000000000000000e+01
2.404294095693332523e+01 4.046107784968979715e+00 6.000000000000000000e+01
2.397471418762653528e+01 4.077317714142484562e+00 6.000000000000000000e+01
2.390320503431453503e+01 4.108471579757583925e+00 6.000000000000000000e+01
2.382842428017047709e+01 4.139566948963162574e+00 6.000000000000000000e+01
2.375038315214046492e+01 4.170601423767791971e+00 6.000000000000000000e+01
2.366909331292440655e+01 4.201572642224403076e+00 6.000000000000000000e+01
2.358456685271152153e+01 4.232478279565191848e+00 6.000000000000000000e+01
2.349681628068369932e+01 4.263316049285748477e+00 6.000000000000000000e+01
2.340585451629996783e+01 4.294083704177576344e+00 6.000000000000000000e+01
2.331169488037591009e+01 4.324779037308165819e+00 6.000000000000000000e+01
2.321435108597119168e+01 4.355399882948099766e+00 6.000000000000000000e+01
2.311383722909942406e+01 4.385944117444577017e+00 6.000000000000000000e+01
2.301016777927392809e+01 4.416409660041042073e+00 6.000000000000000000e+01
2.290335756990338822e+01 4.446794473642651901e+00 6.000000000000000000e+01
2.279342178855099377e+01 4.477096565527374672e+00 6.000000000000000000e+01
2.268037596707129211e+01 4.507313988002762173e+00 6.000000000000000000e+01
2.256423597163803407e+01 4.537444839008422548e+00 6.000000000000000000e+01
2.244501799267694864e+01 4.567487262664410075e+00 6.000000000000000000e+01
2.232273853471692249e+01 4.597439449765826858e+00 6.000000000000000000e+01
2.219741440617273298e+01 4.627299638224030787e+00 6.000000000000000000e+01
2.206906270907277801e+01 4.657066113454943590e+00 6.000000000000000000e+01
2.193770082874456762e+01 4.686737208715061165e+00 6.000000000000000000e+01
2.180334642347071039e+01 4.716311305385849195e+00 6.000000000000000000e+01
2.166601741412799598e+01 4.745786833207289668e+00 6.000000000000000000e+01
2.152573197382154646e+01 4.775162270461422054e+00 6.000000000000000000e+01
2.138250851752615844e+01 4.804436144106833950e+00 6.000000000000000000e+01
2.123636569174623645e+01 4.833607029865046201e+00 6.000000000000000000e+01
2.108732236420555139e+01 4.862673552259942689e+00 6.000000000000000000e+01
2.093539761357785167e+01 4.891634384611276865e+00 6.000000000000000000e+01
2.078061071926882519e+01 4.920488248983515334e+00 6.000000000000000000e+01
2.062298115125932441e+01 4.949233916091215768e+00 6.000000000000000000e+01
2.046252856002003639e+01 4.977870205162242989e+00 6.000000000000000000e+01
2.029927276650663970e+01 5.006395983760130619e+00 6.000000000000000000e+01
2.013323375224461387e+01 5.034810167566975636e+00 6.000000000000000000e+01
1.996443164951210392e+01 5.063111720128241622e+00 6.000000000000000000e+01
1.979288673162928447e+01 5.091299652560895339e+00 6.000000000000000000e+01
1.961861940336159549e+01 5.119373023226357233e+00 6.000000000000000000e+01
1.944165019144451989e+01 5.147330937369671844e+00 6.000000000000000000e+01
1.926199973523658571e+01 5.175172546726439116e+00 6.000000000000000000e+01
1.907968877750720438e+01 5.202897049098947235e+00 6.000000000000000000e+01
1.889473815536540613e+01 5.230503687903046206e+00 6.000000000000000000e+01
1.870716879133505017e+01 5.257991751687230320e+00 6.000000000000000000e+01
1.851700168458193119e+01 5.285360573625437652e+00 6.000000000000000000e+01
1.832425790229747165e+01 5.312609530985053397e+00 6.000000000000000000e+01
1.812895857124356880e+01 5.339738044571617159e+00 6.000000000000000000e+01
1.793112486946255402e+01 5.366745578151681073e+00 6.000000000000000000e+01
1.773077801815602328e+01 5.393631637855296646e+00 6.000000000000000000e+01
1.752793927373580729e+01 5.420395771559559428e+00 6.000000000000000000e+01
1.732262992005001578e+01 5.447037568254629036e+00 6.000000000000000000e+01
1.711487126078663579e+01 5.473556657393634062e+00 6.000000000000000000e+01
1.690468461205707840e+01 5.499952708227820786e+00 6.000000000000000000e+01
1.669209129516132606e+01 5.526225429128294842e+00 6.000000000000000000e+01
1.647711262953647804e+01 5.552374566895669439e+00 6.000000000000000000e+01
1.625976992588960712e+01 5.578399906058927549e+00 6.000000000000000000e+01
1.604008447951621008e+01 5.604301268164701533e+00 6.000000000000000000e+01
1.581807756380446683e+01 5.630078511058259849e+00 6.000000000000000000e+01
1.559377042392609525e+01 5.655731528157311061e+00 6.000000000000000000e+01
1.536718427071343562e+01 5.681260247719841949e+00 6.000000000000000000e+01
1.513834027472279331e+01 5.706664632107066204e+00 6.000000000000000000e+01
1.490725956048359890e+01 5.731944677042560166e+00 6.000000000000000000e+01
1.467396320093259376e+01 5.757100410868640772e+00 6.000000000000000000e+01
1.443847221203232323e+01 5.782131893800965372e+00 6.000000000000000000e+01
1.420080754757238672e+01 5.807039217182350832e+00 6.000000000000000000e+01
1.396099009415265790e+01 5.831822502736678793e+00 6.000000000000000000e+01
1.371904066634661845e+01 5.856481901823828551e+00 6.000000000000000000e+01
1.347498000204320689e+01 5.881017594696433370e+00 6.000000000000000000e+01
1.322882875796514135e+01 5.905429789759322645e+00 6.000000000000000000e+01
1.298060750536211749e+01 5.929718722832343580e+00 6.000000000000000000e+01
1.273033672587622611e+01 5.953884656417373300e+00 6.000000000000000000e+01
1.247803680757762734e+01 5.977927878970151987e+00 6.000000000000000000e+01
1.222372804116788636e+01 6.001848704177616511e+00 6.000000000000000000e+01
1.196743061634853689e+01 6.025647470241365156e+00 6.000000000000000000e+01
1.170916461835207301e+01 6.049324539167810322e+00 6.000000000000000000e+01
1.144895002463288947e+01 6.072880296065583217e+00 6.000000000000000000e+01
1.118680670171501390e+01 6.096315148450700327e+00 6.000000000000000000e+01
1.092275440219411031e+01 6.119629525559970418e+00 6.000000000000000000e+01
1.065681276189036630e+01 6.142823877673086130e+00 6.000000000000000000e+01
1.038900129714965459e+01 6.165898675443823862e+00 6.000000000000000000e+01
1.011933940228955464e+01 6.188854409240712506e+00 6.000000000000000000e+01
9.847846347187344307e+00 6.211691588497560979e+00 6.000000000000000000e+01
9.574541275006676955e+00 6.234410741074126960e+00 6.000000000000000000e+01
9.299443200059778647e+00 6.257012412627259934e+00 6.000000000000000000e+01
9.022571005801996336e+00 6.279497165992751206e+00 6.000000000000000000e+01
8.743943442955439238e+00 6.301865580578167148e+00 6.000000000000000000e+01
8.463579127758551479e+00 6.324118251766860155e+00 6.000000000000000000e+01
8.181496540338160983e+00 6.346255790333352742e+00 6.000000000000000000e+01
7.897714023201068301e+00 6.368278821870267947e+00 6.000000000000000000e+01
7.612249779841721242e+00 6.390187986226959715e+00 6.000000000000000000e+01
7.325121873462854261e+00 6.411983936959950725e+00 6.000000000000000000e+01
7.036348225805868495e+00 6.433667340795291345e+00 6.000000000000000000e+01
6.745946616087687531e+00 6.455238877102935646e+00 6.000000000000000000e+01
6.453934680041068184e+00 6.476699237383197527e+00 6.000000000000000000e+01
6.160329909055122677e+00 6.498049124765306495e+00 6.000000000000000000e+01
5.865149649413057276e+00 6.519289253518148364e+00 6.000000000000000000e+01
5.568411101623824244e+00 6.540420348573179332e+00 6.000000000000000000e+01
5.270131319844971962e+00 6.561443145059499216e+00 6.000000000000000000e+01
4.970327211393417599e+00 6.582358387851119375e+00 6.000000000000000000e+01
4.669015536341464490e+00 6.603166831126356051e+00 6.000000000000000000e+01
4.366212907194757520e+00 6.623869237939344679e+00 6.000000000000000000e+01
4.061935788649789991e+00 6.644466379803608547e+00 6.000000000000000000e+01
3.756200497427762297e+00 6.664959036287635641e+00 6.000000000000000000e+01
3.449023202182220693e+00 6.685347994622388157e+00 6.000000000000000000e+01
3.140419923477794306e+00 6.705634049320669199e+00 6.000000000000000000e+01
2.830406533837068306e+00 6.725818001808277380e+00 6.000000000000000000e+01
2.518998757853438075e+00 6.745900660066823207e+00 6.000000000000000000e+01
2.206212172366989854e+00 6.765882838288145962e+00 6.000000000000000000e+01
1.892062206701191851e+00 6.785765356540189863e+00 6.000000000000000000e+01
1.576564142957661341e+00 6.805549040444263120e+00 6.000000000000000000e+01
1.259733116366918315e+00 6.825234720863534221e+00 6.000000000000000000e+01
9.415841156926022526e-01 6.844823233602657098e+00 6.000000000000000000e+01
6.221319836868905995e-01 6.864315419118399930e+00 6.000000000000000000e+01
3.013914175950375141e-01 6.883712122241140818e+00 6.000000000000000000e+01
-2.062303029346157154e-02 6.903014191907129060e+00 6.000000000000000000e+01
-3.438969520486754861e-01 6.922222480901325525e+00 6.000000000000000000e+01
-6.684160834615631153e-01 6.941337845610735080e+00 6.000000000000000000e+01
-9.941663033645694592e-01 6.960361145788070303e+00 6.000000000000000000e+01
-1.321133632913426226e+00 6.979293244325622148e+00 6.000000000000000000e+01
-1.649304234832037919e+00 6.998135007039169686e+00 6.000000000000000000e+01
-1.978664412622483937e+00 7.016887302461841003e+00 6.000000000000000000e+01
-2.309200609741643984e+00 7.035551001647731617e+00 6.000000000000000000e+01
-2.640899408746207655e+00 7.054126977985182734e+00 6.000000000000000000e+01
-2.973747530408002770e+00 7.072616107019554121e+00 6.000000000000000000e+01
-3.307731832800818506e+00 7.091019266285384148e+00 6.000000000000000000e+01
-3.642839310360794780e+00 7.109337335147781545e+00 6.000000000000000000e+01
-3.979057092921343131e+00 7.127571194652908559e+00 6.000000000000000000e+01
-4.316372444724490443e+00 7.145721727387460476e+00 6.000000000000000000e+01
-4.654772763409910752e+00 7.163789817346982502e+00 6.000000000000000000e+01
-4.994245578982900113e+00 7.181776349812891702e+00 6.000000000000000000e+01
-5.334778552762761805e+00 7.199682211238136453e+00 6.000000000000000000e+01
-5.676359476312767605e+00 7.217508289141285616e+00 6.000000000000000000e+01
-6.018976270352998981e+00 7.235255472009026079e+00 6.000000000000000000e+01
-6.362616983657119363e+00 7.252924649206887509e+00 6.000000000000000000e+01
-6.707269791934407088e+00 7.270516710898115242e+00 6.000000000000000000e+01
-7.052922996697768454e+00 7.288032547970585640e+00 6.000000000000000000e+01
-7.399565024119354462e+00 7.305473051971657306e+00 6.000000000000000000e+01
-7.747184423874065473e+00 7.322839115050872039e+00 6.000000000000000000e+01
-8.095769867972556710e+00 7.340131629910398914e+00 6.000000000000000000e+01
-8.445310149584209114e+00 7.357351489763155783e+00 6.000000000000000000e+01
-8.795794181851155358e+00 7.374499588298513153e+00 6.000000000000000000e+01
-9.147210996694283835e+00 7.391576819655512942e+00 6.000000000000000000e+01
-9.499549743611581221e+00 7.408584078403510631e+00 6.000000000000000000e+01
-9.852799688470282646e+00 7.425522259530228375e+00 6.000000000000000000e+01
-1.020695021229283128e+01 7.442392258437089403e+00 6.000000000000000000e+01
-1.056199081003795293e+01 7.459194970941839919e+00 6.000000000000000000e+01
-1.091791108937697352e+01 7.475931293288378576e+00 6.000000000000000000e+01
-1.127470076946644895e+01 7.492602122163768641e+00 6.000000000000000000e+01
-1.163234967971749079e+01 7.509208354722394674e+00 6.000000000000000000e+01
-1.199084775856222862e+01 7.525750888617235290e+00 6.000000000000000000e+01
-1.235018505221826324e+01 7.542230622038226251e+00 6.000000000000000000e+01
-1.271035171345131509e+01 7.558648453757721875e+00 6.000000000000000000e+01
-1.307133800033667725e+01 7.575005283183017468e+00 6.000000000000000000e+01
-1.343313427501987789e+01 7.591302010415964752e+00 6.000000000000000000e+01
-1.379573100247697859e+01 7.607539536319672280e+00 6.000000000000000000e+01
-1.415911874927487091e+01 7.623718762592309517e+00 6.000000000000000000e+01
-1.452328818233195307e+01 7.639840591848050089e+00 6.000000000000000000e+01
-1.488823006767947987e+01 7.655905927705172864e+00 6.000000000000000000e+01
-1.525393526922386123e+01 7.671915674881379488e+00 6.000000000000000000e+01
-1.562039474751037638e+01 7.687870739296374545e+00 6.000000000000000000e+01
-1.598759955848822756e+01 7.703772028181754550e+00 6.000000000000000000e+01
-1.635554085227752807e+01 7.719620450198326544e+00 6.000000000000000000e+01
-1.672420987193800457e+01 7.735416915560836770e+00 6.000000000000000000e+01
-1.709359795224015599e+01 7.751162336170330569e+00 6.000000000000000000e+01
-1.746369651843831150e+01 7.766857625754139960e+00 6.000000000000000000e+01
-1.783449708504648967e+01 7.782503700013669423e+00 6.000000000000000000e+01
-1.820599125461647105e+01 7.798101476780052721e+00 6.000000000000000000e+01
-1.857817071651864893e+01 7.813651876177890365e+00 6.000000000000000000e+01
-1.895102724572557662e+01 7.829155820797143228e+00 6.000000000000000000e+01
-1.932455270159804073e+01 7.844614235873384800e+00 6.000000000000000000e+01
-1.969873902667416488e+01 7.860028049476559531e+00 6.000000000000000000e+01
-2.007357824546096481e+01 7.875398192708471079e+00 6.000000000000000000e+01
-2.044906246322880605e+01 7.890725599909155896e+00 6.000000000000000000e+01
-2.082518386480841954e+01 7.906011208872401497e+00 6.000000000000000000e+01
-2.120193471339065283e+01 7.921255961070595930e+00 6.000000000000000000e+01
-2.157930734932850925e+01 7.936460801889227312e+00 6.000000000000000000e+01
-2.195729418894183382e+01 7.951626680871203945e+00 6.000000000000000000e+01
-2.233588772332414507e+01 7.966754551971353848e+00 6.000000000000000000e+01
-2.271508051715149179e+01 7.981845373821390588e+00 6.000000000000000000e+01
-2.309486520749356231e+01 7.996900110005613627e+00 6.000000000000000000e+01
-2.347523450262614020e+01 8.011919729347777519e+00 6.000000000000000000e+01
-2.385618118084535055e+01 8.026905206209388410e+00 6.000000000000000000e+01
-2.423769808928312486e+01 8.041857520799901238e+00 6.000000000000000000e+01
-2.461977814272363929e+01 8.056777659499161359e+00 6.000000000000000000e+01
-2.500241432242046002e+01 8.071666615192555128e+00 6.000000000000000000e+01
-2.538559967491415037e+01 8.086525387619333927e+00 6.000000000000000000e+01
-2.576932731084987793e+01 8.101354983734548654e+00 6.000000000000000000e+01
-2.615359040379478728e+01 8.116156418085177293e+00 6.000000000000000000e+01
-2.653838218905454127e+01 8.130930713200923421e+00 6.000000000000000000e+01
-2.692369596248882146e+01 8.145678900000312694e+00 6.000000000000000000e+01
-2.730952507932538964e+01 8.160402018212650432e+00 6.000000000000000000e+01
-2.769586295297168732e+01 8.175101116816518854e+00 6.000000000000000000e+01
-2.808270305382432497e+01 8.189777254495467673e+00 6.000000000000000000e+01
-2.847003890807512860e+01 8.204431500111651232e+00 6.000000000000000000e+01
-2.885786409651379714e+01 8.219064933198112044e+00 6.000000000000000000e+01
-2.924617225332585946e+01 8.233678644470606045e+00 6.000000000000000000e+01
-2.963495706488602366e+01 8.248273736359697850e+00 6.000000000000000000e+01
-3.002421226854581349e+01 8.262851323564156303e+00 6.000000000000000000e+01
-3.041393165141469268e+01 8.277412533626513635e+00 6.000000000000000000e+01
-3.080410904913425796e+01 8.291958507531793643e+00 6.000000000000000000e+01
-3.119473834464433182e+01 8.306490400330545754e+00 6.000000000000000000e+01
-3.158581346694044356e+01 8.321009381787213499e+00 6.000000000000000000e+01
-3.197732838982119574e+01 8.335516637055096822e+00 6.000000000000000000e+01
-3.236927713062568301e+01 8.350013367379158780e+00 6.000000000000000000e+01
-3.276165374895832372e+01 8.364500790827957388e+00 6.000000000000000000e+01
-3.315445234540170816e+01 8.378980143056187657e+00 6.000000000000000000e+01
-3.354766706021514011e+01 8.393452678099281528e+00 6.000000000000000000e+01
-3.394129207201815035e+01 8.407919669201652013e+00 6.000000000000000000e+01
-3.433532159645768189e+01 8.422382409680269078e+00 6.000000000000000000e+01
-3.472974988485770353e+01 8.436842213825373804e+00 6.000000000000000000e+01
-3.512457122284952504e+01 8.451300417840121426e+00 6.000000000000000000e+01
-3.551977992898138581e+01 8.465758380821265305e+00 6.000000000000000000e+01
-3.591537035330620142e+01 8.480217485782928222e+00 6.000000000000000000e+01
-3.631133687594522286e+01 8.494679140725720501e+00 6.000000000000000000e+01
-3.670767390562578925e+01 8.509144779753622601e+00 6.000000000000000000e+01
-3.710437587819178873e+01 8.523615864241117279e+00 6.000000000000000000e+01
-3.750143725508461046e+01 8.538093884053306937e+00 6.000000000000000000e+01
-3.789885252179209374e+01 8.552580358821868955e+00 6.000000000000000000e+01
-3.829661618626369801e+01 8.567076839279831546e+00 6.000000000000000000e+01
-3.869472277728925746e+01 8.581584908658522082e+00 6.000000000000000000e+01
-3.909316684283891163e+01 8.596106184149993723e+00 6.000000000000000000e+01
-3.949194294836125607e+01 8.610642318438701537e+00 6.000000000000000000e+01
-3.989104567503721910e+01 8.625195001306236620e+00 6.000000000000000000e+01
-4.029046961798606930e+01 8.639765961313379705e+00 6.000000000000000000e+01
-4.069020938442095314e+01 8.654356967563753500e+00 6.000000000000000000e+01
-4.109025959174994824e+01 8.668969831553944516e+00 6.000000000000000000e+01
-4.149061486561906520e+01 8.683606409115041558e+00 6.000000000000000000e+01
-4.189126983789350334e+01 8.698268602450960785e+00 6.000000000000000000e+01
-4.229221914457246356e+01 8.712958362279328739e+00 6.000000000000000000e+01
-4.269345742363383067e+01 8.727677690081062423e+00 6.000000000000000000e+01
-4.309497931280274940e+01 8.742428640465123024e+00 6.000000000000000000e+01
-4.349677944724014367e+01 8.757213323655564707e+00 6.000000000000000000e+01
-4.389885245714498296e+01 8.772033908108250344e+00 6.000000000000000000e+01
-4.430119296526441985e+01 8.786892623265325497e+00 6.000000000000000000e+01
-4.470379558430624201e+01 8.801791762456099733e+00 6.000000000000000000e+01
-4.510665491424574469e+01 8.816733685953387578e+00 6.000000000000000000e+01
-4.550976553952076387e+01 8.831720824195345543e+00 6.000000000000000000e+01
-4.591312202610671278e+01 8.846755681183331887e+00 6.000000000000000000e+01
-4.631671891846338696e+01 8.861840838067147175e+00 6.000000000000000000e+01
-4.672055073634452071e+01 8.876978956929946207e+00 6.000000000000000000e+01
-4.712461197146051717e+01 8.892172784785858042e+00 6.000000000000000000e+01
-4.752889708398411273e+01 8.907425157804569338e+00 6.000000000000000000e+01
-4.793340049888777799e+01 8.922739005777941657e+00 6.000000000000000000e+01
-4.833811660210076155e+01 8.938117356845150852e+00 6.000000000000000000e+01
-4.874303973647315757e+01 8.953563342493936261e+00 6.000000000000000000e+01
-4.914816419753254451e+01 8.969080202856956063e+00 6.000000000000000000e+01
-4.955348422901884220e+01 8.984671292323872294e+00 6.000000000000000000e+01
-4.995899401818039820e+01 9.000340085491247422e+00 6.000000000000000000e+01
-5.036468769081421470e+01 9.016090183474236852e+00 6.000000000000000000e+01
-5.077055930603125944e+01 9.031925320605974861e+00 6.000000000000000000e+01
-5.117660285072584259e+01 9.047849371552677766e+00 6.000000000000000000e+01
-5.158281223372725321e+01 9.063866358874816953e+00 6.000000000000000000e+01
-5.198918127960914859e+01 9.079980461067206576e+00 6.000000000000000000e+01
-5.239570372213040628e+01 9.096196021113737373e+00 6.000000000000000000e+01
-5.280237319727900314e+01 9.112517555595381680e+00 6.000000000000000000e+01
-5.320918323588761467e+01 9.128949764393571087e+00 6.000000000000000000e+01
-5.361612725578756766e+01 9.145497541034597333e+00 6.000000000000000000e+01
-5.402319855346369337e+01 9.162165983724799290e+00 6.000000000000000000e+01
-5.443039029517056093e+01 9.178960407130583476e+00 6.000000000000000000e+01
-5.483769550746589516e+01 9.195886354962370390e+00 6.000000000000000000e+01
-5.524510706711311059e+01 9.212949613426697937e+00 6.000000000000000000e+01
-5.565261769030158945e+01 9.230156225616779508e+00 6.000000000000000000e+01
-5.606021992112608388e+01 9.247512506918173614e+00 6.000000000000000000e+01
-5.646790611926364534e+01 9.265025061513561866e+00 6.000000000000000000e+01
-5.687566844677861866e+01 9.282700800078325543e+00 6.000000000000000000e+01
-5.728349885398055363e+01 9.300546958767705874e+00 6.000000000000000000e+01
-5.769138906425199309e+01 9.318571119605712383e+00 6.000000000000000000e+01
-5.809933055775453425e+01 9.336781232397017405e+00 6.000000000000000000e+01
-5.850731455391338187e+01 9.355185638294777561e+00 6.000000000000000000e+01
-5.891533199256893027e+01 9.373793095170835699e+00 6.000000000000000000e+01
-5.932337351367335998e+01 9.392612804949340699e+00 6.000000000000000000e+01
-5.973142943539757965e+01 9.411654443081392429e+00 6.000000000000000000e+01
-6.013948973049826208e+01 9.430928190356564045e+00 6.000000000000000000e+01
-6.054754400078034138e+01 9.450444767267672574e+00 6.000000000000000000e+01
-6.095558144947099777e+01 9.470215471167982457e+00 6.000000000000000000e+01
-6.136359085130177959e+01 9.490252216485531633e+00 6.000000000000000000e+01
-6.177156052007197218e+01 9.510567578287968615e+00 6.000000000000000000e+01
-6.217947827344183764e+01 9.531174839523224307e+00 6.000000000000000000e+01
-6.258733139467423712e+01 9.552088042297405934e+00 6.000000000000000000e+01
-6.299510659101175492e+01 9.573322043591682373e+00 6.000000000000000000e+01
-6.340278994833864346e+01 9.594892575865367590e+00 6.000000000000000000e+01
-6.381036688173565352e+01 9.616816313043605291e+00 6.000000000000000000e+01
-6.421782208148862026e+01 9.639110942445823227e+00 6.000000000000000000e+01
-6.462513945405761717e+01 9.661795243276213085e+00 6.000000000000000000e+01
-6.503230205745241221e+01 9.684889172371159205e+00 6.000000000000000000e+01
-6.543929203039044751e+01 9.708413957981813169e+00 6.000000000000000000e+01
-6.584609051453402628e+01 9.732392202464517084e+00 6.000000000000000000e+01
-6.625267756901207861e+01 9.756847994858599549e+00 6.000000000000000000e+01
-6.665903207632854333e+01 9.781807034452894456e+00 6.000000000000000000e+01
-6.706513163863938587e+01 9.807296766580153147e+00 6.000000000000000000e+01
-6.747095246324303730e+01 9.833346532036037146e+00 6.000000000000000000e+01
-6.787646923597185378e+01 9.859987731698149460e+00 6.000000000000000000e+01
-6.828165498098913133e+01 9.887254008124889637e+00 6.000000000000000000e+01
-6.868648090528699868e+01 9.915181446146723587e+00 6.000000000000000000e+01
-6.909091622593579984e+01 9.943808794728548506e+00 6.000000000000000000e+01
-6.949492797785542564e+01 9.973177712685746599e+00 6.000000000000000000e+01
-6.989848079954929005e+01 1.000333304118411171e+01 6.000000000000000000e+01
-7.030153669386305637e+01 1.003432310635131230e+01 6.000000000000000000e+01
-7.070405476038384052e+01 1.006620005578224841e+01 6.000000000000000000e+01
-7.110599089557966579e+01 1.009902023324072218e+01 6.000000000000000000e+01
-7.150729745617111632e+01 1.013284459645429791e+01 6.000000000000000000e+01
-7.190792288051885350e+01 1.016773918357834283e+01 6.000000000000000000e+01
-7.230781126197702235e+01 1.020377563467966375e+01 6.000000000000000000e+01
-7.270690186718539394e+01 1.024103177547184274e+01 6.000000000000000000e+01
-7.310512859112219530e+01 1.027959227153508515e+01 6.000000000000000000e+01
-7.350241933938421823e+01 1.031954936238455289e+01 6.000000000000000000e+01
-7.389869532656435069e+01 1.036100368602359545e+01 6.000000000000000000e+01
-7.429387027770997065e+01 1.040406520603839091e+01 6.000000000000000000e+01
-7.468784951762255275e+01 1.044885425486047303e+01 6.000000000000000000e+01
-7.508052893013106655e+01 1.049550270853512046e+01 6.000000000000000000e+01
-7.547179376637377857e+01 1.054415531016388385e+01 6.000000000000000000e+01
-7.586151727747026996e+01 1.059497116109085546e+01 6.000000000000000000e+01
-7.624955914267026458e+01 1.064812540079221037e+01 6.000000000000000000e+01
-7.663576365902818566e+01 1.070381109816832854e+01 6.000000000000000000e+01
-7.701995765277247585e+01 1.076224137830891259e+01 6.000000000000000000e+01
-7.740194806571987840e+01 1.082365180946580452e+01 6.000000000000000000e+01
-7.778151916224956608e+01 1.088830307441523360e+01 6.000000000000000000e+01
-7.815842929346980839e+01 1.095648394786115709e+01 6.000000000000000000e+01
-7.853240714532917366e+01 1.102851459590849537e+01 6.000000000000000000e+01
-7.890314738674649675e+01 1.110475020330237683e+01 6.000000000000000000e+01
-7.927030562280313575e+01 1.118558491676820132e+01 6.000000000000000000e+01
-7.963349254750002615e+01 1.127145606511916398e+01 6.000000000000000000e+01
-7.999226718199736297e+01 1.136284857425457240e+01 6.000000000000000000e+01
-8.034612908004741882e+01 1.146029943151124186e+01 6.000000000000000000e+01
-8.069450938635071680e+01 1.156440196073009297e+01 6.000000000000000000e+01
-8.103676065174768439e+01 1.167580953616018569e+01 6.000000000000000000e+01
-8.137214535037352903e+01 1.179523817689840115e+01 6.000000000000000000e+01
-8.169982312100501076e+01 1.192346720942116534e+01 6.000000000000000000e+01
-8.201883688571484754e+01 1.206133685038935077e+01 6.000000000000000000e+01
-8.232809820730798833e+01 1.220974113834547659e+01 6.000000000000000000e+01
-8.262637256187748847e+01 1.236961414138167292e+01 6.000000000000000000e+01
-8.291226565540783611e+01 1.254190683384554816e+01 6.000000000000000000e+01
-8.318421252863429061e+01 1.272755157710100704e+01 6.000000000000000000e+01
-8.344047197372293567e+01 1.292741096444107463e+01 6.000000000000000000e+01
-8.367912967766625343e+01 1.314220823827936435e+01 6.000000000000000000e+01
-8.389811436183323679e+01 1.337243803578030210e+01 6.000000000000000000e+01
-8.409523171167340649e+01 1.361825940396655810e+01 6.000000000000000000e+01
-8.426822062315812900e+01 1.387937821218281798e+01 6.000000000000000000e+01
-8.441483465558913224e+01 1.415493303937274483e+01 6.000000000000000000e+01
-8.453294808017140838e+01 1.444340593193112809e+01 6.000000000000000000e+01
-8.462068051454393469e+01 1.474258424379282140e+01 6.000000000000000000e+01
-8.467652769754246833e+01 1.504959824655699840e+01 6.000000000000000000e+01
-8.469948043529615234e+01 1.536104834254113527e+01 6.000000000000000000e+01
-8.468911170795863086e+01 1.567321603313779299e+01 6.000000000000000000e+01
-8.464561531949988193e+01 1.598232992570114419e+01 6.000000000000000000e+01
-8.456978822350048119e+01 1.628484119393269580e+01 6.000000000000000000e+01
-8.446296015903836008e+01 1.657765987986617873e+01 6.000000000000000000e+01
-8.432688444556757190e+01 1.685831572108486043e+01 6.000000000000000000e+01
-8.416360935550750355e+01 1.712502892363419704e+01 6.000000000000000000e+01
-8.397534935004563295e+01 1.737669811841564282e+01 6.000000000000000000e+01
-8.376437095490577178e+01 1.761282725749423506e+01 6.000000000000000000e+01
-8.353290168042184405e+01 1.783341803776977486e+01 6.000000000000000000e+01
-8.328306443789449531e+01 1.803885156192987083e+01 6.000000000000000000e+01
-8.301683565045914293e+01 1.822977616108103405e+01 6.000000000000000000e+01
-8.273602295823823738e+01 1.840701097222478211e+01 6.000000000000000000e+01
-8.244225770185286706e+01 1.857146893175691815e+01 6.000000000000000000e+01
-8.213699765637855421e+01 1.872409892604225590e+01 6.000000000000000000e+01
-8.182153626114488532e+01 1.886584473403378226e+01 6.000000000000000000e+01
-8.149701549250649180e+01 1.899761759516990978e+01 6.000000000000000000e+01
-8.116444035869521656e+01 1.912027922294801030e+01 6.000000000000000000e+01
-8.082469367511525604e+01 1.923463246646428715e+01 6.000000000000000000e+01
-8.047855029040074726e+01 1.934141734473860552e+01 6.000000000000000000e+01
-8.012669029690846401e+01 1.944131070050445231e+01 6.000000000000000000e+01
-7.976971100431229900e+01 1.953492817581114593e+01 6.000000000000000000e+01
-7.940813761204751131e+01 1.962282758032039709e+01 6.000000000000000000e+01
-7.904243261138461207e+01 1.970551300664246952e+01 6.000000000000000000e+01
-7.867300400093915869e+01 1.978343925735705255e+01 6.000000000000000000e+01
-7.830021242508031776e+01 1.985701630007103091e+01 6.000000000000000000e+01
-7.792437735324223524e+01 1.992661357375343911e+01 6.000000000000000000e+01
-7.754578241649694803e+01 1.999256404327966763e+01 6.000000000000000000e+01
-7.716468001046821712e+01 2.005516794880825771e+01 6.000000000000000000e+01
-7.678129526364918434e+01 2.011469622928867551e+01 6.000000000000000000e+01
-7.639582945921462453e+01 2.017139362020999727e+01 6.000000000000000000e+01
-7.600846298753693020e+01 2.022548143837316914e+01 6.000000000000000000e+01
-7.561935789639942129e+01 2.027716007365027195e+01 6.000000000000000000e+01
-7.522866009662809006e+01 2.032661121123939907e+01 6.000000000000000000e+01
-7.483650127263209129e+01 2.037399980911843400e+01 6.000000000000000000e+01
-7.444300054014733803e+01 2.041947585512568963e+01 6.000000000000000000e+01
-7.404826588725335057e+01 2.046317592694361309e+01 6.000000000000000000e+01
-7.365239542938950024e+01 2.050522457663043241e+01 6.000000000000000000e+01
-7.325547850453175158e+01 2.054573555949143682e+01 6.000000000000000000e+01
-7.285759663080744986e+01 2.058481292517237904e+01 6.000000000000000000e+01
-7.245882434552687812e+01 2.062255198699303094e+01 6.000000000000000000e+01
-7.205922994181480590e+01 2.065904018377883489e+01 6.000000000000000000e+01
-7.165887611665546331e+01 2.069435784682341861e+01 6.000000000000000000e+01
-7.125782054215838457e+01 2.072857888313775376e+01 6.000000000000000000e+01
-7.085611637015128395e+01 2.076177138481416407e+01 6.000000000000000000e+01
-7.045381267876435061e+01 2.079399817314968146e+01 6.000000000000000000e+01
-7.005095486844700758e+01 2.082531728512474700e+01 6.000000000000000000e+01
-6.964758501381763267e+01 2.085578240890781387e+01 6.000000000000000000e+01
-6.924374217686262512e+01 2.088544327424282443e+01 6.000000000000000000e+01
-6.883946268624715970e+01 2.091434600286285672e+01 6.000000000000000000e+01
-6.843478038685717024e+01 2.094253342344775604e+01 6.000000000000000000e+01
-6.802972686314191719e+01 2.097004535509670475e+01 6.000000000000000000e+01
-6.762433163935652658e+01 2.099691886280815112e+01 6.000000000000000000e+01
-6.721862235939933328e+01 2.102318848804139151e+01 6.000000000000000000e+01
-6.681262494859352330e+01 2.104888645706837735e+01 6.000000000000000000e+01
-6.640636375946273517e+01 2.107404286950457362e+01 6.000000000000000000e+01
-6.599986170329417234e+01 2.109868586912802257e+01 6.000000000000000000e+01
-6.559314036905985290e+01 2.112284179885073954e+01 6.000000000000000000e+01
-6.518622013107480484e+01 2.114653534149211112e+01 6.000000000000000000e+01
-6.477912024660435009e+01 2.116978964781580785e+01 6.000000000000000000e+01
-6.437185894448788304e+01 2.119262645312656801e+01 6.000000000000000000e+01
-6.396445350572064115e+01 2.121506618357827634e+01 6.000000000000000000e+01
-6.355692033682553443e+01 2.123712805321707719e+01 6.000000000000000000e+01
-6.314927503675157539e+01 2.125883015267107723e+01 6.000000000000000000e+01
-6.274153245795124434e+01 2.128018953029917526e+01 6.000000000000000000e+01
-6.233370676221663587e+01 2.130122226652417439e+01 6.000000000000000000e+01
-6.192581147178945145e+01 2.132194354199837605e+01 6.000000000000000000e+01
-6.151785951620352932e+01 2.134236770018130969e+01 6.000000000000000000e+01
-6.110986327526949680e+01 2.136250830484924279e+01 6.000000000000000000e+01
-6.070183461856667861e+01 2.138237819300212195e+01 6.000000000000000000e+01
-6.029378494176930303e+01 2.140198952358644746e+01 6.000000000000000000e+01
-5.988572520009930145e+01 2.142135382241005459e+01 6.000000000000000000e+01
-5.947766593916898614e+01 2.144048202358732169e+01 6.000000000000000000e+01
-5.906961732344854710e+01 2.145938450781993723e+01 6.000000000000000000e+01
-5.866158916257082012e+01 2.147807113778816301e+01 6.000000000000000000e+01
-5.825359093566397206e+01 2.149655129090131567e+01 6.000000000000000000e+01
-5.784563181388421782e+01 2.151483388963206522e+01 6.000000000000000000e+01
-5.743772068130375175e+01 2.153292742963784789e+01 6.000000000000000000e+01
-5.702986615429422557e+01 2.155084000585382142e+01 6.000000000000000000e+01
-5.662207659953293160e+01 2.156857933672427308e+01 6.000000000000000000e+01
-5.621436015074602466e+01 2.158615278672441917e+01 6.000000000000000000e+01
-5.580672472429386488e+01 2.160356738731038817e+01 6.000000000000000000e+01
-5.539917803369245064e+01 2.162082985642293309e+01 6.000000000000000000e+01
-5.499172760315732944e+01 2.163794661665912855e+01 6.000000000000000000e+01
-5.458438078024799012e+01 2.165492381221620022e+01 6.000000000000000000e+01
-5.417714474768406774e+01 2.167176732470255374e+01 6.000000000000000000e+01
-5.377002653439845403e+01 2.168848278790283501e+01 6.000000000000000000e+01
-5.336303302588620312e+01 2.170507560157634686e+01 6.000000000000000000e+01
-5.295617097390385908e+01 2.172155094436137190e+01 6.000000000000000000e+01
-5.254944700556826831e+01 2.173791378585206502e+01 6.000000000000000000e+01
-5.214286763190054330e+01 2.175416889790864872e+01 6.000000000000000000e+01
-5.173643925585617609e+01 2.177032086525699839e+01 6.000000000000000000e+01
-5.133016817988007574e+01 2.178637409542882608e+01 6.000000000000000000e+01
-5.092406061302081355e+01 2.180233282808973172e+01 6.000000000000000000e+01
-5.051812267763626352e+01 2.181820114379840092e+01 6.000000000000000000e+01
-5.011236041572048094e+01 2.183398297223699558e+01 6.000000000000000000e+01
-4.970677979487852838e+01 2.184968209994941546e+01 6.000000000000000000e+01
-4.930138671397454431e+01 2.186530217762139117e+01 6.000000000000000000e+01
-4.889618700847572086e+01 2.188084672693364396e+01 6.000000000000000000e+01
-4.849118645551378393e+01 2.189631914701705284e+01 6.000000000000000000e+01
-4.808639077868356537e+01 2.191172272053647418e+01 6.000000000000000000e+01
-4.768180565259633141e+01 2.192706061942782370e+01 6.000000000000000000e+01
-4.727743670720533231e+01 2.194233591031136754e+01 6.000000000000000000e+01
-4.687328953191826741e+01 2.195755155960224059e+01 6.000000000000000000e+01
-4.646936967951187825e+01 2.197271043833787019e+01 6.000000000000000000e+01
-4.606568266986116100e+01 2.198781532674033912e+01 6.000000000000000000e+01
-4.566223399349583190e+01 2.200286891853067317e+01 6.000000000000000000e+01
-4.525902911499611037e+01 2.201787382501055745e+01 6.000000000000000000e+01
-4.485607347623707852e+01 2.203283257892609726e+01 6.000000000000000000e+01
-4.445337249949297842e+01 2.204774763812707761e+01 6.000000000000000000e+01
-4.405093159040961837e+01 2.206262138903432302e+01 6.000000000000000000e+01
-4.364875614085356403e+01 2.207745614992676764e+01 6.000000000000000000e+01
-4.324685153164698903e+01 2.209225417405922798e+01 6.000000000000000000e+01
-4.284522313519408954e+01 2.210701765262094298e+01 6.000000000000000000e+01
-4.244387631800713478e+01 2.212174871754434591e+01 6.000000000000000000e+01
-4.204281644313851274e+01 2.213644944417292848e+01 6.000000000000000000e+01
-4.164204887252389398e+01 2.215112185379640763e+01 6.000000000000000000e+01
-4.124157896924347710e+01 2.216576791606087937e+01 6.000000000000000000e+01
-4.084141209970555764e+01 2.218038955126116818e+01 6.000000000000000000e+01
-4.044155363575734441e+01 2.219498863252203336e+01 6.000000000000000000e+01
-4.004200895672882154e+01 2.220956698787462713e+01 6.000000000000000000e+01
-3.964278345141210735e+01 2.222412640223397773e+01 6.000000000000000000e+01
-3.924388251998230004e+01 2.223866861928303962e+01 6.000000000000000000e+01
-3.884531157586188499e+01 2.225319534326849436e+01 6.000000000000000000e+01
-3.844707604753347852e+01 2.226770824071314436e+01 6.000000000000000000e+01
-3.804918138030368624e+01 2.228220894204934410e+01 6.000000000000000000e+01
-3.765163303802131622e+01 2.229669904317785267e+01 6.000000000000000000e+01
-3.725443650475298085e+01 2.231118010695602294e+01 6.000000000000000000e+01
-3.685759728641867383e+01 2.232565366461903977e+01 6.000000000000000000e+01
-3.646112091239001529e+01 2.234012121713788446e+01 6.000000000000000000e+01
-3.606501293705388633e+01 2.235458423651712323e+01 6.000000000000000000e+01
-3.566927894134331467e+01 2.236904416703578136e+01 6.000000000000000000e+01
-3.527392453423782115e+01 2.238350242643423371e+01 6.000000000000000000e+01
-3.487895535423601956e+01 2.239796040704973379e+01 6.000000000000000000e+01
-3.448437707080111636e+01 2.241241947690333802e+01 6.000000000000000000e+01
-3.409019538578247932e+01 2.242688098074055603e+01 6.000000000000000000e+01
-3.369641603481401404e+01 2.244134624102801823e+01 6.000000000000000000e+01
-3.330304478869120288e+01 2.245581655890846662e+01 6.000000000000000000e+01
-3.291008745472912267e+01 2.247029321511593025e+01 6.000000000000000000e+01
-3.251754987810124220e+01 2.248477747085312473e+01 6.000000000000000000e+01
-3.212543794316236756e+01 2.249927056863285557e+01 6.000000000000000000e+01
-3.173375757475546166e+01 2.251377373308515573e+01 6.000000000000000000e+01
-3.134251473950391187e+01 2.252828817173177001e+01 6.000000000000000000e+01
-3.095171544709143419e+01 2.254281507572947518e+01 6.000000000000000000e+01
-3.056136575152899582e+01 2.255735562058377397e+01 6.000000000000000000e+01
-3.017147175241132473e+01 2.257191096683418507e+01 6.000000000000000000e+01
-2.978203959616313412e+01 2.258648226071255749e+01 6.000000000000000000e+01
-2.939307547727596415e+01 2.260107063477555300e+01 6.000000000000000000e+01
-2.900458563953727875e+01 2.261567720851238761e+01 6.000000000000000000e+01
-2.861657637725177494e+01 2.263030308892911080e+01 6.000000000000000000e+01
-2.822905403645595968e+01 2.264494937111018302e+01 6.000000000000000000e+01
-2.784202501612724845e+01 2.265961713875856631e+01 6.000000000000000000e+01
-2.745549576938731917e+01 2.267430746471510261e+01 6.000000000000000000e+01
-2.706947280470149764e+01 2.268902141145807150e+01 6.000000000000000000e+01
-2.668396268707376606e+01 2.270376003158380485e+01 6.000000000000000000e+01
-2.629897203923850313e+01 2.271852436826908317e+01 6.000000000000000000e+01
-2.591450754284987923e+01 2.273331545571600998e+01 6.000000000000000000e+01
-2.553057593966841665e+01 2.274813431958018839e+01 6.000000000000000000e+01
-2.514718403274618908e+01 2.276298197738273998e+01 6.000000000000000000e+01
-2.476433868761065682e+01 2.277785943890676634e+01 6.000000000000000000e+01
-2.438204683344743273e+01 2.279276770657903484e+01 6.000000000000000000e+01
-2.400031546428295570e+01 2.280770777583714803e+01 6.000000000000000000e+01
-2.361915164016680535e+01 2.282268063548300674e+01 6.000000000000000000e+01
-2.323856248835425831e+01 2.283768726802285443e+01 6.000000000000000000e+01
-2.285855520448987832e+01 2.285272864999447862e+01 6.000000000000000000e+01
-2.247913705379128047e+01 2.286780575228200618e+01 6.000000000000000000e+01
-2.210031537223487064e+01 2.288291954041862653e+01 6.000000000000000000e+01
-2.172209756774247325e+01 2.289807097487775778e+01 6.000000000000000000e+01
-2.134449112136969973e+01 2.291326101135292248e+01 6.000000000000000000e+01
-2.096750358849647711e+01 2.292849060102673775e+01 6.000000000000000000e+01
-2.059114260001919305e+01 2.294376069082932190e+01 6.000000000000000000e+01
-2.021541586354551967e+01 2.295907222368646217e+01 6.000000000000000000e+01
-1.984033116459125168e+01 2.297442613875774953e+01 6.000000000000000000e+01
-1.946589636777958887e+01 2.298982337166510348e+01 6.000000000000000000e+01
-1.909211941804343837e+01 2.300526485471173643e+01 6.000000000000000000e+01
-1.871900834182971352e+01 2.302075151709199474e+01 6.000000000000000000e+01
-1.834657124830691899e+01 2.303628428509218651e+01 6.000000000000000000e+01
-1.797481633057513406e+01 2.305186408228259154e+01 6.000000000000000000e+01
-1.760375186687866389e+01 2.306749182970093415e+01 6.000000000000000000e+01
-1.723338622182176394e+01 2.308316844602742179e+01 6.000000000000000000e+01
-1.686372784758679444e+01 2.309889484775152013e+01 6.000000000000000000e+01
-1.649478528515494347e+01 2.311467194933068470e+01 6.000000000000000000e+01
-1.612656716552982772e+01 2.313050066334110610e+01 6.000000000000000000e+01
-1.575908221096315032e+01 2.314638190062060730e+01 6.000000000000000000e+01
-1.539233923618311195e+01 2.316231657040391312e+01 6.000000000000000000e+01
-1.502634714962464990e+01 2.317830558045021760e+01 6.000000000000000000e+01
-1.466111495466178560e+01 2.319434983716333676e+01 6.000000000000000000e+01
-1.429665175084207895e+01 2.321045024570437576e+01 6.000000000000000000e+01
-1.393296673512216444e+01 2.322660771009707048e+01 6.000000000000000000e+01
-1.357006920310520393e+01 2.324282313332585304e+01 6.000000000000000000e+01
-1.320796855027904293e+01 2.325909741742666981e+01 6.000000000000000000e+01
-1.284667427325525324e+01 2.327543146357064430e+01 6.000000000000000000e+01
-1.248619597100889500e+01 2.329182617214055284e+01 6.000000000000000000e+01
-1.212654334611799634e+01 2.330828244280024109e+01 6.000000000000000000e+01
-1.176772620600328878e+01 2.332480117455690660e+01 6.000000000000000000e+01
-1.140975446416691952e+01 2.334138326581629030e+01 6.000000000000000000e+01
-1.105263814143018664e+01 2.335802961443083348e+01 6.000000000000000000e+01
-1.069638736716998295e+01 2.337474111774069740e+01 6.000000000000000000e+01
-1.034101238055299810e+01 2.339151867260775930e+01 6.000000000000000000e+01
-9.986523531767328876e+00 2.340836317544243883e+01 6.000000000000000000e+01
-9.632931283251418009e+00 2.342527552222339082e+01 6.000000000000000000e+01
-9.280246210918789984e+00 2.344225660851013515e+01 6.000000000000000000e+01
-8.928479005379061917e+00 2.345930732944830766e+01 6.000000000000000000e+01
-8.577640473153694600e+00 2.347642857976782693e+01 6.000000000000000000e+01
-8.227741537886128498e+00 2.349362125377368216e+01 6.000000000000000000e+01
-7.878793241545999138e+00 2.351088624532937743e+01 6.000000000000000000e+01
-7.530806745625723053e+00 2.352822444783299005e+01 6.000000000000000000e+01
-7.183793332329878822e+00 2.354563675418567925e+01 6.000000000000000000e+01
-6.837764405755341279e+00 2.356312405675271648e+01 6.000000000000000000e+01
-6.492731493062174231e+00 2.358068724731683119e+01 6.000000000000000000e+01
-6.148706245634192769e+00 2.359832721702383296e+01 6.000000000000000000e+01
-5.805700440227815839e+00 2.361604485632046391e+01 6.000000000000000000e+01
-5.463725980108860902e+00 2.363384105488429654e+01 6.000000000000000000e+01
-5.122794896175911106e+00 2.365171670154564154e+01 6.000000000000000000e+01
-4.782919348068874754e+00 2.366967268420143355e+01 6.000000000000000000e+01
-4.444111625262603837e+00 2.368770988972076452e+01 6.000000000000000000e+01
-4.106384148143345847e+00 2.370582920384218539e+01 6.000000000000000000e+01
-3.769749469067182002e+00 2.372403151106259500e+01 6.000000000000000000e+01
-3.434220273399875012e+00 2.374231769451749230e+01 6.000000000000000000e+01
-3.099809380535525349e+00 2.376068863585260615e+01 6.000000000000000000e+01
-2.766529744894070220e+00 2.377914521508673928e+01 6.000000000000000000e+01
-2.434394456895175196e+00 2.379768831046562383e+01 6.000000000000000000e+01
-2.103416743907531306e+00 2.381631879830682408e+01 6.000000000000000000e+01
-1.773609971172370070e+00 2.383503755283530978e+01 6.000000000000000000e+01
-1.444987642698723374e+00 2.385384544600985279e+01 6.000000000000000000e+01
-1.117563402130062444e+00 2.387274334733988468e+01 6.000000000000000000e+01
-7.913510335796246631e-01 2.389173212369276555e+01 6.000000000000000000e+01
-4.663644624330421928e-01 2.391081263909133625e+01 6.000000000000000000e+01
-1.426177561171177444e-01 2.392998575450162235e+01 6.000000000000000000e+01
1.798748751681472913e-01 2.394925232761050182e+01 6.000000000000000000e+01
5.010990777551371789e-01 2.396861321259321898e+01 6.000000000000000000e+01
8.210403538543596946e-01 2.400000000000000000e+01 6.000000000000000000e+01
