-55  100000
-54  6.89990892921096
-53  5.221596257531423
-52  6.534839972469943
-51  8.597036775418932
-50  10.502694146567821
-49  12.079977736132017
-48  13.434040326487956
-47  14.695950644620448
-46  15.827165446340409
-45  16.84089000590205
-44  17.838382789924616
-43  18.822063574967927
-42  19.760350850056415
-41  20.54767027046368
-40  21.393262711295748
-39  22.18968409804323
-38  22.883929622916604
-37  23.641514708224285
-36  24.352840309427233
-35  24.897152270135017
-34  25.70779207161443
-33  26.19631581022607
-32  26.711837323732155
-31  27.36087071355319
-30  27.830005808235114
-29  28.381099498277333
-28  28.865049680766052
-27  29.35967102009057
-26  29.837575107228826
-25  30.3239634902392
-24  30.732124487897046
-23  31.237680693124332
-22  31.50954728285567
-21  31.99663350789195
-20  32.39389007724212
-19  32.66850149964256
-18  32.92847854950157
-17  33.290673099125
-16  33.568094963551374
-15  33.91457158649043
-14  33.94380849853551
-13  34.286885942019865
-12  34.635032960176694
-11  34.69084481705218
-10  35.00404775194322
-9  35.19506501942392
-8  35.21198444636794
-7  35.23478301204823
-6  35.337972460107466
-5  35.410859588516054
-4  35.41995306873725
-3  35.64855412196665
-2  35.72726708200705
-1  35.84995025293614
0  35.937044496969165
1  35.793528385283025
2  35.85531658491346
3  35.89969444311532
4  35.921025956513574
5  35.79517576490883
6  35.75697762628321
7  35.469174686470204
8  35.38901193899439
9  35.362163406496734
10  35.09050102395484
11  34.93382091768444
12  35.02722045803267
13  34.65155041956176
14  34.38386693411661
15  34.199218543796974
16  33.96035333486228
17  33.73659810312984
18  33.306511729680814
19  33.03223054743793
20  32.775278951533394
21  32.447055251292014
22  32.180094218868135
23  31.73527810427238
24  31.358849108319628
25  30.898467353081408
26  30.582752685133343
27  30.225023276842972
28  29.647680928624975
29  29.36220271627064
30  28.771786129445527
31  28.386819052610033
32  27.80949341500262
33  27.237139997255248
34  26.62306992703874
35  26.08740427227307
36  25.487035074295047
37  24.85016875976607
38  24.18367173988209
39  23.565849116567975
40  22.793928468922594
41  22.015471029864802
42  21.24901729098181
43  20.580057867327813
44  19.71986530080039
45  18.889858276390594
46  17.97564731144017
47  17.08165608700985
48  16.002877336103637
49  14.967545049399588
50  13.83699374374203
51  12.570461857661833
52  11.20899638599291
53  9.60780525252488
54  7.699682456346352
55  4.476271201628649
56  6.128055113822059
57  18.613209920217287
58  95.15008185416194
59  750.5270588248086
60  4515.622942245138
61  100000
62  100000
