   34.399999999999999        0.0000000000000000        95.003625117986005     
   34.049999999999997        2.5000000372529030E-002   95.017372516097183     
   33.649999999999999        5.0000000745058060E-002   95.001612278702396     
   33.299999999999997        7.5000002980232239E-002   95.020179354695713     
   32.899999999999999       0.10000000149011612        95.009413826976314     
   32.500000000000000       0.12500000000000000        95.001162129772581     
   32.149999999999999       0.15000000596046448        95.026838138712350     
   31.750000000000000       0.17499999701976776        95.023429504658253     
   31.350000000000001       0.20000000298023224        95.022454846340935     
   30.949999999999999       0.22499999403953552        95.023885715389397     
   30.550000000000001       0.25000000000000000        95.027693733001300     
   30.100000000000001       0.27500000596046448        95.002916903757892     
   29.699999999999999       0.30000001192092896        95.011488114124717     
   29.300000000000001       0.32499998807907104        95.022345395501915     
   28.850000000000001       0.34999999403953552        95.004810994955264     
   28.449999999999999       0.37500000000000000        95.020241320459803     
   28.000000000000000       0.40000000596046448        95.007396596859238     
   27.600000000000001       0.42500001192092896        95.027266317795863     
   27.149999999999999       0.44999998807907104        95.018969093666072     
   26.699999999999999       0.47499999403953552        95.012933422563520     
   26.250000000000000       0.50000000000000000        95.009120178708287     
   25.800000000000001       0.52499997615814209        95.007489656671666     
   25.350000000000001       0.55000001192092896        95.008002874081640     
   24.899999999999999       0.57499998807907104        95.010618038609962     
   24.449999999999999       0.60000002384185791        95.015295399429590     
   24.000000000000000       0.62500000000000000        95.021992069341735     
   23.500000000000000       0.64999997615814209        95.000993846969024     
   23.050000000000001       0.67500001192092896        95.011673514443942     
   22.600000000000001       0.69999998807907104        95.024242666630130     
   22.100000000000001       0.72500002384185791        95.009185660360274     
   21.649999999999999       0.75000000000000000        95.025466988538895     
   21.149999999999999       0.77499997615814209        95.014152845534866     
   20.649999999999999       0.80000001192092896        95.004665970461971     
   20.199999999999999       0.82499998807907104        95.026192987109269     
   19.699999999999999       0.85000002384185791        95.020150794618857     
   19.199999999999999       0.87500000000000000        95.015779611024769     
   18.699999999999999       0.89999997615814209        95.013026749296088     
   18.199999999999999       0.92500001192092896        95.011839033305364     
   17.699999999999999       0.94999998807907104        95.012160729980337     
   17.199999999999999       0.97500002384185791        95.013938401096112     
   16.699999999999999        1.0000000000000000        95.017115377421433     
   16.199999999999999        1.0249999761581421        95.021636633248818     
   15.699999999999999        1.0499999523162842        95.027446023606686     
   15.150000000000000        1.0750000476837158        95.005675099239085     
   14.650000000000000        1.1000000238418579        95.013920880693632     
   14.150000000000000        1.1250000000000000        95.023281621444369     
   13.600000000000000        1.1499999761581421        95.004967225250027     
   13.100000000000000        1.1749999523162842        95.016407511892893     
   12.550000000000001        1.2000000476837158        95.000096494220656     
   12.050000000000001        1.2250000238418579        95.013373223818562     
   11.550000000000001        1.2500000000000000        95.027468246159728     
   11.000000000000000        1.2749999761581421        95.013676158026357     
   10.449999999999999        1.2999999523162842        95.000602948767821     
   9.9499999999999993        1.3250000476837158        95.016814586698288     
   9.4000000000000004        1.3500000238418579        95.004973869890748     
   8.9000000000000004        1.3750000000000000        95.022276778997309     
   8.3499999999999996        1.3999999761581421        95.011407792132928     
   7.7999999999999998        1.4249999523162842        95.000924421556746     
   7.2999999999999998        1.4500000476837158        95.019393521177037     
   6.7500000000000000        1.4750000238418579        95.009485340693345     
   6.2500000000000000        1.5000000000000000        95.028411374733082     
   5.7000000000000002        1.5249999761581421        95.018814203739751     
   5.1500000000000004        1.5499999523162842        95.009265037816647     
   4.6500000000000004        1.5750000476837158        95.028394302958148     
   4.0999999999999996        1.6000000238418579        95.018756009383083     
   3.5499999999999998        1.6250000000000000        95.008961677714836     
   3.0499999999999998        1.6499999761581421        95.027709071257917     
   2.5000000000000000        1.6749999523162842        95.017424836762359     
   1.9500000000000000        1.7000000476837158        95.006781968835497     
   1.4500000000000000        1.7250000238418579        95.024566602854335     
  0.90000000000000002        1.7500000000000000        95.013032122400872     
  0.34999999999999998        1.7749999761581421        95.000934078475325     
 -0.14999999999999999        1.7999999523162842        95.017175121758740     
 -0.69999999999999996        1.8250000476837158        95.003789830587081     
  -1.2000000000000000        1.8500000238418579        95.018695088414916     
  -1.7500000000000000        1.8750000000000000        95.003757063361917     
  -2.2500000000000000        1.8999999761581421        95.017074342370805     
  -2.7999999999999998        1.9249999523162842        95.000324057208545     
  -3.2999999999999998        1.9500000476837158        95.011804255050933     
  -3.7999999999999998        1.9750000238418579        95.022297985195110     
  -4.3499999999999996        2.0000000000000000        95.002374293647151     
  -4.8499999999999996        2.0250000953674316        95.010661217046376     
  -5.3499999999999996        2.0499999523162842        95.017780127814447     
  -5.8499999999999996        2.0750000476837158        95.023678111783397     
  -6.3499999999999996        2.0999999046325684        95.028291079787792     
  -6.9000000000000004        2.1250000000000000        95.001869666633411     
  -7.4000000000000004        2.1500000953674316        95.003676525409745     
  -7.9000000000000004        2.1749999523162842        95.004023311890705     
  -8.4000000000000004        2.2000000476837158        95.002858878891274     
  -8.9000000000000004        2.2249999046325684        95.000121127627224     
  -9.3499999999999996        2.2500000000000000        95.025833444037701     
  -9.8499999999999996        2.2750000953674316        95.019871670111428     
  -10.350000000000000        2.2999999523162842        95.012172054739395     
  -10.850000000000000        2.3250000476837158        95.002685604099781     
  -11.300000000000001        2.3499999046325684        95.021762608214800     
  -11.800000000000001        2.3750000000000000        95.008624729770645     
  -12.250000000000000        2.4000000953674316        95.024127204445165     
  -12.750000000000000        2.4249999523162842        95.007130629006781     
  -13.199999999999999        2.4500000476837158        95.018860997969213     
  -13.650000000000000        2.4749999046325684        95.028678177712607     
  -14.150000000000000        2.5000000000000000        95.005575621376877     
  -14.600000000000000        2.5250000953674316        95.011340633766252     
  -15.050000000000001        2.5499999523162842        95.015056143286827     
  -15.500000000000000        2.5750000476837158        95.016683746476730     
  -15.949999999999999        2.5999999046325684        95.016174767897169     
  -16.399999999999999        2.6250000000000000        95.013491830834411     
  -16.850000000000001        2.6500000953674316        95.008590057454825     
  -17.300000000000001        2.6749999523162842        95.001425185548385     
  -17.699999999999999        2.7000000476837158        95.023762788211599     
  -18.149999999999999        2.7249999046325684        95.012066038163738     
  -18.550000000000001        2.7500000000000000        95.030015223790784     
  -19.000000000000000        2.7750000953674316        95.013635695032704     
  -19.399999999999999        2.7999999523162842        95.027048550279176     
  -19.850000000000001        2.8250000476837158        95.005834668888809     
  -20.250000000000000        2.8499999046325684        95.014572829022356     
  -20.649999999999999        2.8750000000000000        95.020983602658376     
  -21.050000000000001        2.9000000953674316        95.025032177381306     
  -21.449999999999999        2.9249999523162842        95.026684327975914     
  -21.850000000000001        2.9500000476837158        95.025913914558458     
  -22.250000000000000        2.9749999046325684        95.022685308200877     
  -22.649999999999999        3.0000000000000000        95.016973421229807     
  -23.050000000000001        3.0250000953674316        95.008746258478112     
  -23.399999999999999        3.0499999523162842        95.031432455100841     
  -23.800000000000001        3.0750000476837158        95.018215770788302     
  -24.199999999999999        3.0999999046325684        95.002397395740033     
  -24.550000000000001        3.1250000000000000        95.017797551781626     
  -24.899999999999999        3.1500000953674316        95.030802940180138     
  -25.300000000000001        3.1749999523162842        95.007288222757438     
  -25.649999999999999        3.2000000476837158        95.015304997767274     
  -26.000000000000000        3.2249999046325684        95.020855635356511     
  -26.350000000000001        3.2500000000000000        95.023923100980227     
  -26.699999999999999        3.2750000953674316        95.024483817520817     
  -27.050000000000001        3.2999999523162842        95.022514765700990     
  -27.399999999999999        3.3250000476837158        95.018000312761615     
  -27.750000000000000        3.3499999046325684        95.010916175325988     
  -28.100000000000001        3.3750000000000000        95.001247677966262     
  -28.399999999999999        3.4000000953674316        95.024272140549314     
  -28.750000000000000        3.4249999523162842        95.009509259895438     
  -29.050000000000001        3.4500000476837158        95.027678315470297     
  -29.399999999999999        3.4749999046325684        95.007754974100195     
  -29.699999999999999        3.5000000000000000        95.021004500469203     
  -30.000000000000000        3.5250000953674316        95.031839812851473     
  -30.350000000000001        3.5499999523162842        95.004125693431163     
  -30.649999999999999        3.5750000476837158        95.009952541891451     
  -30.949999999999999        3.5999999046325684        95.013321311494479     
  -31.250000000000000        3.6250000000000000        95.014223307648308     
  -31.550000000000001        3.6500000953674316        95.012643917919505     
  -31.850000000000001        3.6749999523162842        95.008569017769531     
  -32.149999999999999        3.7000000476837158        95.001991093211231     
  -32.399999999999999        3.7249999046325684        95.029986532365243     
  -32.700000000000003        3.7500000000000000        95.018505382931920     
  -33.000000000000000        3.7750000953674316        95.004487006472957     
  -33.250000000000000        3.7999999523162842        95.025430558484572     
  -33.549999999999997        3.8250000476837158        95.006449065063279     
  -33.799999999999997        3.8499999046325684        95.022690966705596     
  -34.049999999999997        3.8750000000000000        95.036640799135625     
  -34.350000000000001        3.9000000953674316        95.010218973023086     
  -34.600000000000001        3.9249999523162842        95.019415795574787     
  -34.850000000000001        3.9500000476837158        95.026297543707003     
  -35.100000000000001        3.9749999046325684        95.030853491203771     
  -35.350000000000001        4.0000000000000000        95.033080780782058     
  -35.600000000000001        4.0250000953674316        95.032971258675403     
  -35.850000000000001        4.0500001907348633        95.030518993162175     
  -36.100000000000001        4.0749998092651367        95.025714782712029     
  -36.350000000000001        4.0999999046325684        95.018560627731503     
  -36.600000000000001        4.1250000000000000        95.009047977931814     
  -36.799999999999997        4.1500000953674316        95.036635340087074     
  -37.049999999999997        4.1750001907348633        95.022531055625578     
  -37.299999999999997        4.1999998092651367        95.006051937747372     
  -37.500000000000000        4.2249999046325684        95.027078506434890     
  -37.750000000000000        4.2500000000000000        95.005987785749539     
  -37.950000000000003        4.2750000953674316        95.022667265806675     
  -38.149999999999999        4.3000001907348633        95.037236395305257     
  -38.399999999999999        4.3249998092651367        95.009265322989762     
  -38.600000000000001        4.3499999046325684        95.019469096004798     
  -38.799999999999997        4.3750000000000000        95.027554149735622     
  -39.000000000000000        4.4000000953674316        95.033518108716237     
  -39.200000000000003        4.4250001907348633        95.037358851847912     
  -39.399999999999999        4.4499998092651367        95.039071364907542     
  -39.600000000000001        4.4749999046325684        95.038660363062732     
  -39.799999999999997        4.5000000000000000        95.036121312410941     
  -40.000000000000000        4.5250000953674316        95.031453112996303     
  -40.200000000000003        4.5500001907348633        95.024654920668240     
  -40.399999999999999        4.5749998092651367        95.015723151687553     
  -40.600000000000001        4.5999999046325684        95.004663495100800     
  -40.750000000000000        4.6250000000000000        95.033494353873280     
  -40.950000000000003        4.6500000953674316        95.018302820665468     
  -41.149999999999999        4.6750001907348633        95.000980314673470     
  -41.299999999999997        4.6999998092651367        95.023933069198449     
  -41.500000000000000        4.7249999046325684        95.002479014252145     
  -41.649999999999999        4.7500000000000000        95.021559033578214     
  -41.799999999999997        4.7750000953674316        95.038764192529612     
  -42.000000000000000        4.8000001907348633        95.011180311206587     
  -42.149999999999999        4.8249998092651367        95.024507738826571     
  -42.299999999999997        4.8499999046325684        95.035963226332257     
  -42.500000000000000        4.8750000000000000        95.002258186694490     
  -42.649999999999999        4.9000000953674316        95.009842839003241     
  -42.799999999999997        4.9250001907348633        95.015554745937919     
  -42.950000000000003        4.9499998092651367        95.019392126766149     
  -43.100000000000001        4.9749999046325684        95.021361069633187     
  -43.250000000000000        5.0000000000000000        95.021460126279607     
  -43.399999999999999        5.0250000953674316        95.019690610777971     
  -43.549999999999997        5.0500001907348633        95.016054017411818     
  -43.700000000000003        5.0749998092651367        95.010549611517604     
  -43.850000000000001        5.0999999046325684        95.003184093657907     
  -43.950000000000003        5.1250000000000000        95.038431060819349     
  -44.100000000000001        5.1500000953674316        95.027458915131632     
  -44.250000000000000        5.1750001907348633        95.014628957864616     
  -44.350000000000001        5.1999998092651367        95.044754598063250     
  -44.500000000000000        5.2249999046325684        95.028328360488601     
  -44.649999999999999        5.2500000000000000        95.010051564014233     
  -44.750000000000000        5.2750000953674316        95.035071287146295     
  -44.899999999999999        5.3000001907348633        95.013211390258007     
  -45.000000000000000        5.3249998092651367        95.034867175191337     
  -45.149999999999999        5.3499999046325684        95.009433956084791     
  -45.250000000000000        5.3750000000000000        95.027736565565235     
  -45.350000000000001        5.4000000953674316        95.044416307805022     
  -45.500000000000000        5.4250001907348633        95.013695862703713     
  -45.600000000000001        5.4499998092651367        95.027029099109313     
  -45.700000000000003        5.4749999046325684        95.038745982935254     
  -45.850000000000001        5.5000000000000000        95.002764037172383     
  -45.950000000000003        5.5250000953674316        95.011149659822010     
  -46.049999999999997        5.5500001907348633        95.017922574589704     
  -46.149999999999999        5.5749998092651367        95.023082715072817     
  -46.250000000000000        5.5999999046325684        95.026635718840438     
  -46.350000000000001        5.6250000000000000        95.028581733025916     
  -46.450000000000003        5.6500000953674316        95.028922903884279     
  -46.549999999999997        5.6750001907348633        95.027661497304905     
  -46.649999999999999        5.6999998092651367        95.024798181421559     
  -46.750000000000000        5.7249999046325684        95.020338921592597     
  -46.850000000000001        5.7500000000000000        95.014284596516106     
  -46.950000000000003        5.7750000953674316        95.006637947189461     
  -47.000000000000000        5.8000001907348633        95.044597683558763     
  -47.100000000000001        5.8249998092651367        95.033858905664601     
  -47.200000000000003        5.8499999046325684        95.021537153695789     
  -47.299999999999997        5.8750000000000000        95.007634016897882     
  -47.350000000000001        5.9000000953674316        95.039682767326894     
  -47.450000000000003        5.9250001907348633        95.022707539120034     
  -47.549999999999997        5.9499998092651367        95.004158544547622     
  -47.600000000000001        5.9749999046325684        95.031810150107731     
  -47.700000000000003        6.0000000000000000        95.010205999627630     
  -47.750000000000000        6.0250000953674316        95.034959666422210     
  -47.850000000000001        6.0500001907348633        95.010309394558746     
  -47.899999999999999        6.0749998092651367        95.032169749251494     
  -48.000000000000000        6.0999999046325684        95.004484696256540     
  -48.049999999999997        6.1250000000000000        95.023461087015036     
  -48.100000000000001        6.1500000953674316        95.041032106456029     
  -48.200000000000003        6.1750001907348633        95.008851829012428     
  -48.250000000000000        6.1999998092651367        95.023546458988477     
  -48.299999999999997        6.2249999046325684        95.036840466027243     
  -48.399999999999999        6.2500000000000000        95.000190983061856     
  -48.450000000000003        6.2750000953674316        95.010621489690152     
  -48.500000000000000        6.3000001907348633        95.019654449639532     
  -48.549999999999997        6.3249998092651367        95.027289961496649     
  -48.600000000000001        6.3499999046325684        95.033531413865489     
  -48.649999999999999        6.3750000000000000        95.038379038436105     
  -48.700000000000003        6.4000000953674316        95.041834233210508     
  -48.750000000000000        6.4250001907348633        95.043898475144971     
  -48.799999999999997        6.4499998092651367        95.044572385621976     
  -48.850000000000001        6.4749999046325684        95.043859493163325     
  -48.899999999999999        6.5000000000000000        95.041760550675562     
  -48.950000000000003        6.5250000953674316        95.038277349062838     
  -49.000000000000000        6.5500001907348633        95.033411757158106     
  -49.049999999999997        6.5749998092651367        95.027164914320736     
  -49.100000000000001        6.5999999046325684        95.019540484140578     
  -49.149999999999999        6.6250000000000000        95.010539735041974     
  -49.200000000000003        6.6500000953674316        95.000164844799556     
  -49.200000000000003        6.6750001907348633        95.037843741210736     
  -49.250000000000000        6.6999998092651367        95.024766372258384     
  -49.299999999999997        6.7249999046325684        95.010321164111645     
  -49.299999999999997        6.7500000000000000        95.044050239908117     
  -49.350000000000001        6.7750000953674316        95.026910904827574     
  -49.399999999999999        6.8000001907348633        95.008409277036378     
  -49.399999999999999        6.8249998092651367        95.038189943797050     
  -49.450000000000003        6.8499999046325684        95.017003160862245     
  -49.450000000000003        6.8750000000000000        95.044164441156298     
  -49.500000000000000        6.9000000953674316        95.020298203255649     
  -49.500000000000000        6.9250001907348633        95.044839871924466     
  -49.549999999999997        6.9499998092651367        95.018300025626303     
  -49.549999999999997        6.9749999046325684        95.040222990412545     
  -49.600000000000001        7.0000000000000000        95.011017247687263     
  -49.600000000000001        7.0250000953674316        95.030322894052148     
  -49.600000000000001        7.0500001907348633        95.048330497359871     
  -49.649999999999999        7.0749998092651367        95.015148128466038     
  -49.649999999999999        7.0999999046325684        95.030540110468735     
  -49.649999999999999        7.1250000000000000        95.044633035295647     
  -49.700000000000003        7.1500000953674316        95.007488783560433     
  -49.700000000000003        7.1750001907348633        95.018968903022753     
  -49.700000000000003        7.1999998092651367        95.029149345426234     
  -49.700000000000003        7.2249999046325684        95.038030002451521     
  -49.700000000000003        7.2500000000000000        95.045610234073479     
  -49.750000000000000        7.2750000953674316        95.001903135745977     
  -49.750000000000000        7.3000001907348633        95.006875963129232     
  -49.750000000000000        7.3249998092651367        95.010548826557127     
  -49.750000000000000        7.3499999046325684        95.012921686912989     
  -49.750000000000000        7.3750000000000000        95.013994345938158     
  -49.750000000000000        7.4000000953674316        95.013766751278197     
  -49.750000000000000        7.4250001907348633        95.012238914041788     
  -49.750000000000000        7.4499998092651367        95.009410975136220     
  -49.750000000000000        7.4749999046325684        95.005282964692867     
  -49.700000000000003        7.5000000000000000        95.049839392431551     
  -49.700000000000003        7.5250000953674316        95.043104541173392     
  -49.700000000000003        7.5500001907348633        95.035069016753113     
  -49.700000000000003        7.5749998092651367        95.025733401933095     
  -49.700000000000003        7.5999999046325684        95.015097796174800     
  -49.700000000000003        7.6250000000000000        95.003162883941840     
  -49.649999999999999        7.6500000953674316        95.039847270371752     
  -49.649999999999999        7.6750001907348633        95.025299495663461     
  -49.649999999999999        7.6999998092651367        95.009453233897460     
  -49.600000000000001        7.7249999046325684        95.042174194803465     
  -49.600000000000001        7.7500000000000000        95.023712075014402     
  -49.600000000000001        7.7750000953674316        95.003952234150617     
  -49.549999999999997        7.8000001907348633        95.032695845622499     
  -49.549999999999997        7.8249998092651367        95.010319338416465     
  -49.500000000000000        7.8499999046325684        95.036395886959056     
  -49.500000000000000        7.8750000000000000        95.011400540077005     
  -49.450000000000003        7.9000000953674316        95.034803268847426     
  -49.450000000000003        7.9250001907348633        95.007188704116686     
  -49.399999999999999        7.9499998092651367        95.027911994789093     
  -49.350000000000001        7.9749999046325684        95.047276029349433     
  -49.350000000000001        8.0000000000000000        95.015715090292630     
  -49.299999999999997        8.0249996185302734        95.032390120082866     
  -49.250000000000000        8.0500001907348633        95.047698542968362     
  -49.250000000000000        8.0749998092651367        95.012188899318303     
  -49.200000000000003        8.1000003814697266        95.024799256459474     
  -49.149999999999999        8.1250000000000000        95.036039759246407     
  -49.100000000000001        8.1499996185302734        95.045906727376689     
  -49.100000000000001        8.1750001907348633        95.005113572805683     
  -49.049999999999997        8.1999998092651367        95.012272487993727     
  -49.000000000000000        8.2250003814697266        95.018051115070804     
  -48.950000000000003        8.2500000000000000        95.022450769348083     
  -48.899999999999999        8.2749996185302734        95.025467898356979     
  -48.850000000000001        8.3000001907348633        95.027098823862332     
  -48.799999999999997        8.3249998092651367        95.027345399466739     
  -48.750000000000000        8.3500003814697266        95.026202217209971     
  -48.700000000000003        8.3750000000000000        95.023671490930141     
  -48.649999999999999        8.3999996185302734        95.019749804635481     
  -48.600000000000001        8.4250001907348633        95.014433617396193     
  -48.549999999999997        8.4499998092651367        95.007725684983356     
  -48.450000000000003        8.4750003814697266        95.048265783265563     
  -48.399999999999999        8.5000000000000000        95.038704637971577     
  -48.350000000000001        8.5249996185302734        95.027744760786561     
  -48.299999999999997        8.5500001907348633        95.015382756276964     
  -48.250000000000000        8.5749998092651367        95.001622297727636     
  -48.149999999999999        8.6000003814697266        95.034780834889617     
  -48.100000000000001        8.6250000000000000        95.018147972923671     
  -48.049999999999997        8.6499996185302734        95.000110660836086     
  -47.950000000000003        8.6750001907348633        95.028779851756042     
  -47.899999999999999        8.6999998092651367        95.007859674727513     
  -47.799999999999997        8.7250003814697266        95.033497917032733     
  -47.750000000000000        8.7500000000000000        95.009687954277751     
  -47.649999999999999        8.7749996185302734        95.032286490545388     
  -47.600000000000001        8.8000001907348633        95.005577739078163     
  -47.500000000000000        8.8249998092651367        95.025123084204097     
  -47.399999999999999        8.8500003814697266        95.043095184287324     
  -47.350000000000001        8.8750000000000000        95.011994990638158     
  -47.250000000000000        8.8999996185302734        95.026901014349917     
  -47.149999999999999        8.9250001907348633        95.040224354956919     
  -47.100000000000001        8.9499998092651367        95.004716579467512     
  -47.000000000000000        8.9750003814697266        95.014956786288025     
  -46.899999999999999        9.0000000000000000        95.023612334103817     
  -46.799999999999997        9.0249996185302734        95.030677106734501     
  -46.700000000000003        9.0500001907348633        95.036144889519946     
  -46.600000000000001        9.0749998092651367        95.040019731904223     
  -46.500000000000000        9.1000003814697266        95.042292201475405     
  -46.399999999999999        9.1250000000000000        95.042966801041246     
  -46.299999999999997        9.1499996185302734        95.042037736210574     
  -46.200000000000003        9.1750001907348633        95.039499115844308     
  -46.100000000000001        9.1999998092651367        95.035356125526562     
  -46.000000000000000        9.2250003814697266        95.029599389587744     
  -45.899999999999999        9.2500000000000000        95.022234550179164     
  -45.799999999999997        9.2749996185302734        95.013256142746584     
  -45.700000000000003        9.3000001907348633        95.002658607334169     
  -45.549999999999997        9.3249998092651367        95.036293471809273     
  -45.450000000000003        9.3500003814697266        95.022358663884987     
  -45.350000000000001        9.3750000000000000        95.006807522673284     
  -45.200000000000003        9.3999996185302734        95.035169381332295     
  -45.100000000000001        9.4250001907348633        95.016264745670185     
  -44.950000000000003        9.4499998092651367        95.041062030730487     
  -44.850000000000001        9.4750003814697266        95.018800550446642     
  -44.700000000000003        9.5000000000000000        95.040022501212079     
  -44.600000000000001        9.5249996185302734        95.014402341774314     
  -44.450000000000003        9.5500001907348633        95.032034990879097     
  -44.350000000000001        9.5749998092651367        95.003046676450111     
  -44.200000000000003        9.6000003814697266        95.017086068222042     
  -44.049999999999997        9.6250000000000000        95.029273944294090     
  -43.899999999999999        9.6499996185302734        95.039603259511793     
  -43.799999999999997        9.6750001907348633        95.003748439745792     
  -43.649999999999999        9.6999998092651367        95.010470053152730     
  -43.500000000000000        9.7250003814697266        95.015322652153486     
  -43.350000000000001        9.7500000000000000        95.018314178282480     
  -43.200000000000003        9.7749996185302734        95.019438181632367     
  -43.049999999999997        9.8000001907348633        95.018688161531742     
  -42.899999999999999        9.8249998092651367        95.016072945761948     
  -42.750000000000000        9.8500003814697266        95.011581268291863     
  -42.600000000000001        9.8750000000000000        95.005222548364031     
  -42.399999999999999        9.8999996185302734        95.040234079926293     
  -42.250000000000000        9.9250001907348633        95.030000422848815     
  -42.100000000000001        9.9499998092651367        95.017897611699993     
  -41.950000000000003        9.9750003814697266        95.003914717216560     
  -41.750000000000000        10.000000000000000        95.030807463487321     
  -41.600000000000001        10.024999618530273        95.012955038962303     
  -41.399999999999999        10.050000190734863        95.035713458076231     
  -41.250000000000000        10.074999809265137        95.013985091900963     
  -41.049999999999997        10.100000381469727        95.032612007773494     
  -40.899999999999999        10.125000000000000        95.007008420628338     
  -40.700000000000003        10.149999618530273        95.021508880714521     
  -40.500000000000000        10.175000190734863        95.033872204032122     
  -40.350000000000001        10.199999809265137        95.002395748077063     
  -40.149999999999999        10.225000381469727        95.010628314201185     
  -39.950000000000003        10.250000000000000        95.016736750790912     
  -39.750000000000000        10.274999618530273        95.020715716911738     
  -39.549999999999997        10.300000190734863        95.022559883336768     
  -39.350000000000001        10.324999809265137        95.022282879065315     
  -39.149999999999999        10.350000381469727        95.019873571166997     
  -38.950000000000003        10.375000000000000        95.015346342409387     
  -38.750000000000000        10.399999618530273        95.008696824327842     
  -38.500000000000000        10.425000190734863        95.040432662453938     
  -38.299999999999997        10.449999809265137        95.029409790343266     
  -38.100000000000001        10.475000381469727        95.016264997872796     
  -37.899999999999999        10.500000000000000        95.001014572834308     
  -37.649999999999999        10.524999618530273        95.023621657189153     
  -37.450000000000003        10.550000190734863        95.004013107874215     
  -37.200000000000003        10.574999809265137        95.022000817496490     
  -36.950000000000003        10.600000381469727        95.037607806066035     
  -36.750000000000000        10.625000000000000        95.011437579155668     
  -36.500000000000000        10.649999618530273        95.022454413325278     
  -36.250000000000000        10.675000190734863        95.031102590288754     
  -36.000000000000000        10.699999809265137        95.037401098552778     
  -35.799999999999997        10.725000381469727        95.002481638332426     
  -35.549999999999997        10.750000000000000        95.004221384428490     
  -35.299999999999997        10.774999618530273        95.003620528998908     
  -35.049999999999997        10.800000190734863        95.000677613892094     
  -34.750000000000000        10.824999809265137        95.033714908396860     
  -34.500000000000000        10.850000381469727        95.025982617505917     
  -34.250000000000000        10.875000000000000        95.015943478601187     
  -34.000000000000000        10.899999618530273        95.003597338365566     
  -33.700000000000003        10.925000190734863        95.026685931727854     
  -33.450000000000003        10.949999809265137        95.009610130368628     
  -33.149999999999999        10.975000381469727        95.027705771227929     
  -32.899999999999999        11.000000000000000        95.005934569652354     
  -32.600000000000001        11.024999618530273        95.019081693614083     
  -32.299999999999997        11.050000190734863        95.029687094133010     
  -32.049999999999997        11.074999809265137        95.000874441269033     
  -31.750000000000000        11.100000381469727        95.006584006479414     
  -31.449999999999999        11.125000000000000        95.009800716048403     
  -31.149999999999999        11.149999618530273        95.010528176830462     
  -30.850000000000001        11.175000190734863        95.008770169851815     
  -30.550000000000001        11.199999809265137        95.004556137915202     
  -30.199999999999999        11.225000381469727        95.033953119543270     
  -29.899999999999999        11.250000000000000        95.024712571077828     
  -29.600000000000001        11.274999618530273        95.013048547203610     
  -29.250000000000000        11.300000190734863        95.034625377203355     
  -28.949999999999999        11.324999809265137        95.018022047689584     
  -28.600000000000001        11.350000381469727        95.034417170401824     
  -28.300000000000001        11.375000000000000        95.012937517352555     
  -27.949999999999999        11.399999618530273        95.024227053746841     
  -27.600000000000001        11.425000190734863        95.032909111340430     
  -27.300000000000001        11.449999809265137        95.004174638754193     
  -26.949999999999999        11.475000381469727        95.007850619446160     
  -26.600000000000001        11.500000000000000        95.008994756058641     
  -26.250000000000000        11.524999618530273        95.007618320307216     
  -25.899999999999999        11.550000190734863        95.003732841712889     
  -25.500000000000000        11.574999809265137        95.031563433090454     
  -25.149999999999999        11.600000381469727        95.022613393338446     
  -24.800000000000001        11.625000000000000        95.011239633045335     
  -24.399999999999999        11.649999618530273        95.031252424304569     
  -24.050000000000001        11.675000190734863        95.014945011598670     
  -23.649999999999999        11.699999809265137        95.029827251562239     
  -23.300000000000001        11.725000381469727        95.008695070718588     
  -22.899999999999999        11.750000000000000        95.018552325804080     
  -22.500000000000000        11.774999618530273        95.025875718320904     
  -22.100000000000001        11.800000190734863        95.030684433958186     
  -21.750000000000000        11.824999809265137        95.000106906822836     
  -21.350000000000001        11.850000381469727        95.000116815746381     
  -20.899999999999999        11.875000000000000        95.030401616245967     
  -20.500000000000000        11.899999618530273        95.025503888866055     
  -20.100000000000001        11.925000190734863        95.018245284979088     
  -19.699999999999999        11.949999809265137        95.008678634756251     
  -19.250000000000000        11.975000381469727        95.029027772189878     
  -18.850000000000001        12.000000000000000        95.014810865309286     
  -18.399999999999999        12.024999618530273        95.030361825514618     
  -18.000000000000000        12.050000190734863        95.011625984001071     
  -17.550000000000001        12.074999809265137        95.022518203502855     
  -17.100000000000001        12.100000381469727        95.031073333987848     
  -16.699999999999999        12.125000000000000        95.005807578419962     
  -16.250000000000000        12.149999618530273        95.009949183131752     
  -15.800000000000001        12.175000190734863        95.011875731736879     
  -15.350000000000000        12.199999809265137        95.011651007785275     
  -14.900000000000000        12.225000381469727        95.009296443431765     
  -14.449999999999999        12.250000000000000        95.004877096328570     
  -13.949999999999999        12.274999618530273        95.029359178192507     
  -13.500000000000000        12.300000190734863        95.020814266492351     
  -13.050000000000001        12.324999809265137        95.010340038409694     
  -12.550000000000001        12.350000381469727        95.028608218501702     
  -12.100000000000000        12.375000000000000        95.014300120935104     
  -11.600000000000000        12.399999618530273        95.028658512108620     
  -11.150000000000000        12.425000190734863        95.010698968431853     
  -10.650000000000000        12.449999809265137        95.021339746461564     
  -10.150000000000000        12.475000381469727        95.030145468527294     
  -9.6999999999999993        12.500000000000000        95.007067516546996     
  -9.1999999999999993        12.524999618530273        95.012481054130220     
  -8.6999999999999993        12.550000190734863        95.016221716325674     
  -8.1999999999999993        12.574999809265137        95.018367818684368     
  -7.7000000000000002        12.600000381469727        95.018952847309151     
  -7.2000000000000002        12.625000000000000        95.018056114922544     
  -6.7000000000000002        12.649999618530273        95.015723261998403     
  -6.2000000000000002        12.675000190734863        95.012000210488026     
  -5.7000000000000002        12.699999809265137        95.006967613617107     
  -5.2000000000000002        12.725000381469727        95.000660640254765     
  -4.6500000000000004        12.750000000000000        95.022573459649351     
  -4.1500000000000004        12.774999618530273        95.013868881374066     
  -3.6499999999999999        12.800000190734863        95.004068460431299     
  -3.1000000000000001        12.824999809265137        95.022494790351885     
  -2.6000000000000001        12.850000381469727        95.010652103333655     
  -2.0499999999999998        12.875000000000000        95.027053840522541     
  -1.5500000000000000        12.899999618530273        95.013429493902862     
  -1.0000000000000000        12.925000190734863        95.028054443308037     
 -0.50000000000000000        12.949999809265137        95.012887713772031     
   5.0000000000000003E-002   12.975000381469727        95.026008788759881     
  0.55000000000000004        13.000000000000000        95.009552140734016     
   1.1000000000000001        13.024999618530273        95.021443853629833     
   1.6000000000000001        13.050000190734863        95.003939335598389     
   2.1499999999999999        13.074999809265137        95.014854039614420     
   2.7000000000000002        13.100000381469727        95.025352650434314     
   3.2000000000000002        13.125000000000000        95.006770533772780     
   3.7500000000000000        13.149999618530273        95.016703794986100     
   4.2999999999999998        13.175000190734863        95.026424942832961     
   4.7999999999999998        13.199999809265137        95.007335703343387     
   5.3499999999999996        13.225000381469727        95.016880583517249     
   5.9000000000000004        13.250000000000000        95.026440797173294     
   6.4000000000000004        13.274999618530273        95.007426787814182     
   6.9500000000000002        13.300000190734863        95.017199445385160     
   7.5000000000000000        13.324999809265137        95.027191028407913     
   8.0000000000000000        13.350000381469727        95.008821524752506     
   8.5500000000000007        13.375000000000000        95.019436036907663     
   9.0500000000000007        13.399999618530273        95.001836141110758     
   9.5999999999999996        13.425000190734863        95.013324823734337     
   10.150000000000000        13.449999809265137        95.025368251087883     
   10.650000000000000        13.475000381469727        95.009370930966881     
   11.199999999999999        13.500000000000000        95.022693882033892     
   11.699999999999999        13.524999618530273        95.008095948798015     
   12.250000000000000        13.550000190734863        95.022945394722555     
   12.750000000000000        13.574999809265137        95.009982935507637     
   13.300000000000001        13.600000381469727        95.026626554322419     
   13.800000000000001        13.625000000000000        95.015544821321598     
   14.300000000000001        13.649999618530273        95.005481439992465     
   14.850000000000000        13.675000190734863        95.025277752867922     
   15.350000000000000        13.699999809265137        95.017455567052650     
   15.850000000000000        13.725000381469727        95.010815567209661     
   16.350000000000001        13.750000000000000        95.005437085076494     
   16.850000000000001        13.774999618530273        95.001365270044815     
   17.399999999999999        13.800000190734863        95.027615134821815     
   17.899999999999999        13.824999809265137        95.026366684108766     
   18.399999999999999        13.850000381469727        95.026582788447612     
   18.899999999999999        13.875000000000000        95.028340230508419     
   19.350000000000001        13.899999618530273        95.002529109847629     
   19.850000000000001        13.925000190734863        95.007447005884032     
   20.350000000000001        13.949999809265137        95.014065019531600     
   20.850000000000001        13.975000381469727        95.022414037093910     
   21.300000000000001        14.000000000000000        95.003195132143688     
   21.800000000000001        14.024999618530273        95.015135081088360     
   22.300000000000001        14.050000190734863        95.028958943256242     
   22.750000000000000        14.074999809265137        95.015178761589553     
   23.199999999999999        14.100000381469727        95.003249483487480     
   23.699999999999999        14.125000000000000        95.022933644215172     
   24.149999999999999        14.149999618530273        95.014939801743211     
   24.600000000000001        14.175000190734863        95.008927851442436     
   25.050000000000001        14.199999809265137        95.004960648033986     
   25.500000000000000        14.225000381469727        95.003058774075456     
   25.949999999999999        14.250000000000000        95.003283805302473     
   26.399999999999999        14.274999618530273        95.005665670437736     
   26.850000000000001        14.300000190734863        95.010233959514281     
   27.300000000000001        14.324999809265137        95.017048246287743     
   27.750000000000000        14.350000381469727        95.026126872750794     
   28.149999999999999        14.375000000000000        95.007030675171677     
   28.600000000000001        14.399999618530273        95.020692361365903     
   29.000000000000000        14.425000190734863        95.006049311730905     
   29.449999999999999        14.449999809265137        95.024425086361262     
   29.850000000000001        14.475000381469727        95.014377830067701     
   30.250000000000000        14.500000000000000        95.006637665764018     
   30.649999999999999        14.524999618530273        95.001224845193576     
   31.100000000000001        14.550000190734863        95.029325869949318     
   31.500000000000000        14.574999809265137        95.028758010538496     
   31.899999999999999        14.600000381469727        95.030596506689676     
   32.250000000000000        14.625000000000000        95.003411569707822     
   32.649999999999999        14.649999618530273        95.010068534820476     
   33.049999999999997        14.675000190734863        95.019213049593304     
   33.450000000000003        14.699999809265137        95.030890099390945     
   33.799999999999997        14.725000381469727        95.013196519039326     
   34.200000000000003        14.750000000000000        95.029886091807214     
   34.549999999999997        14.774999618530273        95.017037924534634     
   34.899999999999999        14.800000190734863        95.006574425425583     
   35.299999999999997        14.824999809265137        95.030901353046730     
   35.649999999999999        14.850000381469727        95.025403548484917     
   36.000000000000000        14.875000000000000        95.022369197510699     
   36.350000000000001        14.899999618530273        95.021808442561053     
   36.700000000000003        14.925000190734863        95.023731218877487     
   37.049999999999997        14.949999809265137        95.028173009940900     
   37.350000000000001        14.975000381469727        95.002048053195210     
   37.700000000000003        15.000000000000000        95.011440079528981     
   38.049999999999997        15.024999618530273        95.023393166751120     
   38.350000000000001        15.050000190734863        95.004455676340839     
   38.700000000000003        15.074999809265137        95.021454012507036     
   39.000000000000000        15.100000381469727        95.007338847642671     
   39.350000000000001        15.125000000000000        95.029440896518778     
   39.649999999999999        15.149999618530273        95.020210026293682     
   39.950000000000003        15.175000190734863        95.013363273594379     
   40.250000000000000        15.199999809265137        95.008928376841993     
   40.549999999999997        15.225000381469727        95.006900620650143     
   40.850000000000001        15.250000000000000        95.007306746533374     
   41.149999999999999        15.274999618530273        95.010149306586385     
   41.450000000000003        15.300000190734863        95.015430725435792     
   41.750000000000000        15.324999809265137        95.023176233571817     
   42.049999999999997        15.350000381469727        95.033379851607251     
   42.299999999999997        15.375000000000000        95.010904085532133     
   42.600000000000001        15.399999618530273        95.025938754424587     
   42.850000000000001        15.425000190734863        95.008024060166306     
   43.149999999999999        15.449999809265137        95.027913691586818     
   43.399999999999999        15.475000381469727        95.014596392916729     
   43.649999999999999        15.500000000000000        95.003526147860867     
   43.950000000000003        15.524999618530273        95.030683106478818     
   44.200000000000003        15.550000190734863        95.024241003443194     
   44.450000000000003        15.574999809265137        95.020063001481049     
   44.700000000000003        15.600000381469727        95.018140050826901     
   44.950000000000003        15.625000000000000        95.018490936452778     
   45.200000000000003        15.649999618530273        95.021113114442045     
   45.450000000000003        15.675000190734863        95.026003987972871     
   45.700000000000003        15.699999809265137        95.033181100224780     
   45.899999999999999        15.725000381469727        95.005543425546648     
   46.149999999999999        15.750000000000000        95.017150802827018     
   46.399999999999999        15.774999618530273        95.031047486649911     
   46.600000000000001        15.800000190734863        95.009719628293539     
   46.850000000000001        15.824999809265137        95.028063860885808     
   47.049999999999997        15.850000381469727        95.010908593393964     
   47.299999999999997        15.875000000000000        95.033709239236913     
   47.500000000000000        15.899999618530273        95.020740932129016     
   47.700000000000003        15.925000190734863        95.009788952261445     
   47.899999999999999        15.949999809265137        95.000867226143086     
   48.149999999999999        15.975000381469727        95.032454291913993     
   48.350000000000001        16.000000000000000        95.027723871019091     
   48.549999999999997        16.024999618530273        95.025020287658705     
   48.750000000000000        16.049999237060547        95.024344115229425     
   48.950000000000003        16.075000762939453        95.025683976157680     
   49.149999999999999        16.100000381469727        95.029063597352021     
   49.350000000000001        16.125000000000000        95.034471058463012     
   49.500000000000000        16.149999618530273        95.002443194517909     
   49.700000000000003        16.174999237060547        95.011767396307349     
   49.899999999999999        16.200000762939453        95.023107092365507     
   50.100000000000001        16.225000381469727        95.036483849302329     
   50.250000000000000        16.250000000000000        95.011871667842669     
   50.450000000000003        16.274999618530273        95.029159992427680     
   50.600000000000001        16.299999237060547        95.008183240560527     
   50.799999999999997        16.325000762939453        95.029367970213869     
   50.950000000000003        16.350000381469727        95.012023230686125     
   51.149999999999999        16.375000000000000        95.037119737191929     
   51.299999999999997        16.399999618530273        95.023402015752580     
   51.450000000000003        16.424999237060547        95.011428118901449     
   51.600000000000001        16.450000762939453        95.001186727690708     
   51.799999999999997        16.475000381469727        95.033928795486361     
   51.950000000000003        16.500000000000000        95.027311864710214     
   52.100000000000001        16.524999618530273        95.022432489604569     
   52.250000000000000        16.549999237060547        95.019288865420961     
   52.399999999999999        16.575000762939453        95.017869439828075     
   52.549999999999997        16.600000381469727        95.018191414484420     
   52.700000000000003        16.625000000000000        95.020242839860828     
   52.850000000000001        16.649999618530273        95.024021321152063     
   53.000000000000000        16.674999237060547        95.029524316546897     
   53.149999999999999        16.700000762939453        95.036740047862665     
   53.250000000000000        16.725000381469727        95.003148519292196     
   53.399999999999999        16.750000000000000        95.013681805233091     
   53.549999999999997        16.774999618530273        95.025928703321554     
   53.700000000000003        16.799999237060547        95.039885954651496     
   53.799999999999997        16.825000762939453        95.012502996799626     
   53.950000000000003        16.850000381469727        95.029747073988347     
   54.049999999999997        16.875000000000000        95.005405638200870     
   54.200000000000003        16.899999618530273        95.025924834541769     
   54.299999999999997        16.924999237060547        95.004607335854644     
   54.450000000000003        16.950000762939453        95.028380937198179     
   54.549999999999997        16.975000381469727        95.010077677752776     
   54.700000000000003        17.000000000000000        95.037108415522482     
   54.799999999999997        17.024999618530273        95.021808619829002     
   54.899999999999999        17.049999237060547        95.007947359321918     
   55.049999999999997        17.075000762939453        95.039758158293651     
   55.149999999999999        17.100000381469727        95.028883664717242     
   55.250000000000000        17.125000000000000        95.019440192200761     
   55.350000000000001        17.149999618530273        95.011425347602980     
   55.450000000000003        17.174999237060547        95.004836644246396     
   55.600000000000001        17.200000762939453        95.044477454855553     
   55.700000000000003        17.225000381469727        95.040844554871910     
   55.799999999999997        17.250000000000000        95.038628794215569     
   55.899999999999999        17.274999618530273        95.037827303693291     
   56.000000000000000        17.299999237060547        95.038437121640754     
   56.100000000000001        17.325000762939453        95.040448480412905     
   56.200000000000003        17.350000381469727        95.043871752526258     
   56.250000000000000        17.375000000000000        95.003125892936396     
   56.350000000000001        17.399999618530273        95.009245399261886     
   56.450000000000003        17.424999237060547        95.016761078272367     
   56.549999999999997        17.450000762939453        95.025663160248357     
   56.649999999999999        17.475000381469727        95.035960680093055     
   56.700000000000003        17.500000000000000        95.001561709187882     
   56.799999999999997        17.524999618530273        95.014527429277990     
   56.899999999999999        17.549999237060547        95.028872008621136     
   57.000000000000000        17.575000762939453        95.044585680795208     
   57.049999999999997        17.600000381469727        95.015205056444671     
   57.149999999999999        17.625000000000000        95.033567923895873     
   57.200000000000003        17.649999618530273        95.006635266185611     
   57.299999999999997        17.674999237060547        95.027629135518410     
   57.350000000000001        17.700000762939453        95.003131052295245     
   57.450000000000003        17.725000381469727        95.026743133877218     
   57.500000000000000        17.750000000000000        95.004681973233545     
   57.600000000000001        17.774999618530273        95.030898702286038     
   57.649999999999999        17.799999237060547        95.011259920881855     
   57.750000000000000        17.825000762939453        95.040062264663874     
   57.799999999999997        17.850000381469727        95.022836351698857     
   57.850000000000001        17.875000000000000        95.006771544580218     
   57.950000000000003        17.899999618530273        95.039396430510251     
   58.000000000000000        17.924999237060547        95.025730259757964     
   58.049999999999997        17.950000762939453        95.013215129204809     
   58.100000000000001        17.975000381469727        95.001858677173530     
   58.200000000000003        18.000000000000000        95.039499195680847     
   58.250000000000000        18.024999618530273        95.030521589055795     
   58.299999999999997        18.049999237060547        95.022691808760214     
   58.350000000000001        18.075000762939453        95.016003954368955     
   58.399999999999999        18.100000381469727        95.010464553417250     
   58.450000000000003        18.125000000000000        95.006067514843423     
   58.500000000000000        18.149999618530273        95.002810908720861     
   58.549999999999997        18.174999237060547        95.000692751041086     
   58.649999999999999        18.200000762939453        95.048120532975986     
   58.700000000000003        18.225000381469727        95.048338495573745     
   58.700000000000003        18.250000000000000        95.001144758154410     
   58.750000000000000        18.274999618530273        95.003559559315661     
   58.799999999999997        18.299999237060547        95.007102083144403     
   58.850000000000001        18.325000762939453        95.011766706002845     
   58.899999999999999        18.350000381469727        95.017557788303108     
   58.950000000000003        18.375000000000000        95.024469519719517     
   59.000000000000000        18.399999618530273        95.032499437293438     
   59.049999999999997        18.424999237060547        95.041645025868704     
   59.049999999999997        18.450000762939453        95.002893908933473     
   59.100000000000001        18.475000381469727        95.014211199103201     
   59.149999999999999        18.500000000000000        95.026637661849946     
   59.200000000000003        18.524999618530273        95.040170579735403     
   59.200000000000003        18.549999237060547        95.005600459429246     
   59.250000000000000        18.575000762939453        95.021288907458199     
   59.299999999999997        18.600000381469727        95.038079325634797     
   59.299999999999997        18.625000000000000        95.006623978395226     
   59.350000000000001        18.649999618530273        95.025561972483942     
   59.399999999999999        18.674999237060547        95.045591823093801     
   59.399999999999999        18.700000762939453        95.017243095931917     
   59.450000000000003        18.725000381469727        95.039409305050256     
   59.450000000000003        18.750000000000000        95.013119105572159     
   59.500000000000000        18.774999618530273        95.037414539730847     
   59.500000000000000        18.799999237060547        95.013179040019580     
   59.549999999999997        18.825000762939453        95.039594562588263     
   59.549999999999997        18.850000381469727        95.017411883506668     
   59.600000000000001        18.875000000000000        95.045943280094207     
   59.600000000000001        18.899999618530273        95.025811059705546     
   59.600000000000001        18.924999237060547        95.006689616639619     
   59.649999999999999        18.950000762939453        95.038362701098464     
   59.649999999999999        18.975000381469727        95.021289174578186     
   59.649999999999999        19.000000000000000        95.005227068966605     
   59.700000000000003        19.024999618530273        95.040029473728168     
   59.700000000000003        19.049999237060547        95.026011865840331     
   59.700000000000003        19.075000762939453        95.013005015804751     
   59.700000000000003        19.100000381469727        95.001011404127354     
   59.750000000000000        19.125000000000000        95.039953765205340     
   59.750000000000000        19.149999618530273        95.030000031846114     
   59.750000000000000        19.174999237060547        95.021058327625028     
   59.750000000000000        19.200000762939453        95.013128427329264     
   59.750000000000000        19.225000381469727        95.006211843505611     
   59.750000000000000        19.250000000000000        95.000308196582594     
   59.799999999999997        19.274999618530273        95.045404246543072     
   59.799999999999997        19.299999237060547        95.041532617528617     
   59.799999999999997        19.325000762939453        95.038672866801249     
   59.799999999999997        19.350000381469727        95.036825539820683     
   59.799999999999997        19.375000000000000        95.035990450306969     
   59.799999999999997        19.399999618530273        95.036167630130279     
   59.799999999999997        19.424999237060547        95.037357072528692     
   59.799999999999997        19.450000762939453        95.039558938699699     
   59.799999999999997        19.475000381469727        95.042772808661397     
   59.799999999999997        19.500000000000000        95.046998689147387     
   59.750000000000000        19.524999618530273        95.002259601131101     
   59.750000000000000        19.549999237060547        95.008517867801288     
   59.750000000000000        19.575000762939453        95.015789576724075     
   59.750000000000000        19.600000381469727        95.024073340846570     
   59.750000000000000        19.625000000000000        95.033369360198307     
   59.750000000000000        19.649999618530273        95.043677280176695     
   59.700000000000003        19.674999237060547        95.005094750858447     
   59.700000000000003        19.700000762939453        95.017443734039816     
   59.700000000000003        19.725000381469727        95.030803851946516     
   59.700000000000003        19.750000000000000        95.045175498723765     
   59.649999999999999        19.774999618530273        95.010734726297400     
   59.649999999999999        19.799999237060547        95.027150964932886     
   59.649999999999999        19.825000762939453        95.044579769365114     
   59.600000000000001        19.850000381469727        95.013268301981213     
   59.600000000000001        19.875000000000000        95.032743665956318     
   59.549999999999997        19.899999618530273        95.003536370932224     
   59.549999999999997        19.924999237060547        95.025062301619300     
   59.549999999999997        19.950000762939453        95.047600323928123     
   59.500000000000000        19.975000381469727        95.021548114972006     
   59.500000000000000        20.000000000000000        95.046137072371849     
   59.450000000000003        20.024999618530273        95.022207513324858     
   59.450000000000003        20.049999237060547        95.048850987066189     
   59.399999999999999        20.075000762939453        95.027053575262997     
   59.350000000000001        20.100000381469727        95.006341773210551     
   59.350000000000001        20.125000000000000        95.036090720034863     
   59.299999999999997        20.149999618530273        95.017520659524891     
   59.250000000000000        20.174999237060547        95.000046028067885     
   59.250000000000000        20.200000762939453        95.032909503105671     
   59.200000000000003        20.225000381469727        95.017587618827335     
   59.149999999999999        20.250000000000000        95.003368484013265     
   59.149999999999999        20.274999618530273        95.039346899011633     
   59.100000000000001        20.299999237060547        95.027290528015030     
   59.049999999999997        20.325000762939453        95.016346738711704     
   59.000000000000000        20.350000381469727        95.006512371947423     
   59.000000000000000        20.375000000000000        95.046672272159867     
   58.950000000000003        20.399999618530273        95.039013731510877     
   58.899999999999999        20.424999237060547        95.032473776400863     
   58.850000000000001        20.450000762939453        95.027058198493648     
   58.799999999999997        20.475000381469727        95.022762781956416     
   58.750000000000000        20.500000000000000        95.019593132198807     
   58.700000000000003        20.524999618530273        95.017551537445755     
   58.649999999999999        20.549999237060547        95.016640232838228     
   58.600000000000001        20.575000762939453        95.016865152304959     
   58.549999999999997        20.600000381469727        95.018221001660152     
   58.500000000000000        20.625000000000000        95.020713526277177     
   58.450000000000003        20.649999618530273        95.024344747139651     
   58.399999999999999        20.674999237060547        95.029116631280658     
   58.350000000000001        20.700000762939453        95.035035251873012     
   58.299999999999997        20.725000381469727        95.042094228915374     
   58.200000000000003        20.750000000000000        95.002405760513014     
   58.149999999999999        20.774999618530273        95.011835007127900     
   58.100000000000001        20.799999237060547        95.022415196969419     
   58.049999999999997        20.825000762939453        95.034152539986209     
   58.000000000000000        20.850000381469727        95.047039546644839     
   57.899999999999999        20.875000000000000        95.013580912682173     
   57.850000000000001        20.899999618530273        95.028863012370039     
   57.799999999999997        20.924999237060547        95.045304904581442     
   57.700000000000003        20.950000762939453        95.015661659718802     
   57.649999999999999        20.975000381469727        95.034513128650062     
   57.549999999999997        21.000000000000000        95.007450796598576     
   57.500000000000000        21.024999618530273        95.028721525311283     
   57.399999999999999        21.049999237060547        95.004259275100594     
   57.350000000000001        21.075000762939453        95.027963924206531     
   57.250000000000000        21.100000381469727        95.006115514094333     
   57.200000000000003        21.125000000000000        95.032252021846276     
   57.100000000000001        21.149999618530273        95.013030436559575     
   57.049999999999997        21.174999237060547        95.041612314220615     
   56.950000000000003        21.200000762939453        95.025035887208389     
   56.850000000000001        21.225000381469727        95.009826332661433     
   56.799999999999997        21.250000000000000        95.042139826035793     
   56.700000000000003        21.274999618530273        95.029588255646175     
   56.600000000000001        21.299999237060547        95.018419965808732     
   56.500000000000000        21.325000762939453        95.008644996700085     
   56.399999999999999        21.350000381469727        95.000254482287900     
   56.350000000000001        21.375000000000000        95.038897215379919     
   56.250000000000000        21.399999618530273        95.033194075618923     
   56.149999999999999        21.424999237060547        95.028890964959999     
   56.049999999999997        21.450000762939453        95.025997925584463     
   55.950000000000003        21.475000381469727        95.024504754949987     
   55.850000000000001        21.500000000000000        95.024421220956441     
   55.750000000000000        21.524999618530273        95.025750342266633     
   55.649999999999999        21.549999237060547        95.028495045195513     
   55.549999999999997        21.575000762939453        95.032665367324256     
   55.450000000000003        21.600000381469727        95.038249733224291     
   55.299999999999997        21.625000000000000        95.000709827056070     
   55.200000000000003        21.649999618530273        95.009258829645162     
   55.100000000000001        21.674999237060547        95.019237589476319     
   55.000000000000000        21.700000762939453        95.030656133832679     
   54.899999999999999        21.725000381469727        95.043501477513701     
   54.750000000000000        21.750000000000000        95.013816055398451     
   54.649999999999999        21.774999618530273        95.029655601015776     
   54.500000000000000        21.799999237060547        95.003207359321465     
   54.399999999999999        21.825000762939453        95.022060666631759     
   54.299999999999997        21.850000381469727        95.042351922671884     
   54.149999999999999        21.875000000000000        95.020725497471531     
   54.000000000000000        21.899999618530273        95.000793938603763     
   53.899999999999999        21.924999237060547        95.025681089525790     
   53.750000000000000        21.950000762939453        95.009035585826794     
   53.649999999999999        21.975000381469727        95.036957320999988     
   53.500000000000000        22.000000000000000        95.023592127097217     
   53.350000000000001        22.024999618530273        95.011938406736988     
   53.200000000000003        22.049999237060547        95.001999368605780     
   53.100000000000001        22.075000762939453        95.036150486982706     
   52.950000000000003        22.100000381469727        95.029521659398696     
   52.799999999999997        22.125000000000000        95.024615580868186     
   52.649999999999999        22.149999618530273        95.021434889305965     
   52.500000000000000        22.174999237060547        95.019982075796136     
   52.350000000000001        22.200000762939453        95.020269119402926     
   52.200000000000003        22.225000381469727        95.022279048823179     
   52.049999999999997        22.250000000000000        95.026023446186656     
   51.899999999999999        22.274999618530273        95.031504213016618     
   51.750000000000000        22.299999237060547        95.038723103048483     
   51.549999999999997        22.325000762939453        95.006640681837183     
   51.399999999999999        22.350000381469727        95.017475086381594     
   51.250000000000000        22.375000000000000        95.030052526776188     
   51.049999999999997        22.399999618530273        95.003726748602858     
   50.899999999999999        22.424999237060547        95.019929599668757     
   50.750000000000000        22.450000762939453        95.037889653042996     
   50.549999999999997        22.475000381469727        95.017347194607908     
   50.399999999999999        22.500000000000000        95.038929091845745     
   50.200000000000003        22.524999618530273        95.022294389640436     
   50.000000000000000        22.549999237060547        95.007683708864974     
   49.850000000000001        22.575000762939453        95.034800544956553     
   49.649999999999999        22.600000381469727        95.024103948887728     
   49.450000000000003        22.625000000000000        95.015434164685161     
   49.250000000000000        22.649999618530273        95.008791823898690     
   49.049999999999997        22.674999237060547        95.004177342975467     
   48.850000000000001        22.700000762939453        95.001602704869100     
   48.649999999999999        22.725000381469727        95.001044444270462     
   48.450000000000003        22.750000000000000        95.002514001136547     
   48.250000000000000        22.774999618530273        95.006010930730810     
   48.049999999999997        22.799999237060547        95.011534573093144     
   47.850000000000001        22.825000762939453        95.019096395073120     
   47.649999999999999        22.850000381469727        95.028670734548811     
   47.399999999999999        22.875000000000000        95.002247490866324     
   47.200000000000003        22.899999618530273        95.016007687149852     
   47.000000000000000        22.924999237060547        95.031788189545466     
   46.750000000000000        22.950000762939453        95.011999047553118     
   46.549999999999997        22.975000381469727        95.031954915382116     
   46.299999999999997        23.000000000000000        95.016603568462543     
   46.049999999999997        23.024999618530273        95.003543344411185     
   45.850000000000001        23.049999237060547        95.029814248758768     
   45.600000000000001        23.075000762939453        95.021201890426156     
   45.350000000000001        23.100000381469727        95.014857894466999     
   45.100000000000001        23.125000000000000        95.010791931700311     
   44.850000000000001        23.149999618530273        95.008999993223625     
   44.600000000000001        23.174999237060547        95.009477776198281     
   44.350000000000001        23.200000762939453        95.012234792808087     
   44.100000000000001        23.225000381469727        95.017238056437890     
   43.850000000000001        23.250000000000000        95.024496374335484     
   43.600000000000001        23.274999618530273        95.034004273565714     
   43.299999999999997        23.299999237060547        95.010097836120423     
   43.049999999999997        23.325000762939453        95.024239386506380     
   42.750000000000000        23.350000381469727        95.005211820584478     
   42.500000000000000        23.375000000000000        95.023931096468758     
   42.200000000000003        23.399999618530273        95.009753063377104     
   41.950000000000003        23.424999237060547        95.033035460103534     
   41.649999999999999        23.450000762939453        95.023690308050405     
   41.350000000000001        23.475000381469727        95.016792449835265     
   41.049999999999997        23.500000000000000        95.012347587388277     
   40.750000000000000        23.524999618530273        95.010345837940079     
   40.450000000000003        23.549999237060547        95.010776939554077     
   40.149999999999999        23.575000762939453        95.013646211276978     
   39.850000000000001        23.600000381469727        95.018910843348237     
   39.549999999999997        23.625000000000000        95.026575279418225     
   39.200000000000003        23.649999618530273        95.002831264712739     
   38.899999999999999        23.674999237060547        95.015388235892402     
   38.600000000000001        23.700000762939453        95.030324500578317     
   38.250000000000000        23.725000381469727        95.014179176586723     
   37.899999999999999        23.750000000000000        95.000621100180055     
   37.600000000000001        23.774999618530273        95.022801462224123     
   37.250000000000000        23.799999237060547        95.014246787195006     
   36.899999999999999        23.825000762939453        95.008248050508428     
   36.549999999999997        23.850000381469727        95.004753566962435     
   36.200000000000003        23.875000000000000        95.003762590137171     
   35.850000000000001        23.899999618530273        95.005256819314880     
   35.500000000000000        23.924999237060547        95.009217494198268     
   35.149999999999999        23.950000762939453        95.015643244274699     
   34.799999999999997        23.975000381469727        95.024478829387220     
   34.399999999999999        24.000000000000000        95.003625117986005     
