  -24.100000000000001        0.0000000000000000        60.019784961861561     
  -24.750000000000000        2.5000000372529030E-002   60.016042789221011     
  -25.399999999999999        5.0000000745058060E-002   60.014137864914836     
  -26.050000000000001        7.5000002980232239E-002   60.013968787804842     
  -26.699999999999999       0.10000000149011612        60.015433951382434     
  -27.350000000000001       0.12500000000000000        60.018431804534984     
  -28.050000000000001       0.15000000596046448        60.000488766667615     
  -28.699999999999999       0.17499999701976776        60.006436684771131     
  -29.350000000000001       0.20000000298023224        60.013609891025901     
  -30.050000000000001       0.22499999403953552        60.000114416727897     
  -30.699999999999999       0.25000000000000000        60.009614638434073     
  -31.350000000000001       0.27500000596046448        60.020033784367378     
  -32.049999999999997       0.30000001192092896        60.010031446272052     
  -32.750000000000000       0.32499998807907104        60.001109976099301     
  -33.399999999999999       0.34999999403953552        60.014020635403490     
  -34.100000000000001       0.37500000000000000        60.006749922307890     
  -34.799999999999997       0.40000000596046448        60.000238067727601     
  -35.450000000000003       0.42500001192092896        60.014710267048869     
  -36.149999999999999       0.44999998807907104        60.009217656638320     
  -36.850000000000001       0.47499999403953552        60.004166849830874     
  -37.500000000000000       0.50000000000000000        60.019285913314548     
  -38.200000000000003       0.52499997615814209        60.014634991930428     
  -38.899999999999999       0.55000001192092896        60.010115214388748     
  -39.600000000000001       0.57499998807907104        60.005622272201478     
  -40.299999999999997       0.60000002384185791        60.001055333196163     
  -40.950000000000003       0.62500000000000000        60.015362593052856     
  -41.649999999999999       0.64999997615814209        60.010191600893329     
  -42.350000000000001       0.67500001192092896        60.004649246772615     
  -43.000000000000000       0.69999998807907104        60.017262433919406     
  -43.700000000000003       0.72500002384185791        60.010540549518879     
  -44.399999999999999       0.75000000000000000        60.003158463462505     
  -45.049999999999997       0.77499997615814209        60.013251070678344     
  -45.750000000000000       0.80000001192092896        60.004134265959379     
  -46.399999999999999       0.82499998807907104        60.012066326938189     
  -47.100000000000001       0.85000002384185791        60.000857817482299     
  -47.750000000000000       0.87500000000000000        60.006289617573444     
  -48.399999999999999       0.89999997615814209        60.010296866593890     
  -49.049999999999997       0.92500001192092896        60.012801845940452     
  -49.700000000000003       0.94999998807907104        60.013726462555567     
  -50.350000000000001       0.97500002384185791        60.012996115957570     
  -51.000000000000000        1.0000000000000000        60.010535356196414     
  -51.649999999999999        1.0249999761581421        60.006271688078307     
  -52.299999999999997        1.0499999523162842        60.000133428411679     
  -52.899999999999999        1.0750000476837158        60.009100674926898     
  -53.500000000000000        1.1000000238418579        60.015916867353006     
  -54.149999999999999        1.1250000000000000        60.003584904926157     
  -54.750000000000000        1.1499999761581421        60.005973807875570     
  -55.350000000000001        1.1749999523162842        60.006033442546382     
  -55.950000000000003        1.2000000476837158        60.003708285946907     
  -56.500000000000000        1.2250000238418579        60.015684951646620     
  -57.100000000000001        1.2500000000000000        60.008380018687049     
  -57.649999999999999        1.2749999761581421        60.015212049571957     
  -58.250000000000000        1.2999999523162842        60.002725858917358     
  -58.799999999999997        1.3250000476837158        60.004224958251399     
  -59.350000000000001        1.3500000238418579        60.002982073501997     
  -59.850000000000001        1.3750000000000000        60.015586027176376     
  -60.399999999999999        1.3999999761581421        60.008727915377037     
  -60.899999999999999        1.4249999523162842        60.015645565865462     
  -61.450000000000003        1.4500000476837158        60.003021012083281     
  -61.950000000000003        1.4750000238418579        60.004111606122301     
  -62.450000000000003        1.5000000000000000        60.002248885760586     
  -62.899999999999999        1.5249999761581421        60.014121612046537     
  -63.399999999999999        1.5499999523162842        60.006285529439523     
  -63.850000000000001        1.5750000476837158        60.012201471234157     
  -64.299999999999997        1.6000000238418579        60.015124821379928     
  -64.750000000000000        1.6250000000000000        60.015033382652341     
  -65.200000000000003        1.6499999761581421        60.011904872479946     
  -65.650000000000006        1.6749999523162842        60.005717676297301     
  -66.049999999999997        1.7000000476837158        60.013531000860304     
  -66.500000000000000        1.7250000238418579        60.001221199738502     
  -66.900000000000006        1.7500000000000000        60.003009987388246     
  -67.299999999999997        1.7749999761581421        60.001802545238043     
  -67.650000000000006        1.7999999523162842        60.014987431803178     
  -68.049999999999997        1.8250000476837158        60.007828006966598     
  -68.400000000000006        1.8500000238418579        60.015224071098132     
  -68.799999999999997        1.8750000000000000        60.002060328029863     
  -69.150000000000006        1.8999999761581421        60.003622474594295     
  -69.500000000000000        1.9249999523162842        60.002306755420612     
  -69.799999999999997        1.9500000476837158        60.016136532335359     
  -70.150000000000006        1.9750000238418579        60.009149770413337     
  -70.450000000000003        2.0000000000000000        60.017537658443970     
  -70.799999999999997        2.0250000953674316        60.004850244462844     
  -71.099999999999994        2.0499999523162842        60.007770615549035     
  -71.400000000000006        2.0750000476837158        60.008017964945005     
  -71.700000000000003        2.0999999046325684        60.005585335636525     
  -72.000000000000000        2.1250000000000000        60.000470273878285     
  -72.250000000000000        2.1500000953674316        60.011765874734124     
  -72.549999999999997        2.1749999523162842        60.001409252599899     
  -72.799999999999997        2.2000000476837158        60.007757089912445     
  -73.049999999999997        2.2249999046325684        60.011707038719429     
  -73.299999999999997        2.2500000000000000        60.013259278775166     
  -73.549999999999997        2.2750000953674316        60.012411275147457     
  -73.799999999999997        2.2999999523162842        60.009160747433960     
  -74.049999999999997        2.3250000476837158        60.003508366001697     
  -74.250000000000000        2.3499999046325684        60.015845523923389     
  -74.500000000000000        2.3750000000000000        60.005548587543217     
  -74.700000000000003        2.4000000953674316        60.013589722631117     
  -74.900000000000006        2.4249999523162842        60.019574279419835     
  -75.150000000000006        2.4500000476837158        60.002391173657287     
  -75.349999999999994        2.4749999046325684        60.004080533777262     
  -75.549999999999997        2.5000000000000000        60.003716817006001     
  -75.750000000000000        2.5250000953674316        60.001300140343716     
  -75.900000000000006        2.5499999523162842        60.018686852079533     
  -76.099999999999994        2.5750000476837158        60.012353671690320     
  -76.299999999999997        2.5999999046325684        60.003970555337808     
  -76.450000000000003        2.6250000000000000        60.015975008841352     
  -76.650000000000006        2.6500000953674316        60.003685135533161     
  -76.799999999999997        2.6749999523162842        60.012177253120477     
  -76.950000000000003        2.7000000476837158        60.019020186133446     
  -77.150000000000006        2.7249999046325684        60.000975392487668     
  -77.299999999999997        2.7500000000000000        60.004318557214376     
  -77.450000000000003        2.7750000953674316        60.006018072058545     
  -77.599999999999994        2.7999999523162842        60.006075513783799     
  -77.750000000000000        2.8250000476837158        60.004494593675318     
  -77.900000000000006        2.8499999046325684        60.001276423000135     
  -78.000000000000000        2.8750000000000000        60.020896841590989     
  -78.150000000000006        2.9000000953674316        60.014618795019878     
  -78.299999999999997        2.9249999523162842        60.006711286663162     
  -78.400000000000006        2.9500000476837158        60.022283333335338     
  -78.549999999999997        2.9749999046325684        60.011331009914826     
  -78.650000000000006        3.0000000000000000        60.024290786281746     
  -78.799999999999997        3.0250000953674316        60.010305434370665     
  -78.900000000000006        3.0499999523162842        60.020662586657281     
  -79.049999999999997        3.0750000476837158        60.003655489278906     
  -79.150000000000006        3.0999999046325684        60.011421510972639     
  -79.250000000000000        3.1250000000000000        60.018007069876127     
  -79.349999999999994        3.1500000953674316        60.023414093626862     
  -79.500000000000000        3.1749999523162842        60.000603191515467     
  -79.599999999999994        3.2000000476837158        60.003441884584689     
  -79.700000000000003        3.2249999046325684        60.005109947864739     
  -79.799999999999997        3.2500000000000000        60.005611245930446     
  -79.900000000000006        3.2750000953674316        60.004948095404806     
  -80.000000000000000        3.2999999523162842        60.003122909634676     
  -80.099999999999994        3.3250000476837158        60.000139718262794     
  -80.150000000000006        3.3499999046325684        60.024564451370381     
  -80.250000000000000        3.3750000000000000        60.019488816406280     
  -80.349999999999994        3.4000000953674316        60.013263494030966     
  -80.450000000000003        3.4249999523162842        60.005891267115288     
  -80.500000000000000        3.4500000476837158        60.026814729217747     
  -80.599999999999994        3.4749999046325684        60.017372662072020     
  -80.700000000000003        3.5000000000000000        60.006794262902943     
  -80.750000000000000        3.5250000953674316        60.025173913869224     
  -80.849999999999994        3.5499999523162842        60.012543105001996     
  -80.900000000000006        3.5750000476837158        60.029314629789965     
  -81.000000000000000        3.5999999046325684        60.014643962621960     
  -81.049999999999997        3.6250000000000000        60.029816676323236     
  -81.150000000000006        3.6500000953674316        60.013119123023458     
  -81.200000000000003        3.6749999523162842        60.026702309443657     
  -81.299999999999997        3.7000000476837158        60.007990431830891     
  -81.349999999999994        3.7249999046325684        60.019994644671755     
  -81.400000000000006        3.7500000000000000        60.031323780280793     
  -81.500000000000000        3.7750000953674316        60.009718060676711     
  -81.549999999999997        3.7999999523162842        60.019482845215244     
  -81.599999999999994        3.8250000476837158        60.028578913667381     
  -81.700000000000003        3.8499999046325684        60.004108512893048     
  -81.750000000000000        3.8750000000000000        60.011656520093638     
  -81.799999999999997        3.9000000953674316        60.018542172602615     
  -81.849999999999994        3.9249999523162842        60.024767104109849     
  -81.900000000000006        3.9500000476837158        60.030334118598361     
  -82.000000000000000        3.9749999046325684        60.001291572043684     
  -82.049999999999997        4.0000000000000000        60.005337628224233     
  -82.099999999999994        4.0250000953674316        60.008732782713729     
  -82.150000000000006        4.0500001907348633        60.011479242012527     
  -82.200000000000003        4.0749998092651367        60.013578552943677     
  -82.250000000000000        4.0999999046325684        60.015034400253676     
  -82.299999999999997        4.1250000000000000        60.015848397556297     
  -82.349999999999994        4.1500000953674316        60.016022901627480     
  -82.400000000000006        4.1750001907348633        60.015560306662628     
  -82.450000000000003        4.1999998092651367        60.014462388251602     
  -82.500000000000000        4.2249999046325684        60.012732935361626     
  -82.549999999999997        4.2500000000000000        60.010373789880234     
  -82.599999999999994        4.2750000953674316        60.007387495042387     
  -82.650000000000006        4.3000001907348633        60.003776631177047     
  -82.650000000000006        4.3249998092651367        60.036349299033269     
  -82.700000000000003        4.3499999046325684        60.031692795216294     
  -82.750000000000000        4.3750000000000000        60.026418551456921     
  -82.799999999999997        4.4000000953674316        60.020529288019652     
  -82.849999999999994        4.4250001907348633        60.014027761903264     
  -82.900000000000006        4.4499998092651367        60.006916187633514     
  -82.900000000000006        4.4749999046325684        60.037171767705345     
  -82.950000000000003        4.5000000000000000        60.029038911011014     
  -83.000000000000000        4.5250000953674316        60.020304005577444     
  -83.049999999999997        4.5500001907348633        60.010969983180033     
  -83.099999999999994        4.5749998092651367        60.001039268301319     
  -83.099999999999994        4.5999999046325684        60.029429933767076     
  -83.150000000000006        4.6250000000000000        60.018498946761859     
  -83.200000000000003        4.6500000953674316        60.006979713490686     
  -83.200000000000003        4.6750001907348633        60.034342428467014     
  -83.250000000000000        4.6999998092651367        60.021834150183828     
  -83.299999999999997        4.7249999046325684        60.008746325441670     
  -83.299999999999997        4.7500000000000000        60.035089893037188     
  -83.349999999999994        4.7750000953674316        60.021026311443038     
  -83.400000000000006        4.8000001907348633        60.006391118496445     
  -83.400000000000006        4.8249998092651367        60.031724415563509     
  -83.450000000000003        4.8499999046325684        60.016126730204640     
  -83.450000000000003        4.8750000000000000        60.040852060106737     
  -83.500000000000000        4.9000000953674316        60.024300073114887     
  -83.549999999999997        4.9250001907348633        60.007190737001501     
  -83.549999999999997        4.9499998092651367        60.030921180467274     
  -83.599999999999994        4.9749999046325684        60.012871583511846     
  -83.599999999999994        5.0000000000000000        60.036002259971987     
  -83.650000000000006        5.0250000953674316        60.017021082351384     
  -83.650000000000006        5.0500001907348633        60.039554468288294     
  -83.700000000000003        5.0749998092651367        60.019650164662366     
  -83.700000000000003        5.0999999046325684        60.041589329007891     
  -83.750000000000000        5.1250000000000000        60.020771808862328     
  -83.750000000000000        5.1500000953674316        60.042119945024780     
  -83.799999999999997        5.1750001907348633        60.020398026627213     
  -83.799999999999997        5.1999998092651367        60.041158069765139     
  -83.849999999999994        5.2249999046325684        60.018541189427324     
  -83.849999999999994        5.2500000000000000        60.038717391080475     
  -83.900000000000006        5.2750000953674316        60.015215152669292     
  -83.900000000000006        5.3000001907348633        60.034810703837110     
  -83.950000000000003        5.3249998092651367        60.010432533778953     
  -83.950000000000003        5.3499999046325684        60.029451155837556     
  -84.000000000000000        5.3750000000000000        60.004207760441979     
  -84.000000000000000        5.4000000953674316        60.022653293773260     
  -84.000000000000000        5.4250001907348633        60.040885408863822     
  -84.049999999999997        5.4499998092651367        60.014430524409654     
  -84.049999999999997        5.4749999046325684        60.032093917394945     
  -84.099999999999994        5.5000000000000000        60.004797954097590     
  -84.099999999999994        5.5250000953674316        60.021896766845700     
  -84.099999999999994        5.5500001907348633        60.038782375295710     
  -84.150000000000006        5.5749998092651367        60.010308136397462     
  -84.150000000000006        5.5999999046325684        60.026633950813554     
  -84.150000000000006        5.6250000000000000        60.042746481005580     
  -84.200000000000003        5.6500000953674316        60.013114252045440     
  -84.200000000000003        5.6750001907348633        60.028672007230064     
  -84.200000000000003        5.6999998092651367        60.044016204843253     
  -84.250000000000000        5.7249999046325684        60.013245806866095     
  -84.250000000000000        5.7500000000000000        60.028040785014191     
  -84.250000000000000        5.7750000953674316        60.042622609708914     
  -84.299999999999997        5.8000001907348633        60.010734645884590     
  -84.299999999999997        5.8249998092651367        60.024772185994991     
  -84.299999999999997        5.8499999046325684        60.038597051030450     
  -84.349999999999994        5.8750000000000000        60.005612604664698     
  -84.349999999999994        5.9000000953674316        60.018899177227482     
  -84.349999999999994        5.9250001907348633        60.031973107554201     
  -84.349999999999994        5.9499998092651367        60.044833677061824     
  -84.400000000000006        5.9749999046325684        60.010455063799647     
  -84.400000000000006        6.0000000000000000        60.022784413050950     
  -84.400000000000006        6.0250000953674316        60.034901067145348     
  -84.400000000000006        6.0500001907348633        60.046804585480288     
  -84.450000000000003        6.0749998092651367        60.011066456427550     
  -84.450000000000003        6.0999999046325684        60.022445708804014     
  -84.450000000000003        6.1250000000000000        60.033612365933514     
  -84.450000000000003        6.1500000953674316        60.044566021646226     
  -84.500000000000000        6.1750001907348633        60.007504650565700     
  -84.500000000000000        6.1999998092651367        60.017941402351639     
  -84.500000000000000        6.2249999046325684        60.028166010721769     
  -84.500000000000000        6.2500000000000000        60.038177902548597     
  -84.500000000000000        6.2750000953674316        60.047976713607490     
  -84.549999999999997        6.3000001907348633        60.009332936399367     
  -84.549999999999997        6.3249998092651367        60.018623922512120     
  -84.549999999999997        6.3499999046325684        60.027702804631986     
  -84.549999999999997        6.3750000000000000        60.036569073090803     
  -84.549999999999997        6.4000000953674316        60.045222405251678     
  -84.599999999999994        6.4250001907348633        60.005051035310025     
  -84.599999999999994        6.4499998092651367        60.013206147952047     
  -84.599999999999994        6.4749999046325684        60.021149417550525     
  -84.599999999999994        6.5000000000000000        60.028880397329232     
  -84.599999999999994        6.5250000953674316        60.036398805853025     
  -84.599999999999994        6.5500001907348633        60.043704369465928     
  -84.650000000000006        6.5749998092651367        60.001786579149567     
  -84.650000000000006        6.5999999046325684        60.008605522821910     
  -84.650000000000006        6.6250000000000000        60.015212718095874     
  -84.650000000000006        6.6500000953674316        60.021607924323909     
  -84.650000000000006        6.6750001907348633        60.027790908609191     
  -84.650000000000006        6.6999998092651367        60.033761333960022     
  -84.650000000000006        6.7249999046325684        60.039519210757980     
  -84.650000000000006        6.7500000000000000        60.045064213485468     
  -84.700000000000003        6.7750000953674316        60.000957916724772     
  -84.700000000000003        6.8000001907348633        60.006031397939900     
  -84.700000000000003        6.8249998092651367        60.010893217756831     
  -84.700000000000003        6.8499999046325684        60.015543384508049     
  -84.700000000000003        6.8750000000000000        60.019981634035595     
  -84.700000000000003        6.9000000953674316        60.024207804667590     
  -84.700000000000003        6.9250001907348633        60.028221742470620     
  -84.700000000000003        6.9499998092651367        60.032023230770889     
  -84.700000000000003        6.9749999046325684        60.035612276142309     
  -84.700000000000003        7.0000000000000000        60.038988673353387     
  -84.700000000000003        7.0250000953674316        60.042152299459218     
  -84.700000000000003        7.0500001907348633        60.045103039269932     
  -84.700000000000003        7.0749998092651367        60.047840735167085     
  -84.750000000000000        7.0999999046325684        60.000487430164867     
  -84.750000000000000        7.1250000000000000        60.002778306746606     
  -84.750000000000000        7.1500000953674316        60.004857814394789     
  -84.750000000000000        7.1750001907348633        60.006725877319859     
  -84.750000000000000        7.1999998092651367        60.008382397862682     
  -84.750000000000000        7.2249999046325684        60.009827378846303     
  -84.750000000000000        7.2500000000000000        60.011060733999123     
  -84.750000000000000        7.2750000953674316        60.012082418376245     
  -84.750000000000000        7.3000001907348633        60.012892394747134     
  -84.750000000000000        7.3249998092651367        60.013490624205424     
  -84.750000000000000        7.3499999046325684        60.013877107773027     
  -84.750000000000000        7.3750000000000000        60.014051817937101     
  -84.750000000000000        7.4000000953674316        60.014014748331419     
  -84.750000000000000        7.4250001907348633        60.013765900306730     
  -84.750000000000000        7.4499998092651367        60.013305293735776     
  -84.750000000000000        7.4749999046325684        60.012632927831589     
  -84.750000000000000        7.5000000000000000        60.011748833860693     
  -84.750000000000000        7.5250000953674316        60.010653044039444     
  -84.750000000000000        7.5500001907348633        60.009345598299070     
  -84.750000000000000        7.5749998092651367        60.007826575276013     
  -84.750000000000000        7.5999999046325684        60.006095972380479     
  -84.750000000000000        7.6250000000000000        60.004153879637521     
  -84.750000000000000        7.6500000953674316        60.002000367826660     
  -84.700000000000003        7.6750001907348633        60.049505818423697     
  -84.700000000000003        7.6999998092651367        60.046906603590728     
  -84.700000000000003        7.7249999046325684        60.044094281824030     
  -84.700000000000003        7.7500000000000000        60.041069003056776     
  -84.700000000000003        7.7750000953674316        60.037830877437173     
  -84.700000000000003        7.8000001907348633        60.034380022870309     
  -84.700000000000003        7.8249998092651367        60.030716636916495     
  -84.700000000000003        7.8499999046325684        60.026840713234328     
  -84.700000000000003        7.8750000000000000        60.022752460828926     
  -84.700000000000003        7.9000000953674316        60.018452028602326     
  -84.700000000000003        7.9250001907348633        60.013939573197462     
  -84.700000000000003        7.9499998092651367        60.009215351122428     
  -84.700000000000003        7.9749999046325684        60.004279354270075     
  -84.650000000000006        8.0000000000000000        60.048553813928166     
  -84.650000000000006        8.0249996185302734        60.043147377072032     
  -84.650000000000006        8.0500001907348633        60.037527723773572     
  -84.650000000000006        8.0749998092651367        60.031695487325017     
  -84.650000000000006        8.1000003814697266        60.025650435092366     
  -84.650000000000006        8.1250000000000000        60.019393248357161     
  -84.650000000000006        8.1499996185302734        60.012923928421060     
  -84.650000000000006        8.1750001907348633        60.006242451970472     
  -84.599999999999994        8.1999998092651367        60.048338186362528     
  -84.599999999999994        8.2250003814697266        60.041170960114471     
  -84.599999999999994        8.2500000000000000        60.033790992740172     
  -84.599999999999994        8.2749996185302734        60.026198283485591     
  -84.599999999999994        8.3000001907348633        60.018392806917433     
  -84.599999999999994        8.3249998092651367        60.010375442682182     
  -84.599999999999994        8.3500003814697266        60.002145871028375     
  -84.549999999999997        8.3750000000000000        60.042217326955956     
  -84.549999999999997        8.3999996185302734        60.033489583238698     
  -84.549999999999997        8.4250001907348633        60.024548678280219     
  -84.549999999999997        8.4499998092651367        60.015395619560010     
  -84.549999999999997        8.4750003814697266        60.006030041911387     
  -84.500000000000000        8.5000000000000000        60.044570649919244     
  -84.500000000000000        8.5249996185302734        60.034697393849171     
  -84.500000000000000        8.5500001907348633        60.024610802923526     
  -84.500000000000000        8.5749998092651367        60.014312013621449     
  -84.500000000000000        8.6000003814697266        60.003800614974395     
  -84.450000000000003        8.6250000000000000        60.040755668401502     
  -84.450000000000003        8.6499996185302734        60.029727612711220     
  -84.450000000000003        8.6750001907348633        60.018486272147790     
  -84.450000000000003        8.6999998092651367        60.007032913237211     
  -84.400000000000006        8.7250003814697266        60.042661499334436     
  -84.400000000000006        8.7500000000000000        60.030683544128770     
  -84.400000000000006        8.7749996185302734        60.018492614639747     
  -84.400000000000006        8.8000001907348633        60.006088676980788     
  -84.349999999999994        8.8249998092651367        60.040355935106419     
  -84.349999999999994        8.8500003814697266        60.027420212701401     
  -84.349999999999994        8.8750000000000000        60.014272035756896     
  -84.349999999999994        8.8999996185302734        60.000911392935897     
  -84.299999999999997        8.9250001907348633        60.033781556995507     
  -84.299999999999997        8.9499998092651367        60.019882354704080     
  -84.299999999999997        8.9750003814697266        60.005769851028326     
  -84.250000000000000        9.0000000000000000        60.037542147865317     
  -84.250000000000000        9.0249996185302734        60.022885924219239     
  -84.250000000000000        9.0500001907348633        60.008016171276736     
  -84.200000000000003        9.0749998092651367        60.038669058223022     
  -84.200000000000003        9.1000003814697266        60.023249550448540     
  -84.200000000000003        9.1250000000000000        60.007617564967546     
  -84.150000000000006        9.1499996185302734        60.037130481275291     
  -84.150000000000006        9.1750001907348633        60.020942911766724     
  -84.150000000000006        9.1999998092651367        60.004542886272063     
  -84.099999999999994        9.2250003814697266        60.032895104074647     
  -84.099999999999994        9.2500000000000000        60.015935109273961     
  -84.049999999999997        9.2749996185302734        60.043459595686997     
  -84.049999999999997        9.3000001907348633        60.025934665587428     
  -84.049999999999997        9.3249998092651367        60.008196964322742     
  -84.000000000000000        9.3500003814697266        60.034526759959931     
  -84.000000000000000        9.3750000000000000        60.016220203785487     
  -83.950000000000003        9.3999996185302734        60.041697609934019     
  -83.950000000000003        9.4250001907348633        60.022817479099793     
  -83.950000000000003        9.4499998092651367        60.003724553974905     
  -83.900000000000006        9.4750003814697266        60.027974716906520     
  -83.900000000000006        9.5000000000000000        60.008304773184086     
  -83.849999999999994        9.5249996185302734        60.031678915770058     
  -83.849999999999994        9.5500001907348633        60.011427486028047     
  -83.799999999999997        9.5749998092651367        60.033915097454781     
  -83.799999999999997        9.6000003814697266        60.013079357298032     
  -83.750000000000000        9.6250000000000000        60.034670853496969     
  -83.750000000000000        9.6499996185302734        60.013248183108146     
  -83.700000000000003        9.6750001907348633        60.033933340687710     
  -83.700000000000003        9.6999998092651367        60.011919630856355     
  -83.650000000000006        9.7250003814697266        60.031690029948493     
  -83.650000000000006        9.7500000000000000        60.009082102075048     
  -83.599999999999994        9.7749996185302734        60.027929590010011     
  -83.599999999999994        9.8000001907348633        60.004723517147028     
  -83.549999999999997        9.8249998092651367        60.022638388253043     
  -83.500000000000000        9.8500003814697266        60.039999884321759     
  -83.500000000000000        9.8750000000000000        60.015805711395465     
  -83.450000000000003        9.8999996185302734        60.032221222479585     
  -83.450000000000003        9.9250001907348633        60.007420311813867     
  -83.400000000000006        9.9499998092651367        60.022880558068088     
  -83.349999999999994        9.9750003814697266        60.037772866556182     
  -83.349999999999994        10.000000000000000        60.011968079927200     
  -83.299999999999997        10.024999618530273        60.025892588977925     
  -83.250000000000000        10.050000190734863        60.039240518903362     
  -83.250000000000000        10.074999809265137        60.012421251363271     
  -83.200000000000003        10.100000381469727        60.024787341410807     
  -83.150000000000006        10.125000000000000        60.036570569401633     
  -83.150000000000006        10.149999618530273        60.008727717847876     
  -83.099999999999994        10.175000190734863        60.019515509601149     
  -83.049999999999997        10.199999809265137        60.029712425337273     
  -83.049999999999997        10.225000381469727        60.000836346811816     
  -83.000000000000000        10.250000000000000        60.010026826326488     
  -82.950000000000003        10.274999618530273        60.018617588896170     
  -82.900000000000006        10.300000190734863        60.026604559928039     
  -82.849999999999994        10.324999809265137        60.033987144064199     
  -82.849999999999994        10.350000381469727        60.003238498884990     
  -82.799999999999997        10.375000000000000        60.009593992449588     
  -82.750000000000000        10.399999618530273        60.015336671340457     
  -82.700000000000003        10.425000190734863        60.020462563621713     
  -82.650000000000006        10.449999809265137        60.024971393470402     
  -82.599999999999994        10.475000381469727        60.028858021091992     
  -82.549999999999997        10.500000000000000        60.032122309047324     
  -82.500000000000000        10.524999618530273        60.034760416713119     
  -82.500000000000000        10.550000190734863        60.000830512422020     
  -82.450000000000003        10.574999809265137        60.002410175281049     
  -82.400000000000006        10.600000381469727        60.003355835916480     
  -82.349999999999994        10.625000000000000        60.003667681925684     
  -82.299999999999997        10.649999618530273        60.003341977389155     
  -82.250000000000000        10.675000190734863        60.002374957665609     
  -82.200000000000003        10.699999809265137        60.000767021639952     
  -82.099999999999994        10.725000381469727        60.033017437967594     
  -82.049999999999997        10.750000000000000        60.029909022310399     
  -82.000000000000000        10.774999618530273        60.026150481648905     
  -81.950000000000003        10.800000190734863        60.021738154535122     
  -81.900000000000006        10.824999809265137        60.016672819964022     
  -81.849999999999994        10.850000381469727        60.010949401779470     
  -81.799999999999997        10.875000000000000        60.004568822268361     
  -81.700000000000003        10.899999618530273        60.030561628529348     
  -81.650000000000006        10.925000190734863        60.022640187259988     
  -81.599999999999994        10.949999809265137        60.014054670451443     
  -81.549999999999997        10.975000381469727        60.004800011440039     
  -81.450000000000003        11.000000000000000        60.027056835004650     
  -81.400000000000006        11.024999618530273        60.016243452992207     
  -81.349999999999994        11.050000190734863        60.004754404340218     
  -81.250000000000000        11.074999809265137        60.024124005039873     
  -81.200000000000003        11.100000381469727        60.011059360797340     
  -81.099999999999994        11.125000000000000        60.028419013285159     
  -81.049999999999997        11.149999618530273        60.013770280504438     
  -80.950000000000003        11.175000190734863        60.029105081180795     
  -80.900000000000006        11.199999809265137        60.012860709668907     
  -80.799999999999997        11.225000381469727        60.026159671654703     
  -80.750000000000000        11.250000000000000        60.008310215998669     
  -80.650000000000006        11.274999618530273        60.019562973455010     
  -80.599999999999994        11.300000190734863        60.000097521057413     
  -80.500000000000000        11.324999809265137        60.009290481722914     
  -80.400000000000006        11.350000381469727        60.017340470392348     
  -80.299999999999997        11.375000000000000        60.024247960383455     
  -80.250000000000000        11.399999618530273        60.001298765139538     
  -80.150000000000006        11.425000190734863        60.006121065171840     
  -80.049999999999997        11.449999809265137        60.009791778501594     
  -79.950000000000003        11.475000381469727        60.012303747711606     
  -79.849999999999994        11.500000000000000        60.013658039758674     
  -79.750000000000000        11.524999618530273        60.013849646661356     
  -79.650000000000006        11.550000190734863        60.012873518346325     
  -79.549999999999997        11.574999809265137        60.010731095215760     
  -79.450000000000003        11.600000381469727        60.007415287026319     
  -79.349999999999994        11.625000000000000        60.002927783535185     
  -79.200000000000003        11.649999618530273        60.023793862864267     
  -79.099999999999994        11.675000190734863        60.016727840612269     
  -79.000000000000000        11.699999809265137        60.008482073177071     
  -78.849999999999994        11.725000381469727        60.024934612815841     
  -78.750000000000000        11.750000000000000        60.014095673285851     
  -78.650000000000006        11.774999618530273        60.002067235866399     
  -78.500000000000000        11.800000190734863        60.014081343701577     
  -78.349999999999994        11.824999809265137        60.024476630867809     
  -78.250000000000000        11.850000381469727        60.008417190643357     
  -78.099999999999994        11.875000000000000        60.015765720644801     
  -77.950000000000003        11.899999618530273        60.021484494305064     
  -77.849999999999994        11.925000190734863        60.001374072348277     
  -77.700000000000003        11.949999809265137        60.004030582612735     
  -77.549999999999997        11.975000381469727        60.005046962343762     
  -77.400000000000006        12.000000000000000        60.004426181808938     
  -77.250000000000000        12.024999618530273        60.002163249950932     
  -77.049999999999997        12.050000190734863        60.021419068000185     
  -76.900000000000006        12.074999809265137        60.015659199063421     
  -76.750000000000000        12.100000381469727        60.008247787586065     
  -76.549999999999997        12.125000000000000        60.021756248740182     
  -76.400000000000006        12.149999618530273        60.010838568823921     
  -76.200000000000003        12.175000190734863        60.020438818842401     
  -76.049999999999997        12.199999809265137        60.006004859836864     
  -75.849999999999994        12.225000381469727        60.011693217493296     
  -75.650000000000006        12.250000000000000        60.015333702437282     
  -75.450000000000003        12.274999618530273        60.016922046860870     
  -75.250000000000000        12.300000190734863        60.016453922288534     
  -75.049999999999997        12.324999809265137        60.013934981047996     
  -74.849999999999994        12.350000381469727        60.009357825072989     
  -74.650000000000006        12.375000000000000        60.002728584688640     
  -74.400000000000006        12.399999618530273        60.014549235908348     
  -74.200000000000003        12.425000190734863        60.003619664592314     
  -73.950000000000003        12.449999809265137        60.010795246673204     
  -73.700000000000003        12.475000381469727        60.015563862670007     
  -73.450000000000003        12.500000000000000        60.017933861964366     
  -73.200000000000003        12.524999618530273        60.017902870087255     
  -72.950000000000003        12.550000190734863        60.015468463861296     
  -72.700000000000003        12.574999809265137        60.010639937944354     
  -72.450000000000003        12.600000381469727        60.003411334830275     
  -72.150000000000006        12.625000000000000        60.012840337139217     
  -71.900000000000006        12.649999618530273        60.000669959817571     
  -71.599999999999994        12.675000190734863        60.004856857644192     
  -71.299999999999997        12.699999809265137        60.006365947933546     
  -71.000000000000000        12.725000381469727        60.005193433726788     
  -70.700000000000003        12.750000000000000        60.001352814297505     
  -70.349999999999994        12.774999618530273        60.013073603460867     
  -70.049999999999997        12.800000190734863        60.003765473556449     
  -69.700000000000003        12.824999809265137        60.009789734755017     
  -69.349999999999994        12.850000381469727        60.012917133047551     
  -69.000000000000000        12.875000000000000        60.013165892481439     
  -68.650000000000006        12.899999618530273        60.010540639255467     
  -68.299999999999997        12.925000190734863        60.005046052579608     
  -67.900000000000006        12.949999809265137        60.014164149925918     
  -67.549999999999997        12.975000381469727        60.002865337906655     
  -67.150000000000006        13.000000000000000        60.006013596973503     
  -66.750000000000000        13.024999618530273        60.006156224225137     
  -66.349999999999994        13.050000190734863        60.003302850134006     
  -65.900000000000006        13.074999809265137        60.014536186212176     
  -65.500000000000000        13.100000381469727        60.005670944819855     
  -65.049999999999997        13.125000000000000        60.010795165699925     
  -64.599999999999994        13.149999618530273        60.012868054549493     
  -64.150000000000006        13.175000190734863        60.011905579746376     
  -63.700000000000003        13.199999809265137        60.007941900297588     
  -63.250000000000000        13.225000381469727        60.000988352561606     
  -62.750000000000000        13.250000000000000        60.007780878009207     
  -62.250000000000000        13.274999618530273        60.011570729529218     
  -61.750000000000000        13.300000190734863        60.012381729505805     
  -61.250000000000000        13.324999809265137        60.010257599715892     
  -60.750000000000000        13.350000381469727        60.005217381778031     
  -60.200000000000003        13.375000000000000        60.013934583990334     
  -59.700000000000003        13.399999618530273        60.003167507204772     
  -59.149999999999999        13.425000190734863        60.006211798796073     
  -58.600000000000001        13.449999809265137        60.006494795483263     
  -58.049999999999997        13.475000381469727        60.004044878525008     
  -57.450000000000003        13.500000000000000        60.015611616267286     
  -56.899999999999999        13.524999618530273        60.007867443499450     
  -56.299999999999997        13.550000190734863        60.014280264032891     
  -55.750000000000000        13.574999809265137        60.001425429356274     
  -55.149999999999999        13.600000381469727        60.002895540928250     
  -54.549999999999997        13.625000000000000        60.002006744643573     
  -53.899999999999999        13.649999618530273        60.015760622459233     
  -53.299999999999997        13.675000190734863        60.010358027820807     
  -52.700000000000003        13.699999809265137        60.002773675610229     
  -52.049999999999997        13.725000381469727        60.010200027898478     
  -51.399999999999999        13.750000000000000        60.015715310055228     
  -50.799999999999997        13.774999618530273        60.002061205052378     
  -50.149999999999999        13.800000190734863        60.003852872270315     
  -49.500000000000000        13.824999809265137        60.003947638035818     
  -48.850000000000001        13.850000381469727        60.002403018731300     
  -48.149999999999999        13.875000000000000        60.017011502458807     
  -47.500000000000000        13.899999618530273        60.012545506732742     
  -46.850000000000001        13.925000190734863        60.006674883977219     
  -46.149999999999999        13.949999809265137        60.017531364613021     
  -45.500000000000000        13.975000381469727        60.009220654425789     
  -44.799999999999997        14.000000000000000        60.018048734780002     
  -44.149999999999999        14.024999618530273        60.007648983540797     
  -43.450000000000003        14.050000190734863        60.014797288642328     
  -42.799999999999997        14.074999809265137        60.002650346234319     
  -42.100000000000001        14.100000381469727        60.008496089269748     
  -41.399999999999999        14.125000000000000        60.013916140502118     
  -40.700000000000003        14.149999618530273        60.018999157342023     
  -40.049999999999997        14.175000190734863        60.004572099705129     
  -39.350000000000001        14.199999809265137        60.009121523926339     
  -38.649999999999999        14.225000381469727        60.013622047819965     
  -37.950000000000003        14.250000000000000        60.018196579858092     
  -37.299999999999997        14.274999618530273        60.003043063684963     
  -36.600000000000001        14.300000190734863        60.007874279635608     
  -35.899999999999999        14.324999809265137        60.013089146854242     
  -35.200000000000003        14.350000381469727        60.018772270557371     
  -34.549999999999997        14.375000000000000        60.004473574759395     
  -33.850000000000001        14.399999618530273        60.011261401803054     
  -33.149999999999999        14.425000190734863        60.018835311836099     
  -32.500000000000000        14.449999809265137        60.006208102298878     
  -31.800000000000001        14.475000381469727        60.015507890159881     
  -31.149999999999999        14.500000000000000        60.004453286790053     
  -30.449999999999999        14.524999618530273        60.015914100494101     
  -29.800000000000001        14.550000190734863        60.006834255305549     
  -29.100000000000001        14.574999809265137        60.020871887329761     
  -28.449999999999999        14.600000381469727        60.014193567167858     
  -27.800000000000001        14.625000000000000        60.008788469188694     
  -27.149999999999999        14.649999618530273        60.004746854325660     
  -26.500000000000000        14.675000190734863        60.002158909548520     
  -25.850000000000001        14.699999809265137        60.001148996372521     
  -25.199999999999999        14.725000381469727        60.001795905151965     
  -24.550000000000001        14.750000000000000        60.004224054439241     
  -23.899999999999999        14.774999618530273        60.008523408327804     
  -23.250000000000000        14.800000190734863        60.014783609622881     
  -22.600000000000001        14.824999809265137        60.023128670740277     
  -22.000000000000000        14.850000381469727        60.009362774672461     
  -21.350000000000001        14.875000000000000        60.021937327946766     
  -20.750000000000000        14.899999618530273        60.012189294558233     
  -20.149999999999999        14.925000190734863        60.004471899076897     
  -19.500000000000000        14.949999809265137        60.024005844930166     
  -18.899999999999999        14.975000381469727        60.020856222653748     
  -18.300000000000001        15.000000000000000        60.020035490136046     
  -17.699999999999999        15.024999618530273        60.021621807542850     
  -17.100000000000001        15.050000190734863        60.025692751404009     
  -16.550000000000001        15.074999809265137        60.006180039036430     
  -15.949999999999999        15.100000381469727        60.015287076824833     
  -15.400000000000000        15.125000000000000        60.000555803129124     
  -14.800000000000001        15.149999618530273        60.015050916347391     
  -14.250000000000000        15.175000190734863        60.005418009627064     
  -13.650000000000000        15.199999809265137        60.025624205355960     
  -13.100000000000000        15.225000381469727        60.021424484639560     
  -12.550000000000001        15.250000000000000        60.019963897263814     
  -12.000000000000000        15.274999618530273        60.021307206238852     
  -11.449999999999999        15.300000190734863        60.025518438862342     
  -10.949999999999999        15.324999809265137        60.004345040545303     
  -10.400000000000000        15.350000381469727        60.014314556921924     
  -9.8499999999999996        15.375000000000000        60.027395080546562     
  -9.3499999999999996        15.399999618530273        60.014635587074110     
  -8.8499999999999996        15.425000190734863        60.004665344141316     
  -8.3000000000000007        15.449999809265137        60.027010930600042     
  -7.7999999999999998        15.475000381469727        60.023052986597634     
  -7.2999999999999998        15.500000000000000        60.022101943351075     
  -6.7999999999999998        15.524999618530273        60.024208965567112     
  -6.2999999999999998        15.550000190734863        60.029424431111600     
  -5.8499999999999996        15.574999809265137        60.007298822798880     
  -5.3499999999999996        15.600000381469727        60.018712134556672     
  -4.9000000000000004        15.625000000000000        60.002470000543966     
  -4.4000000000000004        15.649999618530273        60.020322432212893     
  -3.9500000000000002        15.675000190734863        60.010173871295230     
  -3.5000000000000000        15.699999809265137        60.003063296156476     
  -3.0000000000000000        15.725000381469727        60.030846725441492     
  -2.5499999999999998        15.750000000000000        60.030157737645219     
  -2.1499999999999999        15.774999618530273        60.000391222976454     
  -1.7000000000000000        15.800000190734863        60.005882179434664     
  -1.2500000000000000        15.824999809265137        60.014658756778331     
 -0.80000000000000004        15.850000381469727        60.026745943491264     
 -0.40000000000000002        15.875000000000000        60.009097708551941     
   5.0000000000000003E-002   15.899999618530273        60.027754902690482     
  0.45000000000000001        15.925000190734863        60.016317147257965     
  0.84999999999999998        15.949999809265137        60.007959604916515     
   1.2500000000000000        15.975000381469727        60.002700883850586     
   1.6499999999999999        16.000000000000000        60.000600961555435     
   2.0499999999999998        16.024999618530273        60.001687326770984     
   2.4500000000000002        16.049999237060547        60.005997128870831     
   2.8500000000000001        16.075000762939453        60.013546073771707     
   3.2500000000000000        16.100000381469727        60.024410638085676     
   3.6000000000000001        16.125000000000000        60.003407589692067     
   4.0000000000000000        16.149999618530273        60.020753594915334     
   4.3499999999999996        16.174999237060547        60.005888796909069     
   4.7500000000000000        16.200000762939453        60.029825366663374     
   5.0999999999999996        16.225000381469727        60.021223424217332     
   5.4500000000000002        16.250000000000000        60.015697890220437     
   5.7999999999999998        16.274999618530273        60.013277175253748     
   6.1500000000000004        16.299999237060547        60.013988890055678     
   6.5000000000000000        16.325000762939453        60.017840590861240     
   6.8499999999999996        16.350000381469727        60.024896864557647     
   7.2000000000000002        16.375000000000000        60.035163462612481     
   7.5000000000000000        16.399999618530273        60.011266823163609     
   7.8499999999999996        16.424999237060547        60.027827235694076     
   8.1500000000000004        16.450000762939453        60.009865598727828     
   8.5000000000000000        16.475000381469727        60.032811247250777     
   8.8000000000000007        16.500000000000000        60.020910655298557     
   9.0999999999999996        16.524999618530273        60.011969051811995     
   9.4000000000000004        16.549999237060547        60.006006643146300     
   9.6999999999999993        16.575000762939453        60.003025106942978     
   10.000000000000000        16.600000381469727        60.003079083286096     
   10.300000000000001        16.625000000000000        60.006168697686050     
   10.600000000000000        16.649999618530273        60.012311341249550     
   10.900000000000000        16.674999237060547        60.021523679737768     
   11.199999999999999        16.700000762939453        60.033804550247382     
   11.449999999999999        16.725000381469727        60.009371071698034     
   11.750000000000000        16.750000000000000        60.027702065303536     
   12.000000000000000        16.774999618530273        60.008973532171005     
   12.300000000000001        16.799999237060547        60.033395044588559     
   12.550000000000001        16.825000762939453        60.020412460847908     
   12.800000000000001        16.850000381469727        60.010261507011649     
   13.050000000000001        16.875000000000000        60.002938777304600     
   13.350000000000000        16.899999618530273        60.039513781993648     
   13.600000000000000        16.924999237060547        60.038054202803956     
   13.850000000000000        16.950000762939453        60.039442254126676     
   14.050000000000001        16.975000381469727        60.002156033322414     
   14.300000000000001        17.000000000000000        60.009150422763668     
   14.550000000000001        17.024999618530273        60.019039202289193     
   14.800000000000001        17.049999237060547        60.031831292769382     
   15.000000000000000        17.075000762939453        60.005300093009545     
   15.250000000000000        17.100000381469727        60.023759797030259     
   15.449999999999999        17.125000000000000        60.002607947466345     
   15.699999999999999        17.149999618530273        60.026767719363257     
   15.900000000000000        17.174999237060547        60.011014540560332     
   16.149999999999999        17.200000762939453        60.040888509542995     
   16.350000000000001        17.225000381469727        60.030564271019095     
   16.550000000000001        17.250000000000000        60.022889150775633     
   16.750000000000000        17.274999618530273        60.017870187489727     
   16.949999999999999        17.299999237060547        60.015513944701098     
   17.149999999999999        17.325000762939453        60.015813280068556     
   17.350000000000001        17.350000381469727        60.018800414588767     
   17.550000000000001        17.375000000000000        60.024467084199152     
   17.750000000000000        17.399999618530273        60.032817927432419     
   17.949999999999999        17.424999237060547        60.043857096991971     
   18.100000000000001        17.450000762939453        60.013103409365122     
   18.300000000000001        17.475000381469727        60.029390147040949     
   18.449999999999999        17.500000000000000        60.003630563253409     
   18.649999999999999        17.524999618530273        60.025180908693216     
   18.800000000000001        17.549999237060547        60.004422355723868     
   19.000000000000000        17.575000762939453        60.031237350213232     
   19.149999999999999        17.600000381469727        60.015496209814629     
   19.300000000000001        17.625000000000000        60.002205234998499     
   19.500000000000000        17.649999618530273        60.036897423192471     
   19.649999999999999        17.674999237060547        60.028643221293002     
   19.800000000000001        17.700000762939453        60.022838349865665     
   19.949999999999999        17.725000381469727        60.019507634376751     
   20.100000000000001        17.750000000000000        60.018642726063149     
   20.250000000000000        17.774999618530273        60.020245884858525     
   20.399999999999999        17.799999237060547        60.024318992877369     
   20.550000000000001        17.825000762939453        60.030853533891332     
   20.699999999999999        17.850000381469727        60.039870835568280     
   20.800000000000001        17.875000000000000        60.004765658147292     
   20.949999999999999        17.899999618530273        60.018619035069747     
   21.100000000000001        17.924999237060547        60.034947705114654     
   21.199999999999999        17.950000762939453        60.006821308040216     
   21.350000000000001        17.975000381469727        60.027993108087855     
   21.449999999999999        18.000000000000000        60.004511054350615     
   21.600000000000001        18.024999618530273        60.030527990262797     
   21.699999999999999        18.049999237060547        60.011688050546098     
   21.850000000000001        18.075000762939453        60.042541130891301     
   21.949999999999999        18.100000381469727        60.028348027324732     
   22.050000000000001        18.125000000000000        60.016432281450875     
   22.149999999999999        18.149999618530273        60.006795696612159     
   22.300000000000001        18.174999237060547        60.047241040790091     
   22.399999999999999        18.200000762939453        60.042248268425055     
   22.500000000000000        18.225000381469727        60.039544395728150     
   22.600000000000001        18.250000000000000        60.039122267709963     
   22.699999999999999        18.274999618530273        60.040982195887572     
   22.800000000000001        18.299999237060547        60.045124196745149     
   22.850000000000001        18.325000762939453        60.003232150833966     
   22.949999999999999        18.350000381469727        60.011858736695508     
   23.050000000000001        18.375000000000000        60.022767443392034     
   23.149999999999999        18.399999618530273        60.035957124446604     
   23.199999999999999        18.424999237060547        60.002814955168823     
   23.300000000000001        18.450000762939453        60.020484465457180     
   23.399999999999999        18.475000381469727        60.040437731441834     
   23.449999999999999        18.500000000000000        60.013847009044163     
   23.550000000000001        18.524999618530273        60.038282196120846     
   23.600000000000001        18.549999237060547        60.016040514998195     
   23.699999999999999        18.575000762939453        60.044948301350509     
   23.750000000000000        18.600000381469727        60.027057796311979     
   23.800000000000001        18.625000000000000        60.011313960774032     
   23.899999999999999        18.649999618530273        60.046902842721479     
   23.949999999999999        18.674999237060547        60.035510931800971     
   24.000000000000000        18.700000762939453        60.026263325104985     
   24.050000000000001        18.725000381469727        60.019169731607626     
   24.100000000000001        18.750000000000000        60.014226146803175     
   24.149999999999999        18.774999618530273        60.011432868231665     
   24.199999999999999        18.799999237060547        60.010789951417600     
   24.250000000000000        18.825000762939453        60.012293628222587     
   24.300000000000001        18.850000381469727        60.015950794209907     
   24.350000000000001        18.875000000000000        60.021757036788891     
   24.399999999999999        18.899999618530273        60.029711444321215     
   24.449999999999999        18.924999237060547        60.039812864256049     
   24.449999999999999        18.950000762939453        60.002342487397627     
   24.500000000000000        18.975000381469727        60.016701651255708     
   24.550000000000001        19.000000000000000        60.033204828546609     
   24.550000000000001        19.024999618530273        60.002045095075331     
   24.600000000000001        19.049999237060547        60.022803399156182     
   24.649999999999999        19.075000762939453        60.045698624185910     
   24.649999999999999        19.100000381469727        60.020854058435681     
   24.699999999999999        19.125000000000000        60.047999908241380     
   24.699999999999999        19.149999618530273        60.027360147359140     
   24.699999999999999        19.174999237060547        60.008814973599414     
   24.750000000000000        19.200000762939453        60.042314097963953     
   24.750000000000000        19.225000381469727        60.027976918628674     
   24.750000000000000        19.250000000000000        60.015737669054666     
   24.750000000000000        19.274999618530273        60.005597648678595     
   24.800000000000001        19.299999237060547        60.047547408672052     
   24.800000000000001        19.325000762939453        60.041613862188434     
   24.800000000000001        19.350000381469727        60.037780738350698     
   24.800000000000001        19.375000000000000        60.036047911521287     
   24.800000000000001        19.399999618530273        60.036415565779208     
   24.800000000000001        19.424999237060547        60.038883662066610     
   24.800000000000001        19.450000762939453        60.043452366858247     
   24.750000000000000        19.475000381469727        60.000133356332825     
   24.750000000000000        19.500000000000000        60.008908419229819     
   24.750000000000000        19.524999618530273        60.019783436842367     
   24.750000000000000        19.549999237060547        60.032757253998476     
   24.750000000000000        19.575000762939453        60.047829723515960     
   24.699999999999999        19.600000381469727        60.015068553173492     
   24.699999999999999        19.625000000000000        60.034347200142648     
   24.649999999999999        19.649999618530273        60.005828122253313     
   24.649999999999999        19.674999237060547        60.029313391406454     
   24.600000000000001        19.700000762939453        60.005044497528957     
   24.600000000000001        19.725000381469727        60.032734114259135     
   24.550000000000001        19.750000000000000        60.012715720170085     
   24.550000000000001        19.774999618530273        60.044605284134555     
   24.500000000000000        19.799999237060547        60.028841637822410     
   24.449999999999999        19.825000762939453        60.015224856496268     
   24.399999999999999        19.850000381469727        60.003751216390377     
   24.399999999999999        19.875000000000000        60.044057001217823     
   24.350000000000001        19.899999618530273        60.036841054550784     
   24.300000000000001        19.924999237060547        60.031772963778593     
   24.250000000000000        19.950000762939453        60.028857195288964     
   24.199999999999999        19.975000381469727        60.028087224538595     
   24.149999999999999        20.000000000000000        60.029466874210833     
   24.100000000000001        20.024999618530273        60.032996249189317     
   24.050000000000001        20.049999237060547        60.038675212512572     
   24.000000000000000        20.075000762939453        60.046507824030876     
   23.899999999999999        20.100000381469727        60.007264457306682     
   23.850000000000001        20.125000000000000        60.019443997595033     
   23.800000000000001        20.149999618530273        60.033771952058032     
   23.699999999999999        20.174999237060547        60.001197649227286     
   23.649999999999999        20.200000762939453        60.019883650491963     
   23.600000000000001        20.225000381469727        60.040709948250701     
   23.500000000000000        20.250000000000000        60.014817434879291     
   23.449999999999999        20.274999618530273        60.039993553993945     
   23.350000000000001        20.299999237060547        60.018581764357144     
   23.300000000000001        20.325000762939453        60.048110383237599     
   23.199999999999999        20.350000381469727        60.031182153425654     
   23.100000000000001        20.375000000000000        60.016532906348893     
   23.000000000000000        20.399999618530273        60.004164268111161     
   22.949999999999999        20.424999237060547        60.042437411858323     
   22.850000000000001        20.450000762939453        60.034561318933314     
   22.750000000000000        20.475000381469727        60.028960513954281     
   22.649999999999999        20.500000000000000        60.025642153041041     
   22.550000000000001        20.524999618530273        60.024606406492772     
   22.449999999999999        20.549999237060547        60.025853149454072     
   22.350000000000001        20.575000762939453        60.029389621029338     
   22.250000000000000        20.600000381469727        60.035199948004752     
   22.149999999999999        20.625000000000000        60.043290618757489     
   22.000000000000000        20.649999618530273        60.006075058914057     
   21.899999999999999        20.674999237060547        60.018816541432933     
   21.800000000000001        20.700000762939453        60.033843620263269     
   21.649999999999999        20.725000381469727        60.003842424735630     
   21.550000000000001        20.750000000000000        60.023507661857977     
   21.449999999999999        20.774999618530273        60.045444059840889     
   21.300000000000001        20.799999237060547        60.022658410819368     
   21.149999999999999        20.825000762939453        60.002357122397378     
   21.050000000000001        20.850000381469727        60.031297783062456     
   20.899999999999999        20.875000000000000        60.015830081966563     
   20.750000000000000        20.899999618530273        60.002837632194861     
   20.649999999999999        20.924999237060547        60.038763973341574     
   20.500000000000000        20.950000762939453        60.030616660821131     
   20.350000000000001        20.975000381469727        60.024931584817345     
   20.199999999999999        21.000000000000000        60.021717402894680     
   20.050000000000001        21.024999618530273        60.020972480097306     
   19.899999999999999        21.049999237060547        60.022694803311218     
   19.750000000000000        21.075000762939453        60.026892863484576     
   19.600000000000001        21.100000381469727        60.033542289512873     
   19.449999999999999        21.125000000000000        60.042650659913988     
   19.250000000000000        21.149999618530273        60.008855383301260     
   19.100000000000001        21.174999237060547        60.022998164413195     
   18.949999999999999        21.200000762939453        60.039601183766145     
   18.750000000000000        21.225000381469727        60.013668463260863     
   18.600000000000001        21.250000000000000        60.035274029627551     
   18.399999999999999        21.274999618530273        60.014615001652878     
   18.250000000000000        21.299999237060547        60.041217866648559     
   18.050000000000001        21.325000762939453        60.025831756308733     
   17.850000000000001        21.350000381469727        60.013128236291323     
   17.649999999999999        21.375000000000000        60.003116259874616     
   17.500000000000000        21.399999618530273        60.039788862742448     
   17.300000000000001        21.424999237060547        60.035002608468027     
   17.100000000000001        21.450000762939453        60.032906952719770     
   16.899999999999999        21.475000381469727        60.033470216721348     
   16.699999999999999        21.500000000000000        60.036699762013136     
   16.500000000000000        21.524999618530273        60.042589350295465     
   16.250000000000000        21.549999237060547        60.008024418007508     
   16.050000000000001        21.575000762939453        60.019379469496116     
   15.850000000000000        21.600000381469727        60.033360049529186     
   15.600000000000000        21.625000000000000        60.007329557338124     
   15.400000000000000        21.649999618530273        60.026718906901252     
   15.150000000000000        21.674999237060547        60.006397959964552     
   14.949999999999999        21.700000762939453        60.031178017072733     
   14.699999999999999        21.725000381469727        60.016535621418782     
   14.449999999999999        21.750000000000000        60.004802254340497     
   14.250000000000000        21.774999618530273        60.037640184145452     
   14.000000000000000        21.799999237060547        60.031531036649497     
   13.750000000000000        21.825000762939453        60.028318259699738     
   13.500000000000000        21.850000381469727        60.027960430111847     
   13.250000000000000        21.875000000000000        60.030462115616068     
   13.000000000000000        21.899999618530273        60.035811811845775     
   12.699999999999999        21.924999237060547        60.003344310950261     
   12.449999999999999        21.950000762939453        60.014541636116803     
   12.199999999999999        21.975000381469727        60.028533267993772     
   11.900000000000000        22.000000000000000        60.005195313099989     
   11.650000000000000        22.024999618530273        60.024939653625083     
   11.350000000000000        22.049999237060547        60.007682618714171     
   11.100000000000000        22.075000762939453        60.033138566428264     
   10.800000000000001        22.100000381469727        60.021903997737780     
   10.500000000000000        22.125000000000000        60.013749507727304     
   10.199999999999999        22.149999618530273        60.008658911701197     
   9.9000000000000004        22.174999237060547        60.006615294642067     
   9.5999999999999996        22.200000762939453        60.007618907428466     
   9.3000000000000007        22.225000381469727        60.011615764965065     
   9.0000000000000000        22.250000000000000        60.018604553408082     
   8.6999999999999993        22.274999618530273        60.028565519384372     
   8.3499999999999996        22.299999237060547        60.003570838540433     
   8.0500000000000007        22.325000762939453        60.019620421864815     
   7.7000000000000002        22.350000381469727        60.001039399177415     
   7.4000000000000004        22.375000000000000        60.023053617221493     
   7.0499999999999998        22.399999618530273        60.010796836803678     
   6.7000000000000002        22.424999237060547        60.001766337907256     
   6.4000000000000004        22.450000762939453        60.032692536993444     
   6.0499999999999998        22.475000381469727        60.029840773421753     
   5.7000000000000002        22.500000000000000        60.030138967258146     
   5.3499999999999996        22.524999618530273        60.033560064268691     
   4.9500000000000002        22.549999237060547        60.004137110828822     
   4.5999999999999996        22.575000762939453        60.013938313305644     
   4.2500000000000000        22.600000381469727        60.026756339294280     
   3.8500000000000001        22.625000000000000        60.007249502288445     
   3.5000000000000000        22.649999618530273        60.026247051301382     
   3.1000000000000001        22.674999237060547        60.013264429713232     
   2.7000000000000002        22.700000762939453        60.003619724403826     
   2.3500000000000001        22.725000381469727        60.031741087924651     
   1.9500000000000000        22.750000000000000        60.028396477464554     
   1.5500000000000000        22.774999618530273        60.028262796511711     
   1.1499999999999999        22.799999237060547        60.031302636616672     
  0.69999999999999996        22.825000762939453        60.003828198348948     
  0.29999999999999999        22.850000381469727        60.013306148672484     
 -0.10000000000000001        22.875000000000000        60.025839371196589     
 -0.55000000000000004        22.899999618530273        60.008348241744869     
 -0.94999999999999996        22.924999237060547        60.027072810598398     
  -1.3999999999999999        22.950000762939453        60.016131620859227     
  -1.8500000000000001        22.975000381469727        60.008474124321658     
  -2.2999999999999998        23.000000000000000        60.004074873416094     
  -2.7500000000000000        23.024999618530273        60.002885852480105     
  -3.2000000000000002        23.049999237060547        60.004858083064313     
  -3.6499999999999999        23.075000762939453        60.009963810359210     
  -4.0999999999999996        23.100000381469727        60.018107986344205     
  -4.5499999999999998        23.125000000000000        60.029260985755172     
  -5.0499999999999998        23.149999618530273        60.012476650239087     
  -5.5000000000000000        23.174999237060547        60.029696961868396     
  -6.0000000000000000        23.200000762939453        60.019324107370764     
  -6.5000000000000000        23.225000381469727        60.012147541853885     
  -7.0000000000000000        23.250000000000000        60.008129630217823     
  -7.5000000000000000        23.274999618530273        60.007209267707047     
  -8.0000000000000000        23.299999237060547        60.009324405270299     
  -8.5000000000000000        23.325000762939453        60.014434989758549     
  -9.0000000000000000        23.350000381469727        60.022431447670606     
  -9.5500000000000007        23.375000000000000        60.004342841683581     
  -10.050000000000001        23.399999618530273        60.018172213852132     
  -10.600000000000000        23.424999237060547        60.006218589905806     
  -11.100000000000000        23.450000762939453        60.025631735468004     
  -11.650000000000000        23.475000381469727        60.019530380066925     
  -12.199999999999999        23.500000000000000        60.016356957283705     
  -12.750000000000000        23.524999618530273        60.016036382736786     
  -13.300000000000001        23.549999237060547        60.018492743633615     
  -13.850000000000000        23.575000762939453        60.023672658255585     
  -14.449999999999999        23.600000381469727        60.004484074209842     
  -15.000000000000000        23.625000000000000        60.015017833522826     
  -15.600000000000000        23.649999618530273        60.001482290163118     
  -16.149999999999999        23.674999237060547        60.017069054571849     
  -16.750000000000000        23.700000762939453        60.008874204669809     
  -17.350000000000001        23.725000381469727        60.003296396043908     
  -17.949999999999999        23.750000000000000        60.000270724875442     
  -18.500000000000000        23.774999618530273        60.025165960578349     
  -19.149999999999999        23.799999237060547        60.001519522160848     
  -19.750000000000000        23.825000762939453        60.005637735863495     
  -20.350000000000001        23.850000381469727        60.011925729614184     
  -20.949999999999999        23.875000000000000        60.020315870657605     
  -21.600000000000001        23.899999618530273        60.006310329437994     
  -22.199999999999999        23.924999237060547        60.018828915363102     
  -22.850000000000001        23.950000762939453        60.009202119153777     
  -23.500000000000000        23.975000381469727        60.001689717336454     
  -24.100000000000001        24.000000000000000        60.019784961861568     
