   3.0000000000000000        0.0000000000000000        75.004354106702195     
   2.5499999999999998        2.5000000372529030E-002   75.025966483507275     
   2.0499999999999998        5.0000000745058060E-002   75.019087220299539     
   1.5500000000000000        7.5000002980232239E-002   75.014270593933531     
   1.0500000000000000       0.10000000149011612        75.011459437189728     
  0.55000000000000004       0.12500000000000000        75.010596162913004     
   5.0000000000000003E-002  0.15000000596046448        75.011622720466590     
 -0.45000000000000001       0.17499999701976776        75.014480214399569     
 -0.94999999999999996       0.20000000298023224        75.019109913006290     
  -1.4500000000000000       0.22499999403953552        75.025451924674556     
  -2.0000000000000000       0.25000000000000000        75.004028060045499     
  -2.5000000000000000       0.27500000596046448        75.013722750256264     
  -3.0000000000000000       0.30000001192092896        75.024946697793837     
  -3.5499999999999998       0.32499998807907104        75.008544160224602     
  -4.0499999999999998       0.34999999403953552        75.022744031921775     
  -4.5999999999999996       0.37500000000000000        75.009399872728807     
  -5.0999999999999996       0.40000000596046448        75.026319494637306     
  -5.6500000000000004       0.42500001192092896        75.015766707270501     
  -6.2000000000000002       0.44999998807907104        75.006558233627644     
  -6.7000000000000002       0.47499999403953552        75.027116465376636     
  -7.2500000000000000       0.50000000000000000        75.020292777335996     
  -7.7999999999999998       0.52499997615814209        75.014605147246741     
  -8.3499999999999996       0.55000001192092896        75.009983966607876     
  -8.9000000000000004       0.57499998807907104        75.006356862982614     
  -9.4499999999999993       0.60000002384185791        75.003654203456236     
  -10.000000000000000       0.62500000000000000        75.001803279975235     
  -10.550000000000001       0.64999997615814209        75.000733447546381     
  -11.100000000000000       0.67500001192092896        75.000373958946454     
  -11.650000000000000       0.69999998807907104        75.000651804071225     
  -12.199999999999999       0.72500002384185791        75.001496840489168     
  -12.750000000000000       0.75000000000000000        75.002835988492549     
  -13.300000000000001       0.77499997615814209        75.004598356401630     
  -13.850000000000000       0.80000001192092896        75.006713077376915     
  -14.400000000000000       0.82499998807907104        75.009107160165669     
  -14.949999999999999       0.85000002384185791        75.011710593126836     
  -15.500000000000000       0.87500000000000000        75.014450569509108     
  -16.050000000000001       0.89999997615814209        75.017256581513152     
  -16.600000000000001       0.92500001192092896        75.020058266806259     
  -17.149999999999999       0.94999998807907104        75.022783278127704     
  -17.699999999999999       0.97500002384185791        75.025362342711844     
  -18.300000000000001        1.0000000000000000        75.000694362097562     
  -18.850000000000001        1.0249999761581421        75.002809281285849     
  -19.399999999999999        1.0499999523162842        75.004564205134457     
  -19.949999999999999        1.0750000476837158        75.005890863560467     
  -20.500000000000000        1.1000000238418579        75.006717043564862     
  -21.050000000000001        1.1250000000000000        75.006975123318696     
  -21.600000000000001        1.1499999761581421        75.006596414304568     
  -22.149999999999999        1.1749999523162842        75.005512602953601     
  -22.699999999999999        1.2000000476837158        75.003657164509349     
  -23.250000000000000        1.2250000238418579        75.000959804876786     
  -23.750000000000000        1.2500000000000000        75.024089984058065     
  -24.300000000000001        1.2749999761581421        75.019495588907034     
  -24.850000000000001        1.2999999523162842        75.013863383481151     
  -25.399999999999999        1.3250000476837158        75.007129074884929     
  -25.899999999999999        1.3500000238418579        75.025922385262973     
  -26.449999999999999        1.3750000000000000        75.016779627334572     
  -27.000000000000000        1.3999999761581421        75.006342023628676     
  -27.500000000000000        1.4249999523162842        75.021243698267327     
  -28.050000000000001        1.4500000476837158        75.008029843297436     
  -28.550000000000001        1.4750000238418579        75.020045994180450     
  -29.100000000000001        1.5000000000000000        75.003813405411421     
  -29.600000000000001        1.5249999761581421        75.012716120432486     
  -30.100000000000001        1.5499999523162842        75.019988051911852     
  -30.600000000000001        1.5750000476837158        75.025577585928119     
  -31.149999999999999        1.6000000238418579        75.002626026219474     
  -31.649999999999999        1.6250000000000000        75.004663667990386     
  -32.149999999999999        1.6499999761581421        75.004860144775719     
  -32.649999999999999        1.6749999523162842        75.003164941662490     
  -33.100000000000001        1.7000000476837158        75.026453528164623     
  -33.600000000000001        1.7250000238418579        75.020861435502837     
  -34.100000000000001        1.7500000000000000        75.013232003866051     
  -34.600000000000001        1.7749999761581421        75.003517232091241     
  -35.049999999999997        1.7999999523162842        75.018756886443143     
  -35.549999999999997        1.8250000476837158        75.004775141322355     
  -36.000000000000000        1.8500000238418579        75.015753860131923     
  -36.450000000000003        1.8750000000000000        75.024567755728228     
  -36.950000000000003        1.8999999761581421        75.003878943068258     
  -37.399999999999999        1.9249999523162842        75.008187407839060     
  -37.850000000000001        1.9500000476837158        75.010215610819643     
  -38.299999999999997        1.9750000238418579        75.009924138443182     
  -38.750000000000000        2.0000000000000000        75.007277734889882     
  -39.200000000000003        2.0250000953674316        75.002241714710891     
  -39.600000000000001        2.0499999523162842        75.022462993122787     
  -40.049999999999997        2.0750000476837158        75.012610935936138     
  -40.500000000000000        2.0999999046325684        75.000263667135030     
  -40.899999999999999        2.1250000000000000        75.013302809601996     
  -41.299999999999997        2.1500000953674316        75.023941936039336     
  -41.750000000000000        2.1749999523162842        75.004072223896202     
  -42.149999999999999        2.2000000476837158        75.009742925025009     
  -42.549999999999997        2.2249999046325684        75.012929211655774     
  -42.950000000000003        2.2500000000000000        75.013609603938860     
  -43.350000000000001        2.2750000953674316        75.011756589798722     
  -43.750000000000000        2.2999999523162842        75.007343252445892     
  -44.149999999999999        2.3250000476837158        75.000349586938484     
  -44.500000000000000        2.3499999046325684        75.019463637838911     
  -44.899999999999999        2.3750000000000000        75.007330851414181     
  -45.250000000000000        2.4000000953674316        75.021465285986778     
  -45.649999999999999        2.4249999523162842        75.004105721550914     
  -46.000000000000000        2.4500000476837158        75.013179805637549     
  -46.350000000000001        2.4749999046325684        75.019747917811728     
  -46.700000000000003        2.5000000000000000        75.023796948302007     
  -47.049999999999997        2.5250000953674316        75.025308176367503     
  -47.399999999999999        2.5499999523162842        75.024263379921678     
  -47.750000000000000        2.5750000476837158        75.020650642491844     
  -48.100000000000001        2.5999999046325684        75.014450674052000     
  -48.450000000000003        2.6250000000000000        75.005652359326177     
  -48.750000000000000        2.6500000953674316        75.024274051835050     
  -49.100000000000001        2.6749999523162842        75.010347376423397     
  -49.399999999999999        2.7000000476837158        75.024058503246906     
  -49.750000000000000        2.7249999046325684        75.004954279173887     
  -50.049999999999997        2.7500000000000000        75.013708759599126     
  -50.350000000000001        2.7750000953674316        75.020032520538976     
  -50.649999999999999        2.7999999523162842        75.023914122138649     
  -50.950000000000003        2.8250000476837158        75.025347840322098     
  -51.250000000000000        2.8499999046325684        75.024321143717188     
  -51.549999999999997        2.8750000000000000        75.020828924704219     
  -51.850000000000001        2.9000000953674316        75.014861120234400     
  -52.149999999999999        2.9249999523162842        75.006408073196098     
  -52.399999999999999        2.9500000476837158        75.027038923419838     
  -52.700000000000003        2.9749999046325684        75.013729453216911     
  -52.950000000000003        3.0000000000000000        75.029763868558703     
  -53.250000000000000        3.0250000953674316        75.011574021126194     
  -53.500000000000000        3.0499999523162842        75.022987978132036     
  -53.750000000000000        3.0750000476837158        75.032157428424441     
  -54.049999999999997        3.0999999046325684        75.006668034359194     
  -54.299999999999997        3.1250000000000000        75.011189794476351     
  -54.549999999999997        3.1500000953674316        75.013452800467235     
  -54.799999999999997        3.1749999523162842        75.013451942184716     
  -55.049999999999997        3.2000000476837158        75.011187045319218     
  -55.299999999999997        3.2249999046325684        75.006651973458219     
  -55.500000000000000        3.2500000000000000        75.033114153412910     
  -55.750000000000000        3.2750000953674316        75.024179571643259     
  -56.000000000000000        3.2999999523162842        75.012967492617705     
  -56.200000000000003        3.3250000476837158        75.033186058615499     
  -56.450000000000003        3.3499999046325684        75.017561052678246     
  -56.649999999999999        3.3750000000000000        75.033659774538009     
  -56.899999999999999        3.4000000953674316        75.013617756488358     
  -57.100000000000001        3.4249999523162842        75.025591043803360     
  -57.350000000000001        3.4500000476837158        75.001126876074437     
  -57.549999999999997        3.4749999046325684        75.008973702950357     
  -57.750000000000000        3.5000000000000000        75.014834028299788     
  -57.950000000000003        3.5250000953674316        75.018706440821973     
  -58.149999999999999        3.5499999523162842        75.020589766919670     
  -58.350000000000001        3.5750000476837158        75.020487068365512     
  -58.549999999999997        3.5999999046325684        75.018396209188779     
  -58.750000000000000        3.6250000000000000        75.014320568657453     
  -58.950000000000003        3.6500000953674316        75.008259726697872     
  -59.149999999999999        3.6749999523162842        75.000213500920950     
  -59.299999999999997        3.7000000476837158        75.026149345869314     
  -59.500000000000000        3.7249999046325684        75.014289534423668     
  -59.700000000000003        3.7500000000000000        75.000451106300801     
  -59.850000000000001        3.7750000953674316        75.021054801161256     
  -60.049999999999997        3.7999999523162842        75.003410945319501     
  -60.200000000000003        3.8250000476837158        75.020519396876537     
  -60.350000000000001        3.8499999046325684        75.035959039796808     
  -60.549999999999997        3.8750000000000000        75.012699620324000     
  -60.700000000000003        3.9000000953674316        75.024656231706984     
  -60.850000000000001        3.9249999523162842        75.034949696184114     
  -61.049999999999997        3.9500000476837158        75.006094366895155     
  -61.200000000000003        3.9749999046325684        75.012917198520881     
  -61.350000000000001        4.0000000000000000        75.018086025993298     
  -61.500000000000000        4.0250000953674316        75.021602105706307     
  -61.649999999999999        4.0500001907348633        75.023467965276311     
  -61.799999999999997        4.0749998092651367        75.023684081001676     
  -61.950000000000003        4.0999999046325684        75.022257608502386     
  -62.100000000000001        4.1250000000000000        75.019189252452307     
  -62.250000000000000        4.1500000953674316        75.014482042686325     
  -62.399999999999999        4.1750001907348633        75.008139134323415     
  -62.549999999999997        4.1999998092651367        75.000161743954934     
  -62.649999999999999        4.2249999046325684        75.029703113367759     
  -62.799999999999997        4.2500000000000000        75.018620750679105     
  -62.950000000000003        4.2750000953674316        75.005915991417666     
  -63.049999999999997        4.3000001907348633        75.031183250458184     
  -63.200000000000003        4.3249998092651367        75.015388812680627     
  -63.299999999999997        4.3499999046325684        75.037870615639875     
  -63.450000000000003        4.3750000000000000        75.019004005974864     
  -63.549999999999997        4.4000000953674316        75.038711679542544     
  -63.700000000000003        4.4250001907348633        75.016785335226047     
  -63.799999999999997        4.4499998092651367        75.033729126593286     
  -63.950000000000003        4.4749999046325684        75.008758331554219     
  -64.049999999999997        4.5000000000000000        75.022954824931318     
  -64.150000000000006        4.5250000953674316        75.035853865813706     
  -64.299999999999997        4.5500001907348633        75.006416590135558     
  -64.400000000000006        4.5749998092651367        75.016584623499270     
  -64.500000000000000        4.5999999046325684        75.025466161567351     
  -64.599999999999994        4.6250000000000000        75.033062386948146     
  -64.700000000000003        4.6500000953674316        75.039376331932445     
  -64.849999999999994        4.6750001907348633        75.002668575354718     
  -64.950000000000003        4.6999998092651367        75.006287300293536     
  -65.049999999999997        4.7249999046325684        75.008635851642708     
  -65.150000000000006        4.7500000000000000        75.009715908416851     
  -65.250000000000000        4.7750000953674316        75.009530900389450     
  -65.349999999999994        4.8000001907348633        75.008084334473281     
  -65.450000000000003        4.8249998092651367        75.005378234671682     
  -65.549999999999997        4.8499999046325684        75.001419400332466     
  -65.599999999999994        4.8750000000000000        75.039034915274911     
  -65.700000000000003        4.9000000953674316        75.032709926810881     
  -65.799999999999997        4.9250001907348633        75.025141120617860     
  -65.900000000000006        4.9499998092651367        75.016330985005538     
  -66.000000000000000        4.9749999046325684        75.006286509239118     
  -66.049999999999997        5.0000000000000000        75.038484459742662     
  -66.150000000000006        5.0250000953674316        75.026107044620630     
  -66.250000000000000        5.0500001907348633        75.012505363794631     
  -66.299999999999997        5.0749998092651367        75.041535166795512     
  -66.400000000000006        5.0999999046325684        75.025621292499039     
  -66.500000000000000        5.1250000000000000        75.008495337284941     
  -66.549999999999997        5.1500000953674316        75.034383935046463     
  -66.650000000000006        5.1750001907348633        75.014967659149349     
  -66.700000000000003        5.1999998092651367        75.038814597301879     
  -66.799999999999997        5.2249999046325684        75.017122542353690     
  -66.849999999999994        5.2500000000000000        75.038940815519240     
  -66.950000000000003        5.2750000953674316        75.014987975029712     
  -67.000000000000000        5.3000001907348633        75.034787089245810     
  -67.099999999999994        5.3249998092651367        75.008587753121162     
  -67.150000000000006        5.3499999046325684        75.026378962741347     
  -67.200000000000003        5.3750000000000000        75.043227303660828     
  -67.299999999999997        5.4000000953674316        75.013746492365613     
  -67.349999999999994        5.4250001907348633        75.028603380137199     
  -67.400000000000006        5.4499998092651367        75.042522951324429     
  -67.500000000000000        5.4749999046325684        75.009793585731131     
  -67.549999999999997        5.5000000000000000        75.021740208759766     
  -67.599999999999994        5.5250000953674316        75.032757735194394     
  -67.650000000000006        5.5500001907348633        75.042848208079221     
  -67.750000000000000        5.5749998092651367        75.005876065614828     
  -67.799999999999997        5.5999999046325684        75.014016176129019     
  -67.849999999999994        5.6250000000000000        75.021236868027941     
  -67.900000000000006        5.6500000953674316        75.027540355335589     
  -67.950000000000003        5.6750001907348633        75.032928893006414     
  -68.000000000000000        5.6999998092651367        75.037403810630167     
  -68.049999999999997        5.7249999046325684        75.040969392587002     
  -68.099999999999994        5.7500000000000000        75.043627034259217     
  -68.150000000000006        5.7750000953674316        75.045379153229064     
  -68.200000000000003        5.8000001907348633        75.046228207441757     
  -68.250000000000000        5.8249998092651367        75.046175806195123     
  -68.299999999999997        5.8499999046325684        75.045226280939801     
  -68.349999999999994        5.8750000000000000        75.043381305637112     
  -68.400000000000006        5.9000000953674316        75.040643498384412     
  -68.450000000000003        5.9250001907348633        75.037015516972858     
  -68.500000000000000        5.9499998092651367        75.032499246568065     
  -68.549999999999997        5.9749999046325684        75.027099063519273     
  -68.599999999999994        6.0000000000000000        75.020816916345751     
  -68.650000000000006        6.0250000953674316        75.013655620120659     
  -68.700000000000003        6.0500001907348633        75.005618028846357     
  -68.700000000000003        6.0749998092651367        75.044648503791379     
  -68.750000000000000        6.0999999046325684        75.034943365721105     
  -68.799999999999997        6.1250000000000000        75.024369357250364     
  -68.849999999999994        6.1500000953674316        75.012929481457292     
  -68.900000000000006        6.1750001907348633        75.000626779554054     
  -68.900000000000006        6.1999998092651367        75.035774463759836     
  -68.950000000000003        6.2249999046325684        75.021824785139330     
  -69.000000000000000        6.2500000000000000        75.007020238034798     
  -69.000000000000000        6.2750000953674316        75.039879461645924     
  -69.049999999999997        6.3000001907348633        75.023439940024758     
  -69.099999999999994        6.3249998092651367        75.006153226846351     
  -69.099999999999994        6.3499999046325684        75.036731126325861     
  -69.150000000000006        6.3750000000000000        75.017822637654263     
  -69.150000000000006        6.4000000953674316        75.046904366418232     
  -69.200000000000003        6.4250001907348633        75.026381254862088     
  -69.250000000000000        6.4499998092651367        75.005025003327788     
  -69.250000000000000        6.4749999046325684        75.031838661829866     
  -69.299999999999997        6.5000000000000000        75.008881854518080     
  -69.299999999999997        6.5250000953674316        75.034206438481931     
  -69.349999999999994        6.5500001907348633        75.009656908402945     
  -69.349999999999994        6.5749998092651367        75.033494598397098     
  -69.400000000000006        6.5999999046325684        75.007360963694140     
  -69.400000000000006        6.6250000000000000        75.029715509612444     
  -69.450000000000003        6.6500000953674316        75.002006594886836     
  -69.450000000000003        6.6750001907348633        75.022880587044710     
  -69.450000000000003        6.6999998092651367        75.043036274213478     
  -69.500000000000000        6.7249999046325684        75.013001802930745     
  -69.500000000000000        6.7500000000000000        75.031680803070742     
  -69.549999999999997        6.7750000953674316        75.000092688316798     
  -69.549999999999997        6.8000001907348633        75.017298181437823     
  -69.549999999999997        6.8249998092651367        75.033785403484103     
  -69.549999999999997        6.8499999046325684        75.049554444345119     
  -69.599999999999994        6.8750000000000000        75.014919814897638     
  -69.599999999999994        6.9000000953674316        75.029220096600056     
  -69.599999999999994        6.9250001907348633        75.042801916249388     
  -69.650000000000006        6.9499998092651367        75.005893909059822     
  -69.650000000000006        6.9749999046325684        75.018011822225645     
  -69.650000000000006        7.0000000000000000        75.029411531798260     
  -69.650000000000006        7.0250000953674316        75.040092664606973     
  -69.700000000000003        7.0500001907348633        75.000190640237008     
  -69.700000000000003        7.0749998092651367        75.009413820870108     
  -69.700000000000003        7.0999999046325684        75.017919154420042     
  -69.700000000000003        7.1250000000000000        75.025706179581604     
  -69.700000000000003        7.1500000953674316        75.032774641296655     
  -69.700000000000003        7.1750001907348633        75.039124308007217     
  -69.700000000000003        7.1999998092651367        75.044754871135453     
  -69.700000000000003        7.2249999046325684        75.049666360970747     
  -69.750000000000000        7.2500000000000000        75.003880205206144     
  -69.750000000000000        7.2750000953674316        75.007345475075397     
  -69.750000000000000        7.3000001907348633        75.010092675593299     
  -69.750000000000000        7.3249998092651367        75.012121684894311     
  -69.750000000000000        7.3499999046325684        75.013432513894742     
  -69.750000000000000        7.3750000000000000        75.014025074090711     
  -69.750000000000000        7.4000000953674316        75.013899346064548     
  -69.750000000000000        7.4250001907348633        75.013055333936265     
  -69.750000000000000        7.4499998092651367        75.011493102010434     
  -69.750000000000000        7.4749999046325684        75.009212641883323     
  -69.750000000000000        7.5000000000000000        75.006214051226351     
  -69.750000000000000        7.5250000953674316        75.002497428288464     
  -69.700000000000003        7.5500001907348633        75.048028793617362     
  -69.700000000000003        7.5749998092651367        75.042865619457658     
  -69.700000000000003        7.5999999046325684        75.036983228038736     
  -69.700000000000003        7.6250000000000000        75.030381903728667     
  -69.700000000000003        7.6500000953674316        75.023061862802379     
  -69.700000000000003        7.6750001907348633        75.015023345046828     
  -69.700000000000003        7.6999998092651367        75.006266787610642     
  -69.650000000000006        7.7249999046325684        75.046649150656279     
  -69.650000000000006        7.7500000000000000        75.036435227263325     
  -69.650000000000006        7.7750000953674316        75.025502497140806     
  -69.650000000000006        7.8000001907348633        75.013851318227026     
  -69.650000000000006        7.8249998092651367        75.001482314661629     
  -69.599999999999994        7.8499999046325684        75.038129011546346     
  -69.599999999999994        7.8750000000000000        75.024295623969707     
  -69.599999999999994        7.9000000953674316        75.009743935452548     
  -69.549999999999997        7.9250001907348633        75.044115855513624     
  -69.549999999999997        7.9499998092651367        75.028095536873593     
  -69.549999999999997        7.9749999046325684        75.011356603065082     
  -69.500000000000000        8.0000000000000000        75.043435635856142     
  -69.500000000000000        8.0249996185302734        75.025223778394121     
  -69.500000000000000        8.0500001907348633        75.006293099078562     
  -69.450000000000003        8.0749998092651367        75.036062215611821     
  -69.450000000000003        8.1000003814697266        75.015654349689214     
  -69.400000000000006        8.1250000000000000        75.043859328227143     
  -69.400000000000006        8.1499996185302734        75.021971797064054     
  -69.349999999999994        8.1750001907348633        75.048602644306897     
  -69.349999999999994        8.1999998092651367        75.025231538755520     
  -69.349999999999994        8.2250003814697266        75.001141744012926     
  -69.299999999999997        8.2500000000000000        75.025422549776735     
  -69.250000000000000        8.2749996185302734        75.048881211465556     
  -69.250000000000000        8.3000001907348633        75.022533460294397     
  -69.200000000000003        8.3249998092651367        75.044392813475255     
  -69.200000000000003        8.3500003814697266        75.016553350391092     
  -69.150000000000006        8.3750000000000000        75.036805194993349     
  -69.150000000000006        8.3999996185302734        75.007472885134050     
  -69.099999999999994        8.4250001907348633        75.026108128850382     
  -69.049999999999997        8.4499998092651367        75.043902469321409     
  -69.049999999999997        8.4750003814697266        75.012291844046786     
  -69.000000000000000        8.5000000000000000        75.028457809997533     
  -68.950000000000003        8.5249996185302734        75.043773306032236     
  -68.950000000000003        8.5500001907348633        75.009877275074160     
  -68.900000000000006        8.5749998092651367        75.023552063936719     
  -68.849999999999994        8.6000003814697266        75.036366889392909     
  -68.849999999999994        8.6250000000000000        75.000179372288287     
  -68.799999999999997        8.6499996185302734        75.011343104275880     
  -68.750000000000000        8.6750001907348633        75.021638969402574     
  -68.700000000000003        8.6999998092651367        75.031066855089946     
  -68.650000000000006        8.7250003814697266        75.039620868876383     
  -68.599999999999994        8.7500000000000000        75.047301096232871     
  -68.599999999999994        8.7749996185302734        75.006426899246378     
  -68.549999999999997        8.8000001907348633        75.012428611613785     
  -68.500000000000000        8.8249998092651367        75.017549456832569     
  -68.450000000000003        8.8500003814697266        75.021783433461536     
  -68.400000000000006        8.8750000000000000        75.025131115074402     
  -68.349999999999994        8.8999996185302734        75.027588182425418     
  -68.299999999999997        8.9250001907348633        75.029150233210871     
  -68.250000000000000        8.9499998092651367        75.029818143692538     
  -68.200000000000003        8.9750003814697266        75.029585803729503     
  -68.150000000000006        9.0000000000000000        75.028454292580719     
  -68.099999999999994        9.0249996185302734        75.026419336874113     
  -68.049999999999997        9.0500001907348633        75.023476579905179     
  -68.000000000000000        9.0749998092651367        75.019627407102774     
  -67.950000000000003        9.1000003814697266        75.014865600645095     
  -67.900000000000006        9.1250000000000000        75.009192751114611     
  -67.849999999999994        9.1499996185302734        75.002604633045806     
  -67.750000000000000        9.1750001907348633        75.041299743198920     
  -67.700000000000003        9.1999998092651367        75.032771351481486     
  -67.650000000000006        9.2250003814697266        75.023317703306859     
  -67.599999999999994        9.2500000000000000        75.012940919678101     
  -67.549999999999997        9.2749996185302734        75.001636826957252     
  -67.450000000000003        9.3000001907348633        75.035078373395592     
  -67.400000000000006        9.3249998092651367        75.021804423721761     
  -67.349999999999994        9.3500003814697266        75.007593685516341     
  -67.250000000000000        9.3750000000000000        75.037796976228293     
  -67.200000000000003        9.3999996185302734        75.021601113967918     
  -67.150000000000006        9.4250001907348633        75.004461592820931     
  -67.049999999999997        9.4499998092651367        75.031389969542687     
  -67.000000000000000        9.4750003814697266        75.012246295152408     
  -66.900000000000006        9.5000000000000000        75.036934613411944     
  -66.849999999999994        9.5249996185302734        75.015777938364153     
  -66.750000000000000        9.5500001907348633        75.038208013966255     
  -66.700000000000003        9.5749998092651367        75.015024923386264     
  -66.599999999999994        9.6000003814697266        75.035184046253491     
  -66.549999999999997        9.6250000000000000        75.009964010213153     
  -66.450000000000003        9.6499996185302734        75.027840199504737     
  -66.400000000000006        9.6750001907348633        75.000570411612912     
  -66.299999999999997        9.6999998092651367        75.016146840659275     
  -66.200000000000003        9.7250003814697266        75.030503108541609     
  -66.150000000000006        9.7500000000000000        75.000083227034438     
  -66.049999999999997        9.7749996185302734        75.012121161986670     
  -65.950000000000003        9.8000001907348633        75.022926917887830     
  -65.849999999999994        9.8249998092651367        75.032502132075365     
  -65.750000000000000        9.8500003814697266        75.040836857872677     
  -65.700000000000003        9.8750000000000000        75.005021819199925     
  -65.599999999999994        9.8999996185302734        75.011004059286307     
  -65.500000000000000        9.9250001907348633        75.015734854262732     
  -65.400000000000006        9.9499998092651367        75.019216576110097     
  -65.299999999999997        9.9750003814697266        75.021439285504599     
  -65.200000000000003        10.000000000000000        75.022405658378588     
  -65.099999999999994        10.024999618530273        75.022109006125206     
  -65.000000000000000        10.050000190734863        75.020542565870628     
  -64.900000000000006        10.074999809265137        75.017709471708059     
  -64.799999999999997        10.100000381469727        75.013599791276562     
  -64.700000000000003        10.125000000000000        75.008216965434357     
  -64.599999999999994        10.149999618530273        75.001554502899893     
  -64.450000000000003        10.175000190734863        75.034879578602542     
  -64.349999999999994        10.199999809265137        75.025506549245691     
  -64.250000000000000        10.225000381469727        75.014840471518738     
  -64.150000000000006        10.250000000000000        75.002885578487792     
  -64.000000000000000        10.274999618530273        75.030340145188319     
  -63.899999999999999        10.300000190734863        75.015643461875726     
  -63.750000000000000        10.324999809265137        75.040066646933568     
  -63.649999999999999        10.350000381469727        75.022618260801977     
  -63.549999999999997        10.375000000000000        75.003866693851279     
  -63.399999999999999        10.399999618530273        75.023785152134877     
  -63.299999999999997        10.425000190734863        75.002260032181283     
  -63.149999999999999        10.449999809265137        75.019109454391568     
  -63.000000000000000        10.475000381469727        75.034342233015266     
  -62.899999999999999        10.500000000000000        75.008569459364850     
  -62.750000000000000        10.524999618530273        75.020716094099598     
  -62.600000000000001        10.550000190734863        75.031235012620343     
  -62.500000000000000        10.574999809265137        75.001185250396617     
  -62.350000000000001        10.600000381469727        75.008594865283925     
  -62.200000000000003        10.625000000000000        75.014375113773170     
  -62.049999999999997        10.649999618530273        75.018518616026100     
  -61.899999999999999        10.675000190734863        75.021017936091042     
  -61.750000000000000        10.699999809265137        75.021878690247618     
  -61.600000000000001        10.725000381469727        75.021089323604016     
  -61.450000000000003        10.750000000000000        75.018655885315610     
  -61.299999999999997        10.774999618530273        75.014571395897434     
  -61.149999999999999        10.800000190734863        75.008828819177680     
  -61.000000000000000        10.824999809265137        75.001434854924554     
  -60.799999999999997        10.850000381469727        75.029660829241507     
  -60.649999999999999        10.875000000000000        75.018794655430199     
  -60.500000000000000        10.899999618530273        75.006265883904305     
  -60.299999999999997        10.925000190734863        75.028893394489259     
  -60.149999999999999        10.949999809265137        75.012879128464618     
  -59.950000000000003        10.975000381469727        75.031712800784504     
  -59.799999999999997        11.000000000000000        75.012205398124536     
  -59.600000000000001        11.024999618530273        75.027242053526734     
  -59.450000000000003        11.050000190734863        75.004230053711851     
  -59.250000000000000        11.074999809265137        75.015457920692739     
  -59.049999999999997        11.100000381469727        75.024698712763296     
  -58.850000000000001        11.125000000000000        75.031961268047056     
  -58.700000000000003        11.149999618530273        75.001783492683344     
  -58.500000000000000        11.175000190734863        75.005221840652894     
  -58.299999999999997        11.199999809265137        75.006679131123931     
  -58.100000000000001        11.225000381469727        75.006144055848154     
  -57.899999999999999        11.250000000000000        75.003626875300938     
  -57.649999999999999        11.274999618530273        75.033821038270247     
  -57.450000000000003        11.300000190734863        75.027171182912184     
  -57.250000000000000        11.324999809265137        75.018539030830851     
  -57.049999999999997        11.350000381469727        75.007913674904245     
  -56.799999999999997        11.375000000000000        75.029406188611276     
  -56.600000000000001        11.399999618530273        75.014661537208454     
  -56.350000000000001        11.425000190734863        75.031728429129117     
  -56.149999999999999        11.449999809265137        75.012862424969526     
  -55.899999999999999        11.475000381469727        75.025514275935549     
  -55.700000000000003        11.500000000000000        75.002532213040951     
  -55.450000000000003        11.524999618530273        75.010781827152073     
  -55.200000000000003        11.550000190734863        75.016752331764550     
  -54.950000000000003        11.574999809265137        75.020458536551700     
  -54.700000000000003        11.600000381469727        75.021891015570759     
  -54.450000000000003        11.625000000000000        75.021065329233693     
  -54.200000000000003        11.649999618530273        75.017978688651766     
  -53.950000000000003        11.675000190734863        75.012628325760190     
  -53.700000000000003        11.699999809265137        75.005030924841890     
  -53.399999999999999        11.725000381469727        75.027252484153848     
  -53.149999999999999        11.750000000000000        75.015019643782622     
  -52.899999999999999        11.774999618530273        75.000547087994775     
  -52.600000000000001        11.800000190734863        75.015492096185881     
  -52.299999999999997        11.824999809265137        75.027941374521006     
  -52.049999999999997        11.850000381469727        75.006494639234077     
  -51.750000000000000        11.875000000000000        75.014092328059249     
  -51.450000000000003        11.899999618530273        75.019209227214674     
  -51.149999999999999        11.925000190734863        75.021846363444112     
  -50.850000000000001        11.949999809265137        75.022026163516401     
  -50.549999999999997        11.975000381469727        75.019743231633626     
  -50.250000000000000        12.000000000000000        75.015020932286561     
  -49.950000000000003        12.024999618530273        75.007861590283341     
  -49.600000000000001        12.050000190734863        75.028626477204980     
  -49.299999999999997        12.074999809265137        75.016496568031855     
  -49.000000000000000        12.100000381469727        75.001953259844498     
  -48.649999999999999        12.125000000000000        75.015012908680447     
  -48.299999999999997        12.149999618530273        75.025449117384795     
  -48.000000000000000        12.175000190734863        75.003508823440612     
  -47.649999999999999        12.199999809265137        75.008855334222076     
  -47.299999999999997        12.225000381469727        75.011613655850297     
  -46.950000000000003        12.250000000000000        75.011814920605275     
  -46.600000000000001        12.274999618530273        75.009467343988049     
  -46.250000000000000        12.300000190734863        75.004579303923478     
  -45.850000000000001        12.324999809265137        75.026274894617089     
  -45.500000000000000        12.350000381469727        75.016265218967149     
  -45.149999999999999        12.375000000000000        75.003784200968425     
  -44.750000000000000        12.399999618530273        75.017622002488665     
  -44.399999999999999        12.425000190734863        75.000124748096951     
  -44.000000000000000        12.449999809265137        75.008794902808035     
  -43.600000000000001        12.475000381469727        75.014858931016576     
  -43.200000000000003        12.500000000000000        75.018357714975977     
  -42.799999999999997        12.524999618530273        75.019307268769339     
  -42.399999999999999        12.550000190734863        75.017723856842821     
  -42.000000000000000        12.574999809265137        75.013650361538268     
  -41.600000000000001        12.600000381469727        75.007095307593005     
  -41.149999999999999        12.625000000000000        75.026069121702591     
  -40.750000000000000        12.649999618530273        75.014574608033840     
  -40.350000000000001        12.675000190734863        75.000681122770374     
  -39.899999999999999        12.699999809265137        75.012164929020045     
  -39.450000000000003        12.725000381469727        75.021158238304736     
  -39.049999999999997        12.750000000000000        75.000121830618625     
  -38.600000000000001        12.774999618530273        75.004331546904581     
  -38.149999999999999        12.800000190734863        75.006153349391795     
  -37.700000000000003        12.824999809265137        75.005642021634429     
  -37.250000000000000        12.850000381469727        75.002815344595234     
  -36.750000000000000        12.875000000000000        75.025006874183234     
  -36.299999999999997        12.899999618530273        75.017633071239587     
  -35.850000000000001        12.925000190734863        75.008059162371993     
  -35.350000000000001        12.949999809265137        75.023463076159587     
  -34.899999999999999        12.975000381469727        75.009574508395730     
  -34.399999999999999        13.000000000000000        75.020653209178803     
  -33.950000000000003        13.024999618530273        75.002628809849341     
  -33.450000000000003        13.050000190734863        75.009551753546759     
  -32.950000000000003        13.074999809265137        75.014463286497829     
  -32.450000000000003        13.100000381469727        75.017392101006720     
  -31.949999999999999        13.125000000000000        75.018407991855909     
  -31.449999999999999        13.149999618530273        75.017550967049502     
  -30.949999999999999        13.175000190734863        75.014861410133449     
  -30.449999999999999        13.199999809265137        75.010411326872486     
  -29.949999999999999        13.225000381469727        75.004231888824037     
  -29.399999999999999        13.250000000000000        75.023131340386016     
  -28.899999999999999        13.274999618530273        75.013665939797917     
  -28.399999999999999        13.300000190734863        75.002632667383452     
  -27.850000000000001        13.324999809265137        75.016806968097896     
  -27.350000000000001        13.350000381469727        75.002812694365090     
  -26.800000000000001        13.375000000000000        75.014130153911907     
  -26.250000000000000        13.399999618530273        75.024111819784210     
  -25.750000000000000        13.425000190734863        75.006109254344778     
  -25.199999999999999        13.449999809265137        75.013602443243428     
  -24.649999999999999        13.475000381469727        75.019939181723615     
  -24.100000000000001        13.500000000000000        75.025206733071911     
  -23.600000000000001        13.524999618530273        75.002717677916365     
  -23.050000000000001        13.550000190734863        75.005993156921022     
  -22.500000000000000        13.574999809265137        75.008395964496103     
  -21.949999999999999        13.600000381469727        75.009971044326988     
  -21.399999999999999        13.625000000000000        75.010808409850711     
  -20.850000000000001        13.649999618530273        75.010964958582321     
  -20.300000000000001        13.675000190734863        75.010497825867432     
  -19.750000000000000        13.699999809265137        75.009498414883666     
  -19.199999999999999        13.725000381469727        75.008013232888857     
  -18.649999999999999        13.750000000000000        75.006134489766310     
  -18.100000000000001        13.774999618530273        75.003920629724291     
  -17.550000000000001        13.800000190734863        75.001430259040959     
  -16.949999999999999        13.824999809265137        75.025893979129236     
  -16.399999999999999        13.850000381469727        75.023134576504887     
  -15.850000000000000        13.875000000000000        75.020335923675745     
  -15.300000000000001        13.899999618530273        75.017557497224075     
  -14.750000000000000        13.925000190734863        75.014858852358344     
  -14.199999999999999        13.949999809265137        75.012334406851096     
  -13.650000000000000        13.975000381469727        75.010032382123384     
  -13.100000000000000        14.000000000000000        75.008047478726539     
  -12.550000000000001        14.024999618530273        75.006439656937417     
  -12.000000000000000        14.050000190734863        75.005268866472449     
  -11.449999999999999        14.074999809265137        75.004630022036167     
  -10.900000000000000        14.100000381469727        75.004571427725850     
  -10.350000000000000        14.125000000000000        75.005187997785455     
  -9.8000000000000007        14.149999618530273        75.006539594611908     
  -9.2500000000000000        14.175000190734863        75.008685974835132     
  -8.6999999999999993        14.199999809265137        75.011721832079402     
  -8.1500000000000004        14.225000381469727        75.015694994392177     
  -7.5999999999999996        14.250000000000000        75.020699859052300     
  -7.0499999999999998        14.274999618530273        75.026795578792033     
  -6.5499999999999998        14.300000190734863        75.005514561456806     
  -6.0000000000000000        14.324999809265137        75.013905578652796     
  -5.4500000000000002        14.350000381469727        75.023584538918158     
  -4.9500000000000002        14.375000000000000        75.005824725940286     
  -4.4000000000000004        14.399999618530273        75.018218678023842     
  -3.8999999999999999        14.425000190734863        75.003082353230567     
  -3.3500000000000001        14.449999809265137        75.018447166420017     
  -2.8500000000000001        14.475000381469727        75.006203039185067     
  -2.2999999999999998        14.500000000000000        75.024803447231662     
  -1.8000000000000000        14.524999618530273        75.015717366659899     
  -1.3000000000000000        14.550000190734863        75.008232012791510     
 -0.80000000000000004        14.574999809265137        75.002430699014695     
 -0.25000000000000000        14.600000381469727        75.028149312590912     
  0.25000000000000000        14.625000000000000        75.025989047653596     
  0.75000000000000000        14.649999618530273        75.025681472908090     
   1.2500000000000000        14.675000190734863        75.027273620558475     
   1.7000000000000000        14.699999809265137        75.000567039091010     
   2.2000000000000002        14.725000381469727        75.006029906099457     
   2.7000000000000002        14.750000000000000        75.013585656746685     
   3.2000000000000002        14.774999618530273        75.023279278015522     
   3.6499999999999999        14.800000190734863        75.004372357205071     
   4.1500000000000004        14.824999809265137        75.018376203462594     
   4.5999999999999996        14.850000381469727        75.003628427713124     
   5.0999999999999996        14.875000000000000        75.022153830538755     
   5.5499999999999998        14.899999618530273        75.011778311349076     
   6.0000000000000000        14.925000190734863        75.003580580244360     
   6.5000000000000000        14.949999809265137        75.029203729031451     
   6.9500000000000002        14.975000381469727        75.025659879443523     
   7.4000000000000004        15.000000000000000        75.024457150906642     
   7.8499999999999996        15.024999618530273        75.025629884473531     
   8.3000000000000007        15.050000190734863        75.029211986156980     
   8.6999999999999993        15.074999809265137        75.003004183786260     
   9.1500000000000004        15.100000381469727        75.011415992327201     
   9.5999999999999996        15.125000000000000        75.022387919121030     
   10.000000000000000        15.149999618530273        75.003261112069623     
   10.449999999999999        15.175000190734863        75.019300423299669     
   10.850000000000000        15.199999809265137        75.005045060413153     
   11.300000000000001        15.225000381469727        75.026320933241934     
   11.699999999999999        15.250000000000000        75.017087885929044     
   12.100000000000000        15.274999618530273        75.010348600445681     
   12.500000000000000        15.300000190734863        75.006127423509142     
   12.900000000000000        15.324999809265137        75.004479219717325     
   13.300000000000001        15.350000381469727        75.005416835523761     
   13.699999999999999        15.375000000000000        75.008993695118932     
   14.100000000000000        15.399999618530273        75.015231746743154     
   14.500000000000000        15.425000190734863        75.024152520402211     
   14.850000000000000        15.449999809265137        75.001355564978738     
   15.250000000000000        15.475000381469727        75.015601690962683     
   15.650000000000000        15.500000000000000        75.032640720693280     
   16.000000000000000        15.524999618530273        75.017585834446663     
   16.350000000000001        15.550000190734863        75.005057487799235     
   16.750000000000000        15.574999809265137        75.030305212974909     
   17.100000000000001        15.600000381469727        75.023076008374588     
   17.449999999999999        15.625000000000000        75.018468341539830     
   17.800000000000001        15.649999618530273        75.016496280054298     
   18.149999999999999        15.675000190734863        75.017173567348649     
   18.500000000000000        15.699999809265137        75.020541894485277     
   18.850000000000001        15.725000381469727        75.026604430495567     
   19.199999999999999        15.750000000000000        75.035401452614522     
   19.500000000000000        15.774999618530273        75.010520353639194     
   19.850000000000001        15.800000190734863        75.024665816417652     
   20.149999999999999        15.824999809265137        75.004877864911933     
   20.500000000000000        15.850000381469727        75.024458558327339     
   20.800000000000001        15.875000000000000        75.009837471880957     
   21.149999999999999        15.899999618530273        75.034935307966208     
   21.449999999999999        15.925000190734863        75.025541718909167     
   21.750000000000000        15.949999809265137        75.018724412006236     
   22.050000000000001        15.975000381469727        75.014481324323427     
   22.350000000000001        16.000000000000000        75.012845070973128     
   22.649999999999999        16.024999618530273        75.013821463994447     
   22.949999999999999        16.049999237060547        75.017424610788936     
   23.250000000000000        16.075000762939453        75.023651187235799     
   23.550000000000001        16.100000381469727        75.032548291687888     
   23.800000000000001        16.125000000000000        75.005562620368096     
   24.100000000000001        16.149999618530273        75.019652046721134     
   24.399999999999999        16.174999237060547        75.036431259691923     
   24.649999999999999        16.200000762939453        75.016895421611693     
   24.949999999999999        16.225000381469727        75.038935478080319     
   25.199999999999999        16.250000000000000        75.024398955456903     
   25.449999999999999        16.274999618530273        75.012295503887827     
   25.699999999999999        16.299999237060547        75.002634720555434     
   26.000000000000000        16.325000762939453        75.035148631393085     
   26.250000000000000        16.350000381469727        75.030546895512444     
   26.500000000000000        16.375000000000000        75.028414003896771     
   26.750000000000000        16.399999618530273        75.028757923417459     
   27.000000000000000        16.424999237060547        75.031586215589996     
   27.250000000000000        16.450000762939453        75.036891097483675     
   27.449999999999999        16.475000381469727        75.004096724211223     
   27.699999999999999        16.500000000000000        75.014275037074128     
   27.949999999999999        16.524999618530273        75.026964295088021     
   28.149999999999999        16.549999237060547        75.001128958474027     
   28.399999999999999        16.575000762939453        75.018698794965658     
   28.649999999999999        16.600000381469727        75.038809862571910     
   28.850000000000001        16.625000000000000        75.019986442236601     
   29.050000000000001        16.649999618530273        75.003418254760518     
   29.300000000000001        16.674999237060547        75.030851762978727     
   29.500000000000000        16.700000762939453        75.018932516773020     
   29.699999999999999        16.725000381469727        75.009296039058640     
   29.899999999999999        16.750000000000000        75.001932728211116     
   30.149999999999999        16.774999618530273        75.039136325779850     
   30.350000000000001        16.799999237060547        75.036465284383482     
   30.550000000000001        16.825000762939453        75.036064365541307     
   30.750000000000000        16.850000381469727        75.037962420302208     
   30.949999999999999        16.875000000000000        75.042148924703667     
   31.100000000000001        16.899999618530273        75.005668864626244     
   31.300000000000001        16.924999237060547        75.014307276406711     
   31.500000000000000        16.950000762939453        75.025228359001289     
   31.699999999999999        16.975000381469727        75.038458084339283     
   31.850000000000001        17.000000000000000        75.010509874370129     
   32.049999999999997        17.024999618530273        75.028206492377265     
   32.200000000000003        17.049999237060547        75.004474189182147     
   32.399999999999999        17.075000762939453        75.026630907588242     
   32.549999999999997        17.100000381469727        75.007121563935996     
   32.750000000000000        17.125000000000000        75.033764281617195     
   32.899999999999999        17.149999618530273        75.018482609949245     
   33.049999999999997        17.174999237060547        75.005255699718944     
   33.250000000000000        17.200000762939453        75.038537690517231     
   33.399999999999999        17.225000381469727        75.029542839144540     
   33.549999999999997        17.250000000000000        75.022605089771346     
   33.700000000000003        17.274999618530273        75.017725046666868     
   33.850000000000001        17.299999237060547        75.014903082814399     
   34.000000000000000        17.325000762939453        75.014129048998342     
   34.149999999999999        17.350000381469727        75.015423567874464     
   34.299999999999997        17.375000000000000        75.018775896632391     
   34.450000000000003        17.399999618530273        75.024185482732577     
   34.600000000000001        17.424999237060547        75.031651542604152     
   34.750000000000000        17.450000762939453        75.041163427784824     
   34.850000000000001        17.475000381469727        75.007023606753904     
   35.000000000000000        17.500000000000000        75.020544660184711     
   35.149999999999999        17.524999618530273        75.036117868476708     
   35.250000000000000        17.549999237060547        75.007708113758326     
   35.399999999999999        17.575000762939453        75.027266468727888     
   35.500000000000000        17.600000381469727        75.002642082224156     
   35.649999999999999        17.625000000000000        75.026198857282168     
   35.750000000000000        17.649999618530273        75.005358577293009     
   35.899999999999999        17.674999237060547        75.032898187560036     
   36.000000000000000        17.700000762939453        75.015831029210517     
   36.100000000000001        17.725000381469727        75.000613795703131     
   36.250000000000000        17.750000000000000        75.034064173264895     
   36.350000000000001        17.774999618530273        75.022622842277372     
   36.450000000000003        17.799999237060547        75.013021145244636     
   36.549999999999997        17.825000762939453        75.005250821372201     
   36.700000000000003        17.850000381469727        75.046520103824449     
   36.799999999999997        17.875000000000000        75.042521849014662     
   36.899999999999999        17.899999618530273        75.040358783490390     
   37.000000000000000        17.924999237060547        75.040029683858705     
   37.100000000000001        17.950000762939453        75.041526093025311     
   37.200000000000003        17.975000381469727        75.044860725613532     
   37.250000000000000        18.000000000000000        75.002319968520041     
   37.350000000000001        18.024999618530273        75.009230648222939     
   37.450000000000003        18.049999237060547        75.017968042434248     
   37.549999999999997        18.075000762939453        75.028523519165333     
   37.649999999999999        18.100000381469727        75.040907732358519     
   37.700000000000003        18.125000000000000        75.007017583554642     
   37.799999999999997        18.149999618530273        75.022964406855920     
   37.899999999999999        18.174999237060547        75.040726746882569     
   37.950000000000003        18.200000762939453        75.011984618330601     
   38.049999999999997        18.225000381469727        75.033299096739242     
   38.100000000000001        18.250000000000000        75.007972163511496     
   38.200000000000003        18.274999618530273        75.032831038740824     
   38.250000000000000        18.299999237060547        75.010910669780685     
   38.350000000000001        18.325000762939453        75.039299992788287     
   38.399999999999999        18.350000381469727        75.020782544613780     
   38.450000000000003        18.375000000000000        75.003934291449141     
   38.549999999999997        18.399999618530273        75.037583433517639     
   38.600000000000001        18.424999237060547        75.024131738917717     
   38.649999999999999        18.450000762939453        75.012343073075328     
   38.700000000000003        18.475000381469727        75.002226386604690     
   38.799999999999997        18.500000000000000        75.042829108470627     
   38.850000000000001        18.524999618530273        75.036097984600545     
   38.899999999999999        18.549999237060547        75.031031050867284     
   38.950000000000003        18.575000762939453        75.027623556571797     
   39.000000000000000        18.600000381469727        75.025882605261430     
   39.049999999999997        18.625000000000000        75.025803083189217     
   39.100000000000001        18.649999618530273        75.027383830388047     
   39.149999999999999        18.674999237060547        75.030623567416157     
   39.200000000000003        18.700000762939453        75.035517561103106     
   39.250000000000000        18.725000381469727        75.042071086130690     
   39.250000000000000        18.750000000000000        75.000767954314711     
   39.299999999999997        18.774999618530273        75.010590860280516     
   39.350000000000001        18.799999237060547        75.022066072679550     
   39.399999999999999        18.825000762939453        75.035188884903405     
   39.399999999999999        18.850000381469727        75.000309853336020     
   39.450000000000003        18.875000000000000        75.016697979293212     
   39.500000000000000        18.899999618530273        75.034731281473327     
   39.500000000000000        18.924999237060547        75.004663810306724     
   39.549999999999997        18.950000762939453        75.025950676947517     
   39.600000000000001        18.975000381469727        75.048878787660612     
   39.600000000000001        19.000000000000000        75.023622598145209     
   39.649999999999999        19.024999618530273        75.049797587937874     
   39.649999999999999        19.049999237060547        75.027740148217504     
   39.649999999999999        19.075000762939453        75.007270732981098     
   39.700000000000003        19.100000381469727        75.038295681364872     
   39.700000000000003        19.125000000000000        75.021027364813335     
   39.700000000000003        19.149999618530273        75.005350738686730     
   39.750000000000000        19.174999237060547        75.041213785325752     
   39.750000000000000        19.200000762939453        75.028734573722389     
   39.750000000000000        19.225000381469727        75.017849291809810     
   39.750000000000000        19.250000000000000        75.008557635602088     
   39.750000000000000        19.274999618530273        75.000860210443975     
   39.799999999999997        19.299999237060547        75.044749054483106     
   39.799999999999997        19.325000762939453        75.040245534920729     
   39.799999999999997        19.350000381469727        75.037336313832753     
   39.799999999999997        19.375000000000000        75.036021176341478     
   39.799999999999997        19.399999618530273        75.036300208116529     
   39.799999999999997        19.424999237060547        75.038173390980930     
   39.799999999999997        19.450000762939453        75.041640928256115     
   39.799999999999997        19.475000381469727        75.046702065032093     
   39.750000000000000        19.500000000000000        75.003373404689299     
   39.750000000000000        19.524999618530273        75.011628974160118     
   39.750000000000000        19.549999237060547        75.021478574552120     
   39.750000000000000        19.575000762939453        75.032922498098969     
   39.750000000000000        19.600000381469727        75.045958253700732     
   39.700000000000003        19.625000000000000        75.010657415693103     
   39.700000000000003        19.649999618530273        75.026891355684484     
   39.700000000000003        19.674999237060547        75.044716604709876     
   39.649999999999999        19.700000762939453        75.014256392422453     
   39.649999999999999        19.725000381469727        75.035280897926597     
   39.600000000000001        19.750000000000000        75.008059061021797     
   39.600000000000001        19.774999618530273        75.032283289922560     
   39.549999999999997        19.799999237060547        75.008307481518514     
   39.549999999999997        19.825000762939453        75.035733323981546     
   39.500000000000000        19.850000381469727        75.015009025471997     
   39.500000000000000        19.875000000000000        75.045631183040683     
   39.450000000000003        19.899999618530273        75.028162751835268     
   39.399999999999999        19.924999237060547        75.012339797617244     
   39.399999999999999        19.950000762939453        75.047775091997849     
   39.350000000000001        19.975000381469727        75.035214693431556     
   39.299999999999997        20.000000000000000        75.024304799944261     
   39.250000000000000        20.024999618530273        75.015047357103967     
   39.200000000000003        20.049999237060547        75.007444192847217     
   39.149999999999999        20.075000762939453        75.001500396748298     
   39.149999999999999        20.100000381469727        75.046584850423599     
   39.100000000000001        20.125000000000000        75.043910247697056     
   39.049999999999997        20.149999618530273        75.042894582336586     
   39.000000000000000        20.174999237060547        75.043539094033491     
   38.950000000000003        20.200000762939453        75.045848895189792     
   38.850000000000001        20.225000381469727        75.000678737260969     
   38.799999999999997        20.250000000000000        75.006361608358858     
   38.750000000000000        20.274999618530273        75.013709855001963     
   38.700000000000003        20.299999237060547        75.022724110600578     
   38.649999999999999        20.325000762939453        75.033409499266540     
   38.600000000000001        20.350000381469727        75.045757314145192     
   38.500000000000000        20.375000000000000        75.010964656384985     
   38.450000000000003        20.399999618530273        75.026706991403444     
   38.399999999999999        20.424999237060547        75.044118086273656     
   38.299999999999997        20.450000762939453        75.014580197603451     
   38.250000000000000        20.475000381469727        75.035392689471820     
   38.149999999999999        20.500000000000000        75.009382166167924     
   38.100000000000001        20.524999618530273        75.033600046907964     
   38.000000000000000        20.549999237060547        75.011131128787994     
   37.950000000000003        20.575000762939453        75.038763297804081     
   37.850000000000001        20.600000381469727        75.019844100788532     
   37.750000000000000        20.625000000000000        75.002738912339893     
   37.700000000000003        20.649999618530273        75.035518174002320     
   37.600000000000001        20.674999237060547        75.021973749747517     
   37.500000000000000        20.700000762939453        75.010256769482012     
   37.399999999999999        20.725000381469727        75.000356842891065     
   37.350000000000001        20.750000000000000        75.040039616883405     
   37.250000000000000        20.774999618530273        75.033712065554553     
   37.149999999999999        20.799999237060547        75.029213015854552     
   37.049999999999997        20.825000762939453        75.026551401111590     
   36.950000000000003        20.850000381469727        75.025714770669239     
   36.850000000000001        20.875000000000000        75.026711603893233     
   36.750000000000000        20.899999618530273        75.029543227188626     
   36.649999999999999        20.924999237060547        75.034210802629161     
   36.549999999999997        20.950000762939453        75.040723076882927     
   36.399999999999999        20.975000381469727        75.002085071063405     
   36.299999999999997        21.000000000000000        75.012358440296111     
   36.200000000000003        21.024999618530273        75.024471954923612     
   36.100000000000001        21.049999237060547        75.038425939090018     
   35.950000000000003        21.075000762939453        75.007627071130429     
   35.850000000000001        21.100000381469727        75.025359640671837     
   35.750000000000000        21.125000000000000        75.044933796551533     
   35.600000000000001        21.149999618530273        75.020043991285988     
   35.500000000000000        21.174999237060547        75.043400711574932     
   35.350000000000001        21.200000762939453        75.022506446870793     
   35.200000000000003        21.225000381469727        75.003650961109258     
   35.100000000000001        21.250000000000000        75.032736232450063     
   34.950000000000003        21.274999618530273        75.017875839316460     
   34.799999999999997        21.299999237060547        75.005068161888616     
   34.700000000000003        21.325000762939453        75.039893326352953     
   34.549999999999997        21.350000381469727        75.031085692904639     
   34.399999999999999        21.375000000000000        75.024333846973320     
   34.250000000000000        21.399999618530273        75.019638723009763     
   34.100000000000001        21.424999237060547        75.017001024642624     
   33.950000000000003        21.450000762939453        75.016431560562282     
   33.799999999999997        21.475000381469727        75.017910030316472     
   33.649999999999999        21.500000000000000        75.021446648997610     
   33.500000000000000        21.524999618530273        75.027041194977087     
   33.350000000000001        21.549999237060547        75.034693215263985     
   33.200000000000003        21.575000762939453        75.044413012694150     
   33.000000000000000        21.600000381469727        75.011875591814530     
   32.850000000000001        21.625000000000000        75.025815898063755     
   32.700000000000003        21.649999618530273        75.041810407637769     
   32.500000000000000        21.674999237060547        75.015922730054228     
   32.350000000000001        21.700000762939453        75.036155484139854     
   32.149999999999999        21.725000381469727        75.014741524926762     
   32.000000000000000        21.750000000000000        75.039184168274232     
   31.800000000000001        21.774999618530273        75.022240861248392     
   31.600000000000001        21.799999237060547        75.007595742936630     
   31.449999999999999        21.825000762939453        75.038432115496263     
   31.250000000000000        21.850000381469727        75.028249919532669     
   31.050000000000001        21.875000000000000        75.020361830671902     
   30.850000000000001        21.899999618530273        75.014766130116769     
   30.649999999999999        21.924999237060547        75.011460783079826     
   30.449999999999999        21.950000762939453        75.010456422427012     
   30.250000000000000        21.975000381469727        75.011724549057163     
   30.050000000000001        22.000000000000000        75.015275032289054     
   29.850000000000001        22.024999618530273        75.021104577825795     
   29.649999999999999        22.049999237060547        75.029209578260819     
   29.449999999999999        22.075000762939453        75.039599759103140     
   29.199999999999999        22.100000381469727        75.010549055007104     
   29.000000000000000        22.125000000000000        75.025593574883928     
   28.750000000000000        22.149999618530273        75.001481503247177     
   28.550000000000001        22.174999237060547        75.021176358513401     
   28.300000000000001        22.200000762939453        75.002000367050400     
   28.100000000000001        22.225000381469727        75.026325388612477     
   27.850000000000001        22.250000000000000        75.012037097658350     
   27.600000000000001        22.274999618530273        75.000263507475722     
   27.399999999999999        22.299999237060547        75.031559845703697     
   27.149999999999999        22.325000762939453        75.024668108761162     
   26.899999999999999        22.350000381469727        75.020257563847295     
   26.649999999999999        22.375000000000000        75.018336166228210     
   26.399999999999999        22.399999618530273        75.018896611138700     
   26.149999999999999        22.424999237060547        75.021931187089493     
   25.899999999999999        22.450000762939453        75.027447431542356     
   25.649999999999999        22.475000381469727        75.035405649887480     
   25.350000000000001        22.500000000000000        75.006419833142701     
   25.100000000000001        22.524999618530273        75.019412815447353     
   24.850000000000001        22.549999237060547        75.034835438841810     
   24.550000000000001        22.575000762939453        75.013746877206003     
   24.300000000000001        22.600000381469727        75.034145265006060     
   24.000000000000000        22.625000000000000        75.018293691756256     
   23.699999999999999        22.649999618530273        75.005127895250354     
   23.449999999999999        22.674999237060547        75.032980308533354     
   23.149999999999999        22.700000762939453        75.025015274185392     
   22.850000000000001        22.725000381469727        75.019682335085790     
   22.550000000000001        22.750000000000000        75.016985058835004     
   22.250000000000000        22.774999618530273        75.016909666486441     
   21.949999999999999        22.799999237060547        75.019441880137180     
   21.649999999999999        22.825000762939453        75.024584554130257     
   21.350000000000001        22.850000381469727        75.032287298474756     
   21.000000000000000        22.875000000000000        75.005419606513954     
   20.699999999999999        22.899999618530273        75.018380275655588     
   20.399999999999999        22.924999237060547        75.033869489728886     
   20.050000000000001        22.950000762939453        75.015211904758360     
   19.750000000000000        22.975000381469727        75.035855647279675     
   19.399999999999999        23.000000000000000        75.022601929745633     
   19.050000000000001        23.024999618530273        75.012107215739903     
   18.699999999999999        23.049999237060547        75.004350974220515     
   18.399999999999999        23.075000762939453        75.035242674579479     
   18.050000000000001        23.100000381469727        75.032746901499593     
   17.699999999999999        23.125000000000000        75.032925006245321     
   17.300000000000001        23.149999618530273        75.000298595464628     
   16.949999999999999        23.174999237060547        75.005906187913340     
   16.600000000000001        23.200000762939453        75.014136253470170     
   16.250000000000000        23.225000381469727        75.024925345037147     
   15.850000000000000        23.250000000000000        75.003417207809818     
   15.500000000000000        23.274999618530273        75.019435128181343     
   15.100000000000000        23.299999237060547        75.003404168893866     
   14.750000000000000        23.325000762939453        75.024562864650690     
   14.350000000000000        23.350000381469727        75.013895446401833     
   13.949999999999999        23.375000000000000        75.005940843117031     
   13.550000000000001        23.399999618530273        75.000667862851444     
   13.199999999999999        23.424999237060547        75.031847625295043     
   12.800000000000001        23.450000762939453        75.031714700129172     
   12.350000000000000        23.475000381469727        75.000637819031070     
   11.949999999999999        23.500000000000000        75.005766705971794     
   11.550000000000001        23.524999618530273        75.013411746601207     
   11.150000000000000        23.549999237060547        75.023538027040971     
   10.699999999999999        23.575000762939453        75.003204132012883     
   10.300000000000001        23.600000381469727        75.018326665784826     
   9.8499999999999996        23.625000000000000        75.003180711736348     
   9.4499999999999993        23.649999618530273        75.023147669724025     
   9.0000000000000000        23.674999237060547        75.013051393538007     
   8.5500000000000007        23.700000762939453        75.005511342886209     
   8.0999999999999996        23.725000381469727        75.000441236145761     
   7.7000000000000002        23.750000000000000        75.029755460810961     
   7.2500000000000000        23.774999618530273        75.029398669555931     
   6.7999999999999998        23.799999237060547        75.031401760000520     
   6.2999999999999998        23.825000762939453        75.004213343862091     
   5.8499999999999996        23.850000381469727        75.010932057723366     
   5.4000000000000004        23.875000000000000        75.019870563179595     
   4.9500000000000002        23.899999618530273        75.030981549830301     
   4.4500000000000002        23.924999237060547        75.013218594549187     
   4.0000000000000000        23.950000762939453        75.028679174836554     
   3.5000000000000000        23.975000381469727        75.015402291889515     
   3.0000000000000000        24.000000000000000        75.004354106702195     
