   26.649999999999999        0.0000000000000000        90.010512568293350     
   26.250000000000000        2.5000000372529030E-002   90.009551656133354     
   25.850000000000001        5.0000000745058060E-002   90.010989333740852     
   25.449999999999999        7.5000002980232239E-002   90.014795673152477     
   25.050000000000001       0.10000000149011612        90.020940141129984     
   24.649999999999999       0.12500000000000000        90.029391780657377     
   24.199999999999999       0.15000000596046448        90.008495921205721     
   23.800000000000001       0.17499999701976776        90.021569915029787     
   23.350000000000001       0.20000000298023224        90.005435207934696     
   22.949999999999999       0.22499999403953552        90.022995552193066     
   22.500000000000000       0.25000000000000000        90.011477721882500     
   22.050000000000001       0.27500000596046448        90.002261301172055     
   21.649999999999999       0.30000001192092896        90.026334551784728     
   21.199999999999999       0.32499998807907104        90.021508328446927     
   20.750000000000000       0.34999999403953552        90.018865745339610     
   20.300000000000001       0.37500000000000000        90.018365446776428     
   19.850000000000001       0.40000000596046448        90.019965852865397     
   19.399999999999999       0.42500001192092896        90.023624844488552     
   18.949999999999999       0.44999998807907104        90.029299439173002     
   18.449999999999999       0.47499999403953552        90.006538727459798     
   18.000000000000000       0.50000000000000000        90.016196764371813     
   17.550000000000001       0.52499997615814209        90.027737507083884     
   17.050000000000001       0.55000001192092896        90.010946853284366     
   16.600000000000001       0.57499998807907104        90.026194649464657     
   16.100000000000001       0.60000002384185791        90.013167258537962     
   15.600000000000000       0.62500000000000000        90.001981687279709     
   15.150000000000000       0.64999997615814209        90.022466633102439     
   14.650000000000000       0.67500001192092896        90.014741043727938     
   14.150000000000000       0.69999998807907104        90.008699968069124     
   13.650000000000000       0.72500002384185791        90.004290686167053     
   13.150000000000000       0.75000000000000000        90.001457212299059     
   12.650000000000000       0.77499997615814209        90.000145190968567     
   12.150000000000000       0.80000001192092896        90.000299829084454     
   11.650000000000000       0.82499998807907104        90.001863788712640     
   11.150000000000000       0.85000002384185791        90.004782140589498     
   10.650000000000000       0.87500000000000000        90.008996728246842     
   10.150000000000000       0.89999997615814209        90.014451139707049     
   9.6500000000000004       0.92500001192092896        90.021088606651148     
   9.1500000000000004       0.94999998807907104        90.028849871455833     
   8.5999999999999996       0.97500002384185791        90.008504060093259     
   8.0999999999999996        1.0000000000000000        90.018378064794206     
   7.5499999999999998        1.0249999761581421        90.000099330444655     
   7.0499999999999998        1.0499999523162842        90.011841575452948     
   6.5499999999999998        1.0750000476837158        90.024411264580706     
   6.0000000000000000        1.1000000238418579        90.008740602489524     
   5.5000000000000000        1.1250000000000000        90.022808485286802     
   4.9500000000000002        1.1499999761581421        90.008565989083422     
   4.4500000000000002        1.1749999523162842        90.023883804459771     
   3.8999999999999999        1.2000000476837158        90.010810707497427     
   3.3999999999999999        1.2250000238418579        90.027127197794982     
   2.8500000000000001        1.2500000000000000        90.014958896646903     
   2.2999999999999998        1.2749999761581421        90.003151178606245     
   1.8000000000000000        1.2999999523162842        90.020496672528452     
   1.2500000000000000        1.3250000476837158        90.009199616236884     
  0.75000000000000000        1.3500000238418579        90.026908419269915     
  0.20000000000000001        1.3750000000000000        90.015855169672847     
 -0.34999999999999998        1.3999999761581421        90.004825249113111     
 -0.84999999999999998        1.4249999523162842        90.022600817307350     
  -1.3999999999999999        1.4500000476837158        90.011418765857400     
  -1.9500000000000000        1.4750000238418579        90.000055472206782     
  -2.4500000000000002        1.5000000000000000        90.017318236870452     
  -3.0000000000000000        1.5249999761581421        90.005402935107384     
  -3.5000000000000000        1.5499999523162842        90.022007583725056     
  -4.0499999999999998        1.5750000476837158        90.009278567057351     
  -4.5499999999999998        1.6000000238418579        90.024972231688722     
  -5.0999999999999996        1.6250000000000000        90.011164451515455     
  -5.5999999999999996        1.6499999761581421        90.025695397150088     
  -6.1500000000000004        1.6749999523162842        90.010549527980487     
  -6.6500000000000004        1.7000000476837158        90.023668907316548     
  -7.2000000000000002        1.7250000238418579        90.006925847980796     
  -7.7000000000000002        1.7500000000000000        90.018382228450591     
  -8.1999999999999993        1.7749999761581421        90.028933749638384     
  -8.7500000000000000        1.7999999523162842        90.009333246757507     
  -9.2500000000000000        1.8250000476837158        90.017858149140508     
  -9.7500000000000000        1.8500000238418579        90.025298342867487     
  -10.300000000000001        1.8750000000000000        90.002277109786547     
  -10.800000000000001        1.8999999761581421        90.007328324701732     
  -11.300000000000001        1.9249999523162842        90.011120809081831     
  -11.800000000000001        1.9500000476837158        90.013598978445330     
  -12.300000000000001        1.9750000238418579        90.014703388165671     
  -12.800000000000001        2.0000000000000000        90.014379245752707     
  -13.300000000000001        2.0250000953674316        90.012572161159810     
  -13.800000000000001        2.0499999523162842        90.009222574399516     
  -14.300000000000001        2.0750000476837158        90.004281177251073     
  -14.750000000000000        2.0999999046325684        90.027524552140420     
  -15.250000000000000        2.1250000000000000        90.019299210074536     
  -15.750000000000000        2.1500000953674316        90.009319462059963     
  -16.199999999999999        2.1749999523162842        90.027576613025019     
  -16.699999999999999        2.2000000476837158        90.014003872000089     
  -17.149999999999999        2.2249999046325684        90.028716007517716     
  -17.649999999999999        2.2500000000000000        90.011350553312695     
  -18.100000000000001        2.2750000953674316        90.022330553727883     
  -18.600000000000001        2.2999999523162842        90.000974159050486     
  -19.050000000000001        2.3250000476837158        90.008033553904554     
  -19.500000000000000        2.3499999046325684        90.013104432971062     
  -19.949999999999999        2.3750000000000000        90.016149120923686     
  -20.399999999999999        2.4000000953674316        90.017122441787407     
  -20.850000000000001        2.4249999523162842        90.015979799847585     
  -21.300000000000001        2.4500000476837158        90.012685041189528     
  -21.750000000000000        2.4749999046325684        90.007192050247326     
  -22.149999999999999        2.5000000000000000        90.030622424103385     
  -22.600000000000001        2.5250000953674316        90.020717949397465     
  -23.050000000000001        2.5499999523162842        90.008497671678825     
  -23.449999999999999        2.5750000476837158        90.025382052218589     
  -23.899999999999999        2.5999999046325684        90.008522328822650     
  -24.300000000000001        2.6250000000000000        90.020899146426501     
  -24.699999999999999        2.6500000953674316        90.031023651827368     
  -25.149999999999999        2.6749999523162842        90.006990176393145     
  -25.550000000000001        2.7000000476837158        90.012407002132051     
  -25.949999999999999        2.7249999046325684        90.015473539656696     
  -26.350000000000001        2.7500000000000000        90.016164418570796     
  -26.750000000000000        2.7750000953674316        90.014447371393928     
  -27.149999999999999        2.7999999523162842        90.010290725242612     
  -27.550000000000001        2.8250000476837158        90.003670632747358     
  -27.899999999999999        2.8499999046325684        90.027207960369395     
  -28.300000000000001        2.8750000000000000        90.015688899639557     
  -28.699999999999999        2.9000000953674316        90.001622284510731     
  -29.050000000000001        2.9249999523162842        90.017986565259093     
  -29.399999999999999        2.9500000476837158        90.031993191523256     
  -29.800000000000001        2.9749999046325684        90.010366919539806     
  -30.149999999999999        3.0000000000000000        90.019465189137051     
  -30.500000000000000        3.0250000953674316        90.026137067461718     
  -30.850000000000001        3.0499999523162842        90.030359433790238     
  -31.199999999999999        3.0750000476837158        90.032116469693776     
  -31.550000000000001        3.0999999046325684        90.031383739005875     
  -31.899999999999999        3.1250000000000000        90.028146312064763     
  -32.250000000000000        3.1500000953674316        90.022382983049283     
  -32.600000000000001        3.1749999523162842        90.014073093191996     
  -32.950000000000003        3.2000000476837158        90.003203072808802     
  -33.250000000000000        3.2249999046325684        90.024259406242479     
  -33.600000000000001        3.2500000000000000        90.008343067697979     
  -33.899999999999999        3.2750000953674316        90.024583694409500     
  -34.250000000000000        3.2999999523162842        90.003555515829916     
  -34.549999999999997        3.3250000476837158        90.014919285214333     
  -34.850000000000001        3.3499999046325684        90.023887867138086     
  -35.149999999999999        3.3750000000000000        90.030452535997853     
  -35.450000000000003        3.4000000953674316        90.034598668546352     
  -35.799999999999997        3.4249999523162842        90.000744471387506     
  -36.049999999999997        3.4500000476837158        90.035585187604767     
  -36.350000000000001        3.4749999046325684        90.032402542558586     
  -36.649999999999999        3.5000000000000000        90.026757263740279     
  -36.950000000000003        3.5250000953674316        90.018636797738921     
  -37.250000000000000        3.5499999523162842        90.008029058656263     
  -37.500000000000000        3.5750000476837158        90.031310386059104     
  -37.799999999999997        3.5999999046325684        90.015840249960249     
  -38.049999999999997        3.6250000000000000        90.034515320516505     
  -38.350000000000001        3.6500000953674316        90.014150077395740     
  -38.600000000000001        3.6749999523162842        90.028184870398150     
  -38.899999999999999        3.7000000476837158        90.002890938387054     
  -39.149999999999999        3.7249999046325684        90.012258020298987     
  -39.399999999999999        3.7500000000000000        90.019352012939237     
  -39.649999999999999        3.7750000953674316        90.024164861635228     
  -39.899999999999999        3.7999999523162842        90.026688884532277     
  -40.149999999999999        3.8250000476837158        90.026922149549591     
  -40.399999999999999        3.8499999046325684        90.024855810332795     
  -40.649999999999999        3.8750000000000000        90.020488502581372     
  -40.899999999999999        3.9000000953674316        90.013813817429067     
  -41.149999999999999        3.9249999523162842        90.004825723841492     
  -41.350000000000001        3.9500000476837158        90.031976017202297     
  -41.600000000000001        3.9749999046325684        90.018491242128732     
  -41.850000000000001        4.0000000000000000        90.002685400448485     
  -42.049999999999997        4.0250000953674316        90.023420486681545     
  -42.299999999999997        4.0500001907348633        90.003098122068778     
  -42.500000000000000        4.0749998092651367        90.019583686591929     
  -42.700000000000003        4.0999999046325684        90.034014329225684     
  -42.950000000000003        4.1250000000000000        90.006967075738103     
  -43.149999999999999        4.1500000953674316        90.017137067761723     
  -43.350000000000001        4.1750001907348633        90.025242441747324     
  -43.549999999999997        4.1999998092651367        90.031278335411770     
  -43.750000000000000        4.2249999046325684        90.035249550738811     
  -43.950000000000003        4.2500000000000000        90.037151662735710     
  -44.149999999999999        4.2750000953674316        90.036983643021983     
  -44.350000000000001        4.3000001907348633        90.034744696921081     
  -44.549999999999997        4.3249998092651367        90.030431275215719     
  -44.750000000000000        4.3499999046325684        90.024049056848057     
  -44.950000000000003        4.3750000000000000        90.015594931051226     
  -45.149999999999999        4.4000000953674316        90.005069038371175     
  -45.299999999999997        4.4250001907348633        90.033512765545893     
  -45.500000000000000        4.4499998092651367        90.018974570647288     
  -45.700000000000003        4.4749999046325684        90.002368816323425     
  -45.850000000000001        4.5000000000000000        90.025131374274963     
  -46.049999999999997        4.5250000953674316        90.004519355520486     
  -46.200000000000003        4.5500001907348633        90.023539783646015     
  -46.350000000000001        4.5749998092651367        90.040752339933761     
  -46.549999999999997        4.5999999046325684        90.014203502749666     
  -46.700000000000003        4.6250000000000000        90.027680396173892     
  -46.850000000000001        4.6500000953674316        90.039353935633031     
  -47.049999999999997        4.6750001907348633        90.006880677280606     
  -47.200000000000003        4.6999998092651367        90.014820268179520     
  -47.350000000000001        4.7249999046325684        90.020962472269574     
  -47.500000000000000        4.7500000000000000        90.025305945824130     
  -47.649999999999999        4.7750000953674316        90.027852099357588     
  -47.799999999999997        4.8000001907348633        90.028602505903024     
  -47.950000000000003        4.8249998092651367        90.027556471863818     
  -48.100000000000001        4.8499999046325684        90.024720779893400     
  -48.250000000000000        4.8750000000000000        90.020095033339459     
  -48.399999999999999        4.9000000953674316        90.013681453298048     
  -48.549999999999997        4.9250001907348633        90.005482422179213     
  -48.649999999999999        4.9499998092651367        90.039201541187083     
  -48.799999999999997        4.9749999046325684        90.027558448248897     
  -48.950000000000003        5.0000000000000000        90.014137196687756     
  -49.049999999999997        5.0250000953674316        90.042998745025898     
  -49.200000000000003        5.0500001907348633        90.026146892592280     
  -49.350000000000001        5.0749998092651367        90.007523366542173     
  -49.450000000000003        5.0999999046325684        90.031540930153142     
  -49.600000000000001        5.1250000000000000        90.009505059032421     
  -49.700000000000003        5.1500000953674316        90.030341535243551     
  -49.850000000000001        5.1750001907348633        90.004902661741127     
  -49.950000000000003        5.1999998092651367        90.022564486169770     
  -50.049999999999997        5.2249999046325684        90.038700671383197     
  -50.200000000000003        5.2500000000000000        90.008235995369958     
  -50.299999999999997        5.2750000953674316        90.021213178960707     
  -50.399999999999999        5.3000001907348633        90.032668585255152     
  -50.500000000000000        5.3249998092651367        90.042602181074940     
  -50.649999999999999        5.3499999046325684        90.005517553784017     
  -50.750000000000000        5.3750000000000000        90.012314916938237     
  -50.850000000000001        5.4000000953674316        90.017599645033471     
  -50.950000000000003        5.4250001907348633        90.021374044364450     
  -51.049999999999997        5.4499998092651367        90.023638745785320     
  -51.149999999999999        5.4749999046325684        90.024399850645807     
  -51.250000000000000        5.5000000000000000        90.023658173968883     
  -51.350000000000001        5.5250000953674316        90.021416440087393     
  -51.450000000000003        5.5500001907348633        90.017677477140211     
  -51.549999999999997        5.5749998092651367        90.012442560611078     
  -51.649999999999999        5.5999999046325684        90.005718062312809     
  -51.700000000000003        5.6250000000000000        90.044098571664833     
  -51.799999999999997        5.6500000953674316        90.034493741552268     
  -51.899999999999999        5.6750001907348633        90.023406243679091     
  -52.000000000000000        5.6999998092651367        90.010837978178685     
  -52.049999999999997        5.7249999046325684        90.043752637737768     
  -52.149999999999999        5.7500000000000000        90.028326299777760     
  -52.250000000000000        5.7750000953674316        90.011430476408805     
  -52.299999999999997        5.8000001907348633        90.040286958595701     
  -52.399999999999999        5.8249998092651367        90.020546957896542     
  -52.450000000000003        5.8499999046325684        90.046735533293671     
  -52.549999999999997        5.8750000000000000        90.024165555823942     
  -52.649999999999999        5.9000000953674316        90.000143816680747     
  -52.700000000000003        5.9250001907348633        90.022303784342739     
  -52.750000000000000        5.9499998092651367        90.043176646424314     
  -52.850000000000001        5.9749999046325684        90.014980653820103     
  -52.899999999999999        6.0000000000000000        90.033209589429518     
  -53.000000000000000        6.0250000953674316        90.002220333233382     
  -53.049999999999997        6.0500001907348633        90.017812821608317     
  -53.100000000000001        6.0749998092651367        90.032125618390197     
  -53.149999999999999        6.0999999046325684        90.045162273012835     
  -53.250000000000000        6.1250000000000000        90.008699299431029     
  -53.299999999999997        6.1500000953674316        90.019116398293534     
  -53.350000000000001        6.1750001907348633        90.028261338219494     
  -53.399999999999999        6.1999998092651367        90.036134497294412     
  -53.450000000000003        6.2249999046325684        90.042739527144860     
  -53.500000000000000        6.2500000000000000        90.048076913615589     
  -53.600000000000001        6.2750000953674316        90.003532183192860     
  -53.649999999999999        6.3000001907348633        90.006278364344823     
  -53.700000000000003        6.3249998092651367        90.007762370747685     
  -53.750000000000000        6.3499999046325684        90.007987952753240     
  -53.799999999999997        6.3750000000000000        90.006956041677853     
  -53.850000000000001        6.4000000953674316        90.004668601825770     
  -53.899999999999999        6.4250001907348633        90.001127661500902     
  -53.899999999999999        6.4499998092651367        90.045349077711023     
  -53.950000000000003        6.4749999046325684        90.039359094048152     
  -54.000000000000000        6.5000000000000000        90.032120729131080     
  -54.049999999999997        6.5250000953674316        90.023636260480913     
  -54.100000000000001        6.5500001907348633        90.013908028536676     
  -54.149999999999999        6.5749998092651367        90.002937717889793     
  -54.149999999999999        6.5999999046325684        90.040033120340638     
  -54.200000000000003        6.6250000000000000        90.026631734943280     
  -54.250000000000000        6.6500000953674316        90.011995199085831     
  -54.250000000000000        6.6750001907348633        90.045556244018314     
  -54.299999999999997        6.6999998092651367        90.028496121175294     
  -54.350000000000001        6.7249999046325684        90.010208218003655     
  -54.350000000000001        6.7500000000000000        90.040238617856133     
  -54.399999999999999        6.7750000953674316        90.019537594216956     
  -54.399999999999999        6.8000001907348633        90.047228240342008     
  -54.450000000000003        6.8249998092651367        90.024119810574618     
  -54.450000000000003        6.8499999046325684        90.049471578610621     
  -54.500000000000000        6.8750000000000000        90.023963404016328     
  -54.500000000000000        6.9000000953674316        90.046977542664365     
  -54.549999999999997        6.9250001907348633        90.019076194030262     
  -54.549999999999997        6.9499998092651367        90.039754007035611     
  -54.600000000000001        6.9749999046325684        90.009467030349057     
  -54.600000000000001        7.0000000000000000        90.027811409171207     
  -54.600000000000001        7.0250000953674316        90.045000344609790     
  -54.649999999999999        7.0500001907348633        90.011159794009927     
  -54.649999999999999        7.0749998092651367        90.026017130573322     
  -54.649999999999999        7.0999999046325684        90.039718678604700     
  -54.700000000000003        7.1250000000000000        90.002339662832853     
  -54.700000000000003        7.1500000953674316        90.013713314862258     
  -54.700000000000003        7.1750001907348633        90.023930695467001     
  -54.700000000000003        7.1999998092651367        90.032991205308647     
  -54.700000000000003        7.2249999046325684        90.040894801856695     
  -54.700000000000003        7.2500000000000000        90.047640962540569     
  -54.750000000000000        7.2750000953674316        90.003242760330792     
  -54.750000000000000        7.3000001907348633        90.007667766914892     
  -54.750000000000000        7.3249998092651367        90.010935995694766     
  -54.750000000000000        7.3499999046325684        90.013047431324324     
  -54.750000000000000        7.3750000000000000        90.014001909964023     
  -54.750000000000000        7.4000000953674316        90.013799390714055     
  -54.750000000000000        7.4250001907348633        90.012439882252608     
  -54.750000000000000        7.4499998092651367        90.009923501863781     
  -54.750000000000000        7.4749999046325684        90.006250261371690     
  -54.750000000000000        7.5000000000000000        90.001420355104827     
  -54.700000000000003        7.5250000953674316        90.045410985642278     
  -54.700000000000003        7.5500001907348633        90.038259599248775     
  -54.700000000000003        7.5749998092651367        90.029951059448805     
  -54.700000000000003        7.5999999046325684        90.020485405325829     
  -54.700000000000003        7.6250000000000000        90.009863189787453     
  -54.649999999999999        7.6500000953674316        90.048003517822565     
  -54.649999999999999        7.6750001907348633        90.035053653683519     
  -54.649999999999999        7.6999998092651367        90.020947599834614     
  -54.649999999999999        7.7249999046325684        90.005685421980985     
  -54.600000000000001        7.7500000000000000        90.039114406339422     
  -54.600000000000001        7.7750000953674316        90.021520891979350     
  -54.600000000000001        7.8000001907348633        90.002772203244461     
  -54.549999999999997        7.8249998092651367        90.032646831592160     
  -54.549999999999997        7.8499999046325684        90.011564421166369     
  -54.500000000000000        7.8750000000000000        90.039052175284809     
  -54.500000000000000        7.9000000953674316        90.015633989577481     
  -54.450000000000003        7.9250001907348633        90.040727788948729     
  -54.450000000000003        7.9499998092651367        90.014972714166305     
  -54.399999999999999        7.9749999046325684        90.037665568160932     
  -54.399999999999999        8.0000000000000000        90.009571422164029     
  -54.350000000000001        8.0249996185302734        90.029857303032912     
  -54.299999999999997        8.0500001907348633        90.048917428396066     
  -54.299999999999997        8.0749998092651367        90.017295463105569     
  -54.250000000000000        8.1000003814697266        90.033937583264418     
  -54.200000000000003        8.1250000000000000        90.049349330857609     
  -54.200000000000003        8.1499996185302734        90.014194533518406     
  -54.149999999999999        8.1750001907348633        90.027177604360261     
  -54.100000000000001        8.1999998092651367        90.038923936009468     
  -54.100000000000001        8.2250003814697266        90.000231777549388     
  -54.049999999999997        8.2500000000000000        90.009542425973436     
  -54.000000000000000        8.2749996185302734        90.017609004496478     
  -53.950000000000003        8.3000001907348633        90.024427558489450     
  -53.899999999999999        8.3249998092651367        90.029999054701875     
  -53.850000000000001        8.3500003814697266        90.034317984236708     
  -53.799999999999997        8.3750000000000000        90.037385623306079     
  -53.750000000000000        8.3999996185302734        90.039198224969084     
  -53.700000000000003        8.4250001907348633        90.039751923175558     
  -53.649999999999999        8.4499998092651367        90.039048460525876     
  -53.600000000000001        8.4750003814697266        90.037082190171233     
  -53.549999999999997        8.5000000000000000        90.033855166908907     
  -53.500000000000000        8.5249996185302734        90.029363736637237     
  -53.450000000000003        8.5500001907348633        90.023604126665660     
  -53.399999999999999        8.5749998092651367        90.016578861647474     
  -53.350000000000001        8.6000003814697266        90.008282160440984     
  -53.250000000000000        8.6250000000000000        90.046985142846040     
  -53.200000000000003        8.6499996185302734        90.036078599694036     
  -53.149999999999999        8.6750001907348633        90.023894953970924     
  -53.100000000000001        8.6999998092651367        90.010437528242690     
  -53.000000000000000        8.7250003814697266        90.043684741604991     
  -52.950000000000003        8.7500000000000000        90.027597445637582     
  -52.899999999999999        8.7749996185302734        90.010229398834738     
  -52.799999999999997        8.8000001907348633        90.039335266203494     
  -52.750000000000000        8.8249998092651367        90.019324875074446     
  -52.649999999999999        8.8500003814697266        90.045628375552099     
  -52.600000000000001        8.8750000000000000        90.022967256691828     
  -52.500000000000000        8.8999996185302734        90.046458200473111     
  -52.450000000000003        8.9250001907348633        90.021135837922600     
  -52.350000000000001        8.9499998092651367        90.041799309862327     
  -52.299999999999997        8.9750003814697266        90.013811216095903     
  -52.200000000000003        9.0000000000000000        90.031635643381748     
  -52.149999999999999        9.0249996185302734        90.000978287320763     
  -52.049999999999997        9.0500001907348633        90.015949800679962     
  -51.950000000000003        9.0749998092651367        90.029450660537748     
  -51.850000000000001        9.1000003814697266        90.041471145006781     
  -51.799999999999997        9.1250000000000000        90.005360485492403     
  -51.700000000000003        9.1499996185302734        90.014512255830923     
  -51.600000000000001        9.1750001907348633        90.022174430122419     
  -51.500000000000000        9.1999998092651367        90.028350319807771     
  -51.399999999999999        9.2250003814697266        90.033030214324228     
  -51.299999999999997        9.2500000000000000        90.036217829044588     
  -51.200000000000003        9.2749996185302734        90.037906940821756     
  -51.100000000000001        9.3000001907348633        90.038091231397075     
  -51.000000000000000        9.3249998092651367        90.036775025155791     
  -50.899999999999999        9.3500003814697266        90.033948632780550     
  -50.799999999999997        9.3750000000000000        90.029616786411751     
  -50.700000000000003        9.3999996185302734        90.023773535543612     
  -50.600000000000001        9.4250001907348633        90.016412835553666     
  -50.500000000000000        9.4499998092651367        90.007540032245473     
  -50.350000000000001        9.4750003814697266        90.042398414617978     
  -50.250000000000000        9.5000000000000000        90.030380120979004     
  -50.149999999999999        9.5249996185302734        90.016839179432552     
  -50.049999999999997        9.5500001907348633        90.001769831230249     
  -49.899999999999999        9.5749998092651367        90.029994808015445     
  -49.799999999999997        9.6000003814697266        90.011760292008105     
  -49.649999999999999        9.6250000000000000        90.036592427569957     
  -49.549999999999997        9.6499996185302734        90.015187698757870     
  -49.399999999999999        9.6750001907348633        90.036610322271656     
  -49.299999999999997        9.6999998092651367        90.012022957084810     
  -49.149999999999999        9.7250003814697266        90.030028870970682     
  -49.049999999999997        9.7500000000000000        90.002251580818509     
  -48.899999999999999        9.7749996185302734        90.016835057689235     
  -48.750000000000000        9.8000001907348633        90.029637854051387     
  -48.600000000000001        9.8249998092651367        90.040666072481827     
  -48.500000000000000        9.8500003814697266        90.006366364784071     
  -48.350000000000001        9.8750000000000000        90.013949035683552     
  -48.200000000000003        9.8999996185302734        90.019745496160354     
  -48.049999999999997        9.9250001907348633        90.023748597032096     
  -47.899999999999999        9.9499998092651367        90.025965763701350     
  -47.750000000000000        9.9750003814697266        90.026385293407245     
  -47.600000000000001        10.000000000000000        90.025015152294898     
  -47.450000000000003        10.024999618530273        90.021848784271057     
  -47.299999999999997        10.050000190734863        90.016879578764858     
  -47.149999999999999        10.074999809265137        90.010116314431116     
  -47.000000000000000        10.100000381469727        90.001547558191959     
  -46.799999999999997        10.125000000000000        90.033354251672748     
  -46.649999999999999        10.149999618530273        90.021058592020552     
  -46.500000000000000        10.175000190734863        90.006954071854423     
  -46.299999999999997        10.199999809265137        90.032835035820327     
  -46.149999999999999        10.225000381469727        90.014991652230677     
  -45.950000000000003        10.250000000000000        90.036871589627438     
  -45.799999999999997        10.274999618530273        90.015291965181106     
  -45.600000000000001        10.300000190734863        90.033160891089878     
  -45.450000000000003        10.324999809265137        90.007838073671493     
  -45.250000000000000        10.350000381469727        90.021698722010981     
  -45.049999999999997        10.375000000000000        90.033493833880442     
  -44.899999999999999        10.399999618530273        90.002489887768107     
  -44.700000000000003        10.425000190734863        90.010269482010330     
  -44.500000000000000        10.449999809265137        90.015983274214022     
  -44.299999999999997        10.475000381469727        90.019619499974951     
  -44.100000000000001        10.500000000000000        90.021190608972645     
  -43.899999999999999        10.524999618530273        90.020691240833230     
  -43.700000000000003        10.550000190734863        90.018116035703599     
  -43.500000000000000        10.574999809265137        90.013478494128265     
  -43.299999999999997        10.600000381469727        90.006767437048026     
  -43.049999999999997        10.625000000000000        90.037503406573720     
  -42.850000000000001        10.649999618530273        90.026532067183169     
  -42.649999999999999        10.675000190734863        90.013492210750755     
  -42.399999999999999        10.699999809265137        90.037493294614293     
  -42.200000000000003        10.725000381469727        90.020198584621042     
  -42.000000000000000        10.750000000000000        90.000855856058152     
  -41.750000000000000        10.774999618530273        90.018141900977852     
  -41.500000000000000        10.800000190734863        90.033096349238178     
  -41.299999999999997        10.824999809265137        90.007332080785801     
  -41.049999999999997        10.850000381469727        90.017785004551882     
  -40.799999999999997        10.875000000000000        90.025930556249818     
  -40.549999999999997        10.899999618530273        90.031765954722829     
  -40.299999999999997        10.925000190734863        90.035288488536565     
  -40.049999999999997        10.949999809265137        90.036517087227253     
  -39.799999999999997        10.975000381469727        90.035442481127092     
  -39.549999999999997        11.000000000000000        90.032084474912935     
  -39.299999999999997        11.024999618530273        90.026441555685295     
  -39.049999999999997        11.050000190734863        90.018512280218559     
  -38.799999999999997        11.074999809265137        90.008317756371227     
  -38.500000000000000        11.100000381469727        90.032732784618759     
  -38.250000000000000        11.125000000000000        90.017875533320293     
  -38.000000000000000        11.149999618530273        90.000766645308744     
  -37.700000000000003        11.175000190734863        90.017877027860393     
  -37.399999999999999        11.199999809265137        90.032485221627752     
  -37.149999999999999        11.225000381469727        90.008387029236630     
  -36.850000000000001        11.250000000000000        90.018139248274153     
  -36.549999999999997        11.274999618530273        90.025409681442255     
  -36.250000000000000        11.300000190734863        90.030200536297684     
  -35.950000000000003        11.324999809265137        90.032538528594145     
  -35.649999999999999        11.350000381469727        90.032418553352358     
  -35.350000000000001        11.375000000000000        90.029868379070379     
  -35.049999999999997        11.399999618530273        90.024891753711870     
  -34.750000000000000        11.425000190734863        90.017492573337890     
  -34.450000000000003        11.449999809265137        90.007700165068755     
  -34.100000000000001        11.475000381469727        90.030365852140378     
  -33.799999999999997        11.500000000000000        90.015678471288638     
  -33.450000000000003        11.524999618530273        90.033223455795493     
  -33.149999999999999        11.550000190734863        90.013690386470756     
  -32.799999999999997        11.574999809265137        90.026168410640977     
  -32.500000000000000        11.600000381469727        90.001859450516008     
  -32.149999999999999        11.625000000000000        90.009336365917505     
  -31.800000000000001        11.649999618530273        90.014275029643642     
  -31.449999999999999        11.675000190734863        90.016685073119390     
  -31.100000000000001        11.699999809265137        90.016603512271914     
  -30.750000000000000        11.725000381469727        90.014031893315391     
  -30.399999999999999        11.750000000000000        90.009008433476595     
  -30.050000000000001        11.774999618530273        90.001544612663793     
  -29.649999999999999        11.800000190734863        90.024857963367012     
  -29.300000000000001        11.824999809265137        90.012456154152645     
  -28.899999999999999        11.850000381469727        90.030635531600979     
  -28.550000000000001        11.875000000000000        90.013387634929344     
  -28.149999999999999        11.899999618530273        90.026540719703434     
  -27.800000000000001        11.925000190734863        90.004533084373719     
  -27.399999999999999        11.949999809265137        90.012752801617211     
  -27.000000000000000        11.975000381469727        90.018478860755963     
  -26.600000000000001        12.000000000000000        90.021758981552097     
  -26.199999999999999        12.024999618530273        90.022612415744177     
  -25.800000000000001        12.050000190734863        90.021058722557314     
  -25.399999999999999        12.074999809265137        90.017147594772780     
  -25.000000000000000        12.100000381469727        90.010889712932368     
  -24.600000000000001        12.125000000000000        90.002336043647460     
  -24.149999999999999        12.149999618530273        90.023131430597132     
  -23.750000000000000        12.175000190734863        90.009948147325844     
  -23.300000000000001        12.199999809265137        90.025985372560484     
  -22.899999999999999        12.225000381469727        90.008318685147998     
  -22.449999999999999        12.250000000000000        90.019742154016797     
  -22.000000000000000        12.274999618530273        90.028865847138803     
  -21.600000000000001        12.300000190734863        90.004691103583014     
  -21.149999999999999        12.324999809265137        90.009427582232220     
  -20.699999999999999        12.350000381469727        90.011971940567648     
  -20.250000000000000        12.375000000000000        90.012386253666293     
  -19.800000000000001        12.399999618530273        90.010701649274424     
  -19.350000000000001        12.425000190734863        90.006949596369466     
  -18.899999999999999        12.449999809265137        90.001194082312196     
  -18.399999999999999        12.475000381469727        90.023865312002229     
  -17.949999999999999        12.500000000000000        90.014130425312814     
  -17.500000000000000        12.524999618530273        90.002514423335114     
  -17.000000000000000        12.550000190734863        90.019221551561245     
  -16.550000000000001        12.574999809265137        90.003902398393620     
  -16.050000000000001        12.600000381469727        90.016850139886600     
  -15.550000000000001        12.625000000000000        90.027968365443229     
  -15.100000000000000        12.649999618530273        90.007418140390143     
  -14.600000000000000        12.675000190734863        90.015070121349282     
  -14.100000000000000        12.699999809265137        90.021050084826484     
  -13.600000000000000        12.725000381469727        90.025389903864635     
  -13.100000000000000        12.750000000000000        90.028166532546351     
  -12.600000000000000        12.774999618530273        90.029423894249049     
  -12.100000000000000        12.800000190734863        90.029206217618835     
  -11.600000000000000        12.824999809265137        90.027592003847644     
  -11.100000000000000        12.850000381469727        90.024615002581839     
  -10.600000000000000        12.875000000000000        90.020354651275099     
  -10.100000000000000        12.899999618530273        90.014856764267464     
  -9.5999999999999996        12.925000190734863        90.008167404308210     
  -9.0999999999999996        12.949999809265137        90.000367268023382     
  -8.5500000000000007        12.975000381469727        90.020665781628921     
  -8.0500000000000007        13.000000000000000        90.010757582859654     
  -7.5000000000000000        13.024999618530273        90.029004493174838     
  -7.0000000000000000        13.050000190734863        90.017221259358820     
  -6.5000000000000000        13.074999809265137        90.004625957214444     
  -5.9500000000000002        13.100000381469727        90.020260385143231     
  -5.4500000000000002        13.125000000000000        90.006170261558225     
  -4.9000000000000004        13.149999618530273        90.020392949643536     
  -4.4000000000000004        13.175000190734863        90.005046133254126     
  -3.8500000000000001        13.199999809265137        90.018105755051607     
  -3.3500000000000001        13.225000381469727        90.001765135325712     
  -2.7999999999999998        13.250000000000000        90.013923416933821     
  -2.2500000000000000        13.274999618530273        90.025723580569633     
  -1.7500000000000000        13.300000190734863        90.008361328950258     
  -1.2000000000000000        13.324999809265137        90.019657231990976     
 -0.69999999999999996        13.350000381469727        90.001936608033873     
 -0.14999999999999999        13.375000000000000        90.012992197043886     
  0.40000000000000002        13.399999618530273        90.024026931723924     
  0.90000000000000002        13.425000190734863        90.006246971649233     
   1.4500000000000000        13.449999809265137        90.017440248710628     
   2.0000000000000000        13.475000381469727        90.028804101014117     
   2.5000000000000000        13.500000000000000        90.011556042817077     
   3.0499999999999998        13.524999618530273        90.023488508357985     
   3.5499999999999998        13.550000190734863        90.006891826563930     
   4.0999999999999996        13.574999809265137        90.019644370769527     
   4.5999999999999996        13.600000381469727        90.003963585233905     
   5.1500000000000004        13.625000000000000        90.017798313764132     
   5.6500000000000004        13.649999618530273        90.003296731223415     
   6.2000000000000002        13.675000190734863        90.018462787491998     
   6.7000000000000002        13.699999809265137        90.005379030863892     
   7.2500000000000000        13.725000381469727        90.022147099494958     
   7.7500000000000000        13.750000000000000        90.010729657176213     
   8.2500000000000000        13.774999618530273        90.000219421313616     
   8.8000000000000007        13.800000190734863        90.019852065986228     
   9.3000000000000007        13.824999809265137        90.011374553381245     
   9.8000000000000007        13.850000381469727        90.003971182858976     
   10.350000000000000        13.875000000000000        90.027042972288129     
   10.850000000000000        13.899999618530273        90.022044572991192     
   11.350000000000000        13.925000190734863        90.018295800803770     
   11.850000000000000        13.949999809265137        90.015876344854817     
   12.350000000000000        13.975000381469727        90.014820147950061     
   12.850000000000000        14.000000000000000        90.015205984956793     
   13.350000000000000        14.024999618530273        90.017078313701489     
   13.850000000000000        14.050000190734863        90.020481293306318     
   14.350000000000000        14.074999809265137        90.025492184044751     
   14.800000000000001        14.100000381469727        90.002306495337166     
   15.300000000000001        14.125000000000000        90.010605484571897     
   15.800000000000001        14.149999618530273        90.020660889136423     
   16.250000000000000        14.175000190734863        90.002467656843137     
   16.750000000000000        14.199999809265137        90.016120047993525     
   17.199999999999999        14.225000381469727        90.001475872895497     
   17.699999999999999        14.250000000000000        90.018924858913408     
   18.149999999999999        14.274999618530273        90.008030258084759     
   18.649999999999999        14.300000190734863        90.029460446546281     
   19.100000000000001        14.324999809265137        90.022490159347981     
   19.550000000000001        14.350000381469727        90.017496841690473     
   20.000000000000000        14.375000000000000        90.014544849258783     
   20.449999999999999        14.399999618530273        90.013665942052128     
   20.899999999999999        14.425000190734863        90.014891543154832     
   21.350000000000001        14.449999809265137        90.018284119595293     
   21.800000000000001        14.475000381469727        90.023863539178095     
   22.199999999999999        14.500000000000000        90.000534261037956     
   22.649999999999999        14.524999618530273        90.010541394213305     
   23.100000000000001        14.550000190734863        90.022853040749567     
   23.500000000000000        14.574999809265137        90.006074404926508     
   23.949999999999999        14.600000381469727        90.023028657357514     
   24.350000000000001        14.625000000000000        90.010760544254140     
   24.750000000000000        14.649999618530273        90.000746139697000     
   25.199999999999999        14.675000190734863        90.024878611385972     
   25.600000000000001        14.699999809265137        90.019574652025653     
   26.000000000000000        14.725000381469727        90.016609952526579     
   26.399999999999999        14.750000000000000        90.016034574845264     
   26.800000000000001        14.774999618530273        90.017868355533196     
   27.199999999999999        14.800000190734863        90.022130826065364     
   27.600000000000001        14.824999809265137        90.028870090067400     
   27.949999999999999        14.850000381469727        90.005441108165698     
   28.350000000000001        14.875000000000000        90.017081652909567     
   28.750000000000000        14.899999618530273        90.031270816911018     
   29.100000000000001        14.925000190734863        90.015018389274175     
   29.449999999999999        14.949999809265137        90.001136428880415     
   29.850000000000001        14.975000381469727        90.022876755009378     
   30.199999999999999        15.000000000000000        90.013905139329566     
   30.550000000000001        15.024999618530273        90.007360823069220     
   30.899999999999999        15.050000190734863        90.003255536224046     
   31.250000000000000        15.074999809265137        90.001627859788016     
   31.600000000000001        15.100000381469727        90.002479557917567     
   31.949999999999999        15.125000000000000        90.005848016672246     
   32.299999999999997        15.149999618530273        90.011743127427081     
   32.649999999999999        15.175000190734863        90.020174546849603     
   33.000000000000000        15.199999809265137        90.031177832368826     
   33.299999999999997        15.225000381469727        90.010244609852748     
   33.649999999999999        15.250000000000000        90.026295580018072     
   33.950000000000003        15.274999618530273        90.010190183472076     
   34.299999999999997        15.300000190734863        90.031343577621996     
   34.600000000000001        15.324999809265137        90.020116223326795     
   34.899999999999999        15.350000381469727        90.011274139607877     
   35.200000000000003        15.375000000000000        90.004846953096305     
   35.500000000000000        15.399999618530273        90.000838755225203     
   35.850000000000001        15.425000190734863        90.034821117677680     
   36.100000000000001        15.449999809265137        90.000119231066179     
   36.399999999999999        15.475000381469727        90.003431036114492     
   36.700000000000003        15.500000000000000        90.009215929507008     
   37.000000000000000        15.524999618530273        90.017476319857025     
   37.299999999999997        15.550000190734863        90.028214465104483     
   37.549999999999997        15.574999809265137        90.005073679696011     
   37.850000000000001        15.600000381469727        90.020674942545554     
   38.100000000000001        15.625000000000000        90.002140923749977     
   38.399999999999999        15.649999618530273        90.022647398025256     
   38.649999999999999        15.675000190734863        90.008744572522787     
   38.950000000000003        15.699999809265137        90.034180087800337     
   39.200000000000003        15.725000381469727        90.024945432709657     
   39.450000000000003        15.750000000000000        90.017993275687104     
   39.700000000000003        15.774999618530273        90.013322312935813     
   39.950000000000003        15.800000190734863        90.010931171255748     
   40.200000000000003        15.824999809265137        90.010839895040732     
   40.450000000000003        15.850000381469727        90.013039322503786     
   40.700000000000003        15.875000000000000        90.017548624703522     
   40.950000000000003        15.899999618530273        90.024365232433638     
   41.200000000000003        15.925000190734863        90.033486506856462     
   41.399999999999999        15.949999809265137        90.006478001035845     
   41.649999999999999        15.975000381469727        90.020095926494960     
   41.899999999999999        16.000000000000000        90.036043327086915     
   42.100000000000001        16.024999618530273        90.015449617292205     
   42.350000000000001        16.049999237060547        90.035913146714989     
   42.549999999999997        16.075000762939453        90.019552129653817     
   42.750000000000000        16.100000381469727        90.005262323685955     
   43.000000000000000        16.125000000000000        90.032450145067003     
   43.200000000000003        16.149999618530273        90.022420427632099     
   43.399999999999999        16.174999237060547        90.014455015394958     
   43.600000000000001        16.200000762939453        90.008543090218367     
   43.799999999999997        16.225000381469727        90.004711294926366     
   44.000000000000000        16.250000000000000        90.002948229353379     
   44.200000000000003        16.274999618530273        90.003254901839099     
   44.399999999999999        16.299999237060547        90.005632087181098     
   44.600000000000001        16.325000762939453        90.010068383406590     
   44.799999999999997        16.350000381469727        90.016588101246967     
   45.000000000000000        16.375000000000000        90.025179254523906     
   45.200000000000003        16.399999618530273        90.035841683494041     
   45.350000000000001        16.424999237060547        90.007533989350790     
   45.549999999999997        16.450000762939453        90.022193475961856     
   45.750000000000000        16.475000381469727        90.038934333086658     
   45.899999999999999        16.500000000000000        90.016306316187041     
   46.100000000000001        16.524999618530273        90.037052295525328     
   46.250000000000000        16.549999237060547        90.018165235531313     
   46.399999999999999        16.575000762939453        90.001071921094663     
   46.600000000000001        16.600000381469727        90.027753024657684     
   46.750000000000000        16.625000000000000        90.014407746732402     
   46.899999999999999        16.649999618530273        90.002865160389391     
   47.100000000000001        16.674999237060547        90.035468690029745     
   47.250000000000000        16.700000762939453        90.027645865712657     
   47.399999999999999        16.725000381469727        90.021632666023976     
   47.549999999999997        16.750000000000000        90.017417470789766     
   47.700000000000003        16.774999618530273        90.014998854039305     
   47.850000000000001        16.799999237060547        90.014375227441349     
   48.000000000000000        16.825000762939453        90.015535133920778     
   48.149999999999999        16.850000381469727        90.018496182513417     
   48.299999999999997        16.875000000000000        90.023246483946409     
   48.450000000000003        16.899999618530273        90.029783802475222     
   48.600000000000001        16.924999237060547        90.038105741212846     
   48.700000000000003        16.950000762939453        90.004497223312313     
   48.850000000000001        16.975000381469727        90.016261659278470     
   49.000000000000000        17.000000000000000        90.029803380776031     
   49.100000000000001        17.024999618530273        90.001061417896807     
   49.250000000000000        17.049999237060547        90.018031957905606     
   49.399999999999999        17.075000762939453        90.036762455207054     
   49.500000000000000        17.100000381469727        90.012861873572092     
   49.649999999999999        17.125000000000000        90.035013792197645     
   49.750000000000000        17.149999618530273        90.014292414835964     
   49.899999999999999        17.174999237060547        90.039845423038031     
   50.000000000000000        17.200000762939453        90.022286606117646     
   50.100000000000001        17.225000381469727        90.006262726853180     
   50.250000000000000        17.250000000000000        90.036838713610308     
   50.350000000000001        17.274999618530273        90.023971831380038     
   50.450000000000003        17.299999237060547        90.012625706836161     
   50.549999999999997        17.325000762939453        90.002790836131624     
   50.700000000000003        17.350000381469727        90.039982799483283     
   50.799999999999997        17.375000000000000        90.033291715502912     
   50.899999999999999        17.399999618530273        90.028112202519054     
   51.000000000000000        17.424999237060547        90.024441943538662     
   51.100000000000001        17.450000762939453        90.022271403208322     
   51.200000000000003        17.475000381469727        90.021612381898237     
   51.299999999999997        17.500000000000000        90.022455036092637     
   51.399999999999999        17.524999618530273        90.024796631341289     
   51.500000000000000        17.549999237060547        90.028634329538093     
   51.600000000000001        17.575000762939453        90.033958571991022     
   51.700000000000003        17.600000381469727        90.040779647892165     
   51.750000000000000        17.625000000000000        90.002494561192080     
   51.850000000000001        17.649999618530273        90.012193651838672     
   51.950000000000003        17.674999237060547        90.023374236518805     
   52.049999999999997        17.700000762939453        90.036026742476366     
   52.100000000000001        17.725000381469727        90.003202917271011     
   52.200000000000003        17.750000000000000        90.018718893442539     
   52.299999999999997        17.774999618530273        90.035703145838838     
   52.350000000000001        17.799999237060547        90.006933878862242     
   52.450000000000003        17.825000762939453        90.026752804372649     
   52.500000000000000        17.850000381469727        90.000649104852855     
   52.600000000000001        17.875000000000000        90.023302720752199     
   52.700000000000003        17.899999618530273        90.047406848183101     
   52.750000000000000        17.924999237060547        90.025328015788844     
   52.799999999999997        17.950000762939453        90.004528553581764     
   52.899999999999999        17.975000381469727        90.032803267314478     
   52.950000000000003        18.000000000000000        90.014651773468103     
   53.049999999999997        18.024999618530273        90.045717186419338     
   53.100000000000001        18.049999237060547        90.030199564999776     
   53.149999999999999        18.075000762939453        90.015954453511767     
   53.200000000000003        18.100000381469727        90.002990179064454     
   53.299999999999997        18.125000000000000        90.039524222616407     
   53.350000000000001        18.149999618530273        90.029176875415672     
   53.399999999999999        18.174999237060547        90.020100363764556     
   53.450000000000003        18.200000762939453        90.012288999832535     
   53.500000000000000        18.225000381469727        90.005749847909684     
   53.549999999999997        18.250000000000000        90.000476997948311     
   53.649999999999999        18.274999618530273        90.045084916689675     
   53.700000000000003        18.299999237060547        90.042400571084741     
   53.750000000000000        18.325000762939453        90.040972317057410     
   53.799999999999997        18.350000381469727        90.040805963079578     
   53.850000000000001        18.375000000000000        90.041895733305495     
   53.899999999999999        18.399999618530273        90.044239658348616     
   53.950000000000003        18.424999237060547        90.047835704956100     
   53.950000000000003        18.450000762939453        90.003663855663021     
   54.000000000000000        18.475000381469727        90.009706288674579     
   54.049999999999997        18.500000000000000        90.016995709864943     
   54.100000000000001        18.524999618530273        90.025529837288957     
   54.149999999999999        18.549999237060547        90.035306326217992     
   54.200000000000003        18.575000762939453        90.046319898935977     
   54.200000000000003        18.600000381469727        90.009270050565377     
   54.250000000000000        18.625000000000000        90.022715577820293     
   54.299999999999997        18.649999618530273        90.037394837750426     
   54.299999999999997        18.674999237060547        90.003875097072395     
   54.350000000000001        18.700000762939453        90.020972069356333     
   54.399999999999999        18.725000381469727        90.039298536195759     
   54.399999999999999        18.750000000000000        90.009305268437018     
   54.450000000000003        18.774999618530273        90.030041990151872     
   54.450000000000003        18.799999237060547        90.002385605543964     
   54.500000000000000        18.825000762939453        90.025524385343999     
   54.500000000000000        18.850000381469727        90.000204106407864     
   54.549999999999997        18.875000000000000        90.025742325276170     
   54.549999999999997        18.899999618530273        90.002756782709682     
   54.600000000000001        18.924999237060547        90.030685276498161     
   54.600000000000001        18.950000762939453        90.010031241730715     
   54.649999999999999        18.975000381469727        90.040342567720188     
   54.649999999999999        19.000000000000000        90.022021080731719     
   54.649999999999999        19.024999618530273        90.004853578565942     
   54.700000000000003        19.049999237060547        90.038714101351573     
   54.700000000000003        19.075000762939453        90.023873914818154     
   54.700000000000003        19.100000381469727        90.010189523768801     
   54.750000000000000        19.125000000000000        90.047584231419762     
   54.750000000000000        19.149999618530273        90.036224804570139     
   54.750000000000000        19.174999237060547        90.026020181500627     
   54.750000000000000        19.200000762939453        90.016970152324319     
   54.750000000000000        19.225000381469727        90.009076485101488     
   54.750000000000000        19.250000000000000        90.002338783201921     
   54.799999999999997        19.274999618530273        90.046743972809040     
   54.799999999999997        19.299999237060547        90.042324481801757     
   54.799999999999997        19.325000762939453        90.039060040026911     
   54.799999999999997        19.350000381469727        90.036951285247369     
   54.799999999999997        19.375000000000000        90.035998014589424     
   54.799999999999997        19.399999618530273        90.036200268849271     
   54.799999999999997        19.424999237060547        90.037558039371092     
   54.799999999999997        19.450000762939453        90.040071503874643     
   54.799999999999997        19.475000381469727        90.043740171304691     
   54.799999999999997        19.500000000000000        90.048564032365647     
   54.750000000000000        19.524999618530273        90.004565884848361     
   54.750000000000000        19.549999237060547        90.011708283236814     
   54.750000000000000        19.575000762939453        90.020007211493663     
   54.750000000000000        19.600000381469727        90.029461048215225     
   54.750000000000000        19.625000000000000        90.040069977983578     
   54.700000000000003        19.649999618530273        90.001914896668779     
   54.700000000000003        19.674999237060547        90.014848541553377     
   54.700000000000003        19.700000762939453        90.028938310574389     
   54.700000000000003        19.725000381469727        90.044181451588116     
   54.649999999999999        19.750000000000000        90.010731968940405     
   54.649999999999999        19.774999618530273        90.028303524897908     
   54.649999999999999        19.799999237060547        90.047028797353633     
   54.600000000000001        19.825000762939453        90.017131249129449     
   54.600000000000001        19.850000381469727        90.038187443249882     
   54.549999999999997        19.875000000000000        90.010672021334344     
   54.549999999999997        19.899999618530273        90.034061089611498     
   54.500000000000000        19.924999237060547        90.008936725010443     
   54.500000000000000        19.950000762939453        90.034662299934894     
   54.450000000000003        19.975000381469727        90.011936106519826     
   54.450000000000003        20.000000000000000        90.039995473442531     
   54.399999999999999        20.024999618530273        90.019673946957624     
   54.350000000000001        20.049999237060547        90.000575603198428     
   54.350000000000001        20.075000762939453        90.032161559108403     
   54.299999999999997        20.100000381469727        90.015478409773465     
   54.250000000000000        20.125000000000000        90.000025482915916     
   54.250000000000000        20.149999618530273        90.035137726549209     
   54.200000000000003        20.174999237060547        90.022109322528465     
   54.149999999999999        20.200000762939453        90.010320558159478     
   54.149999999999999        20.225000381469727        90.048964607602187     
   54.100000000000001        20.250000000000000        90.039605945494060     
   54.049999999999997        20.274999618530273        90.031489998588583     
   54.000000000000000        20.299999237060547        90.024619091203590     
   53.950000000000003        20.325000762939453        90.018998841583795     
   53.899999999999999        20.350000381469727        90.014624825939350     
   53.850000000000001        20.375000000000000        90.011502444795568     
   53.799999999999997        20.399999618530273        90.009633769610389     
   53.750000000000000        20.424999237060547        90.009020808032190     
   53.700000000000003        20.450000762939453        90.009669317683887     
   53.649999999999999        20.475000381469727        90.011573641554548     
   53.600000000000001        20.500000000000000        90.014739317076859     
   53.549999999999997        20.524999618530273        90.019168094639241     
   53.500000000000000        20.549999237060547        90.024861659874432     
   53.450000000000003        20.575000762939453        90.031825905757700     
   53.399999999999999        20.600000381469727        90.040053935189889     
   53.299999999999997        20.625000000000000        90.001283138220927     
   53.250000000000000        20.649999618530273        90.012120592015009     
   53.200000000000003        20.674999237060547        90.024231554470802     
   53.149999999999999        20.700000762939453        90.037622049987462     
   53.049999999999997        20.725000381469727        90.004299589200016     
   53.000000000000000        20.750000000000000        90.020312760267288     
   52.950000000000003        20.774999618530273        90.037605439912937     
   52.850000000000001        20.799999237060547        90.008420409912631     
   52.799999999999997        20.825000762939453        90.028358133146043     
   52.700000000000003        20.850000381469727        90.001972975690975     
   52.649999999999999        20.875000000000000        90.024553832213513     
   52.549999999999997        20.899999618530273        90.000981420157359     
   52.500000000000000        20.924999237060547        90.026218320829400     
   52.399999999999999        20.950000762939453        90.005476630759333     
   52.350000000000001        20.975000381469727        90.033376842221728     
   52.250000000000000        21.000000000000000        90.015466205544143     
   52.200000000000003        21.024999618530273        90.046036186935012     
   52.100000000000001        21.049999237060547        90.030973106350586     
   52.000000000000000        21.075000762939453        90.017388684937103     
   51.899999999999999        21.100000381469727        90.005274296444085     
   51.850000000000001        21.125000000000000        90.041293008822763     
   51.750000000000000        21.149999618530273        90.032048170803478     
   51.649999999999999        21.174999237060547        90.024288535988291     
   51.549999999999997        21.200000762939453        90.018023969197202     
   51.450000000000003        21.225000381469727        90.013244369594346     
   51.350000000000001        21.250000000000000        90.009959297672012     
   51.250000000000000        21.274999618530273        90.008171655760364     
   51.149999999999999        21.299999237060547        90.007884242700868     
   51.049999999999997        21.325000762939453        90.009106904255475     
   50.950000000000003        21.350000381469727        90.011828029336968     
   50.850000000000001        21.375000000000000        90.016057155807218     
   50.750000000000000        21.399999618530273        90.021796665575735     
   50.649999999999999        21.424999237060547        90.029048835691682     
   50.549999999999997        21.450000762939453        90.037823486307317     
   50.399999999999999        21.475000381469727        90.002854536557678     
   50.299999999999997        21.500000000000000        90.014765114930910     
   50.200000000000003        21.524999618530273        90.028197375487821     
   50.100000000000001        21.549999237060547        90.043153056919849     
   49.950000000000003        21.575000762939453        90.014825612978797     
   49.850000000000001        21.600000381469727        90.032944537227564     
   49.700000000000003        21.625000000000000        90.007999977893206     
   49.600000000000001        21.649999618530273        90.029291378250946     
   49.450000000000003        21.674999237060547        90.007750239683361     
   49.350000000000001        21.700000762939453        90.032231131901128     
   49.200000000000003        21.725000381469727        90.014104906722110     
   49.100000000000001        21.750000000000000        90.041765374343044     
   48.950000000000003        21.774999618530273        90.027064235756669     
   48.799999999999997        21.799999237060547        90.014138394096335     
   48.649999999999999        21.825000762939453        90.003000028763950     
   48.549999999999997        21.850000381469727        90.037175024146237     
   48.399999999999999        21.875000000000000        90.029471465533746     
   48.250000000000000        21.899999618530273        90.023553345769699     
   48.100000000000001        21.924999237060547        90.019423006099544     
   47.950000000000003        21.950000762939453        90.017092370556369     
   47.799999999999997        21.975000381469727        90.016544077929467     
   47.649999999999999        22.000000000000000        90.017789620395376     
   47.500000000000000        22.024999618530273        90.020830692485035     
   47.350000000000001        22.049999237060547        90.025668826478309     
   47.200000000000003        22.075000762939453        90.032315678116447     
   47.049999999999997        22.100000381469727        90.040751991253515     
   46.850000000000001        22.125000000000000        90.008817369262886     
   46.700000000000003        22.149999618530273        90.020984481986147     
   46.549999999999997        22.174999237060547        90.034954483523819     
   46.350000000000001        22.200000762939453        90.008954572476810     
   46.200000000000003        22.225000381469727        90.026662225885261     
   46.000000000000000        22.250000000000000        90.004651434123076     
   45.850000000000001        22.274999618530273        90.026099671619178     
   45.649999999999999        22.299999237060547        90.008093187928438     
   45.500000000000000        22.325000762939453        90.033294953212774     
   45.299999999999997        22.350000381469727        90.019295714911635     
   45.100000000000001        22.375000000000000        90.007367256771161     
   44.950000000000003        22.399999618530273        90.038237412611210     
   44.750000000000000        22.424999237060547        90.030317667231273     
   44.549999999999997        22.450000762939453        90.024481175019517     
   44.350000000000001        22.475000381469727        90.020703945040353     
   44.149999999999999        22.500000000000000        90.018997458807661     
   43.950000000000003        22.524999618530273        90.019361101231013     
   43.750000000000000        22.549999237060547        90.021794023666388     
   43.549999999999997        22.575000762939453        90.026307706372833     
   43.350000000000001        22.600000381469727        90.032875825289594     
   43.100000000000001        22.625000000000000        90.002002936143853     
   42.899999999999999        22.649999618530273        90.012837110441637     
   42.700000000000003        22.674999237060547        90.025733052027064     
   42.450000000000003        22.700000762939453        90.001607468463575     
   42.250000000000000        22.725000381469727        90.018757814215576     
   42.049999999999997        22.750000000000000        90.037962600304297     
   41.799999999999997        22.774999618530273        90.020538476280905     
   41.549999999999997        22.799999237060547        90.005439004787505     
   41.350000000000001        22.825000762939453        90.031078677830649     
   41.100000000000001        22.850000381469727        90.020480509161871     
   40.850000000000001        22.875000000000000        90.012196545052632     
   40.600000000000001        22.899999618530273        90.006222708561808     
   40.350000000000001        22.924999237060547        90.002554606295504     
   40.100000000000001        22.950000762939453        90.001201898450347     
   39.850000000000001        22.975000381469727        90.002130943707670     
   39.600000000000001        23.000000000000000        90.005350649941263     
   39.350000000000001        23.024999618530273        90.010855364447224     
   39.100000000000001        23.049999237060547        90.018639121796696     
   38.850000000000001        23.075000762939453        90.028710621225642     
   38.549999999999997        23.100000381469727        90.004150329594466     
   38.299999999999997        23.125000000000000        90.018870008613916     
   38.049999999999997        23.149999618530273        90.035841544043720     
   37.750000000000000        23.174999237060547        90.018586317581580     
   37.450000000000003        23.200000762939453        90.003856833823946     
   37.200000000000003        23.225000381469727        90.027810693323644     
   36.899999999999999        23.250000000000000        90.017922276590042     
   36.600000000000001        23.274999618530273        90.010516000567819     
   36.299999999999997        23.299999237060547        90.005581629898401     
   36.000000000000000        23.325000762939453        90.003124752564958     
   35.700000000000003        23.350000381469727        90.003101999246581     
   35.399999999999999        23.375000000000000        90.005518030795983     
   35.100000000000001        23.399999618530273        90.010361008954163     
   34.799999999999997        23.424999237060547        90.017618699757534     
   34.500000000000000        23.450000762939453        90.027295320140951     
   34.149999999999999        23.475000381469727        90.004489216927638     
   33.850000000000001        23.500000000000000        90.019045221703308     
   33.500000000000000        23.524999618530273        90.001369499872879     
   33.200000000000003        23.549999237060547        90.020763828221689     
   32.850000000000001        23.575000762939453        90.008173848620700     
   32.549999999999997        23.600000381469727        90.032345433785849     
   32.200000000000003        23.625000000000000        90.024740648381297     
   31.850000000000001        23.649999618530273        90.019674906248042     
   31.500000000000000        23.674999237060547        90.017129619657652     
   31.149999999999999        23.700000762939453        90.017103806201348     
   30.800000000000001        23.725000381469727        90.019541859940489     
   30.449999999999999        23.750000000000000        90.024441720044322     
   30.100000000000001        23.774999618530273        90.031782888522656     
   29.699999999999999        23.799999237060547        90.008338572797655     
   29.350000000000001        23.825000762939453        90.020638361195111     
   28.949999999999999        23.850000381469727        90.002330012802545     
   28.600000000000001        23.875000000000000        90.019459369804224     
   28.199999999999999        23.899999618530273        90.006188851052144     
   27.850000000000001        23.924999237060547        90.028070600914916     
   27.449999999999999        23.950000762939453        90.019754997649031     
   27.050000000000001        23.975000381469727        90.013905369649976     
   26.649999999999999        24.000000000000000        90.010512568293350     
