-86  2134.8955722468204
-85  986.99995883627
-84  700.5206306601582
-83  549.3377001326593
-82  461.6627766000795
-81  412.0799883341019
-80  380.8905969836869
-79  350.78009720233956
-78  311.46679989951366
-77  269.36210714014305
-76  234.90105023374727
-75  211.77646178295393
-74  198.65890598074236
-73  192.76905381869273
-72  192.2420765734522
-71  195.72944622786437
-70  202.21687182575457
-69  210.63064712544028
-68  239.77578329762673
-67  273.11471547750847
-66  299.0241188278329
-65  322.095836969886
-64  343.3691648357493
-63  363.3964417129726
-62  382.62113393354497
-61  401.1484068424888
-60  419.1995227677051
-59  436.4779829479238
-58  453.4177435706322
-57  469.7871202817053
-56  485.85896511960414
-55  501.4223892600884
-54  516.8494459523232
-53  531.5372643375189
-52  546.2243413994205
-51  560.4126582804643
-50  574.1356643072714
-49  587.6839064879291
-48  601.0168894948245
-47  614.0909773600989
-46  626.859652670468
-45  638.6571969778478
-44  650.6377583171704
-43  662.3330961465653
-42  674.0144665500137
-41  684.4494279410196
-40  695.1662168883233
-39  705.7768910173302
-38  715.7048715925639
-37  724.8896903582505
-36  734.8961183671639
-35  743.2878012078945
-34  752.5040376853228
-33  760.6208317828622
-32  767.8089773757144
-31  776.0733441361592
-30  783.1265231881
-29  789.8415253341677
-28  795.7672888095652
-27  802.2767263507557
-26  807.6985280981046
-25  812.9808633389675
-24  818.1236510796126
-23  822.8487036586323
-22  826.8908062713887
-21  830.4636444532034
-20  834.3621365296689
-19  837.006182500892
-18  839.6700919017445
-17  842.1070968263632
-16  843.4798039028329
-15  845.1389903666926
-14  846.2479612873485
-13  846.5496256090215
-12  846.8197061468777
-11  846.803944176146
-10  845.6593538520743
-9  844.4574995208967
-8  842.6522627280032
-7  841.0615601299086
-6  838.3190625133327
-5  834.9573412043975
-4  831.4951628627365
-3  827.4017114344696
-2  823.1864071201621
-1  817.8230598623642
0  812.3268319158512
1  806.4115276608336
2  799.8502769988141
3  792.6456723618444
4  784.759785716833
5  776.4883135280049
6  767.5379279070415
7  757.719609080868
8  748.1288372442099
9  736.8016327880739
10  725.4611479599314
11  713.0785106489521
12  700.2346767447635
13  686.3949392277667
14  671.5689245647812
15  655.6211380456276
16  638.7807374590785
17  620.8874924536584
18  601.5598335233593
19  580.4793780076295
20  557.5193241932152
21  531.5630404504217
22  501.3921613247649
23  460.50646708630035
24  421.97677790493844
25  408.5934016520378
26  397.7654178871765
27  391.69992989557477
28  390.22893905161453
29  389.4567403768573
30  384.5477534766268
31  374.7422772461354
32  366.8670532715376
33  370.21082703860856
34  390.9993531201156
35  433.2745334443391
36  501.6820109110461
37  606.3224034130212
38  767.985384270516
39  1032.809898893728
40  1546.636571961646
41  3619.1055759241763
