-86  2047.472761586673
-85  967.8937372596076
-84  690.841654036716
-83  543.3678512183727
-82  457.43912427531046
-81  408.7115513082
-80  378.01098042368756
-79  348.33630832050414
-78  309.5385800798554
-77  267.91876388449685
-76  233.80264051764692
-75  210.8832595717268
-74  197.87272240959592
-73  192.02870996417636
-72  191.50576724602882
-71  194.96623356927145
-70  201.40233283128353
-69  161.0277667809407
-68  135.57956504013896
-67  112.52590243021875
-66  92.38939869655461
-65  76.71700252472402
-64  65.98901122281032
-63  58.67612499870185
-62  53.017554953667975
-61  48.42537359681448
-60  44.593654845465196
-59  41.92098122692458
-58  40.27290118764256
-57  39.316516230899374
-56  39.4465556972099
-55  44.28247691926905
-54  6.091822888749091
-53  4.784344181080854
-52  5.9070021775735135
-51  7.59805006480463
-50  9.114970015182568
-49  10.351394580550725
-48  11.405188183194857
-47  12.379423743382857
-46  13.251241631771006
-45  14.0331013687571
-44  14.797697991465206
-43  15.54719074981653
-42  16.260708366548574
-41  16.867310793802307
-40  17.50945920068454
-39  18.115786740663456
-38  18.64923503555202
-37  19.22226420471841
-36  19.761519569410734
-35  20.187959337273714
-34  20.786012503219144
-33  21.1710504053168
-32  21.569108567562136
-31  22.05396386088201
-30  22.418149114931218
-29  22.83352960659163
-28  23.201173029085147
-27  23.574502028863638
-26  23.932814041398522
-25  24.296286319685464
-24  24.60563702492833
-23  24.97468745726535
-22  25.192276287915362
-21  25.54379564682827
-20  25.837006834761354
-19  26.047764954647135
-18  26.24772456821464
-17  26.509092613573998
-16  26.714348930123357
-15  26.96004688495881
-14  27.003109874801346
-13  27.242053753036817
-12  27.48035210386316
-11  27.53288951834853
-10  27.744876035783857
-9  27.875785031674987
-8  27.895786738379076
-7  27.91657733288491
-6  27.98419273720273
-5  28.02955850734954
-4  28.03320165168043
-3  28.17067776503553
-2  28.212193204415815
-1  28.276521421692284
0  28.315747148844117
1  28.209227505708157
2  28.22766116315485
3  28.2302630034984
4  28.21581048445257
5  28.107492494454362
6  28.049986356224007
7  27.834170712026964
8  27.74304027390882
9  27.681739651241628
10  27.46511358089063
11  27.316450620029038
12  27.31630502255521
13  27.023764153064093
14  26.793044034433574
15  26.608094138017094
16  26.38573020196006
17  26.166530612294864
18  25.816815404326796
19  25.552963544753553
20  25.290418952271082
21  24.973670406611483
22  24.6760615171245
23  24.23656068725768
24  23.827382237927228
25  23.43834050472793
26  23.135445084193933
27  22.820686423928016
28  22.39151601355852
29  22.125042755414892
30  21.665573288076928
31  21.301538927241726
32  20.82810516980968
33  20.384653005425662
34  19.954634830016214
35  19.59176739904668
36  19.192805484803436
37  18.750885451053826
38  18.2511881850873
39  17.708032394209656
40  16.895754052353855
41  16.237615199676352
42  15.630703432984241
43  15.083686797984594
44  14.510738340945121
45  14.047491873201905
46  13.59922908560693
47  13.172782880373054
48  12.641996583492686
49  12.14163247968542
50  11.595471121898715
51  10.93307335338992
52  10.127291320529189
53  9.037387469260047
54  7.551702740491954
55  4.475870497424452
56  6.127304144672104
57  18.60628346701715
58  94.96935501609359
59  739.4278466850941
60  4141.586116542292
61  33333.33333333333
62  33333.33333333333
