-69  688.4862126713685
-68  312.9714291338408
-67  191.74066925514254
-66  133.877038035279
-65  100.80386949048264
-64  81.75464548502116
-63  70.02364067965414
-62  61.58346233738646
-61  55.1040448665353
-60  49.92706632942275
-59  46.396527481411034
-58  44.21820279806376
-57  42.925861466554046
-56  42.95063042815982
-55  48.59565981734412
-54  57.836135786006366
-53  64.01470870112533
-52  69.28122660176852
-51  74.02380857058952
-50  78.40543471377765
-49  82.49371127618193
-48  86.37235497056504
-47  90.05093933991542
-46  93.57280649781634
-45  96.94604943048965
-44  100.17799862821576
-43  103.29137884245519
-42  106.29365513124291
-41  109.19501429189253
-40  111.98467069340487
-39  114.71035892984847
-38  117.29531232193862
-37  119.83204356211621
-36  122.25406019403827
-35  124.62819349402784
-34  126.87671477305238
-33  129.09406157913455
-32  131.17147479689848
-31  133.2224883780867
-30  135.18367071902358
-29  137.09051770871963
-28  138.8764039122922
-27  140.60877589307424
-26  142.2320767911583
-25  143.85813370817115
-24  145.35847665994143
-23  146.786169744856
-22  148.17133659326674
-21  149.45415224330955
-20  150.7014913177336
-19  151.84299541886762
-18  152.9344890546822
-17  153.91802545167528
-16  154.86326046244824
-15  155.6944764635384
-14  156.4790683235401
-13  157.207583160118
-12  157.82214518464903
-11  158.39732478380984
-10  158.93052932658713
-9  159.33302987270957
-8  159.70470235909997
-7  159.97464804934998
-6  160.1685017386431
-5  160.2812524728646
-4  160.34224289287434
-3  160.31621768974958
-2  160.22947907657024
-1  160.04534737931905
0  159.78099355789027
1  159.45605440962765
2  159.08006181533884
3  158.57937047596502
4  158.02784159530947
5  157.40279381037953
6  156.71022580519556
7  155.9133634041161
8  155.01353852067325
9  154.11010889905288
10  153.05377164881324
11  151.97447443465995
12  150.8101243806823
13  149.50269474432318
14  148.13360816713916
15  146.69545927310742
16  145.18656316738043
17  143.5799358047209
18  141.8854212326198
19  140.0908048435015
20  138.1939790665979
21  136.21213901969156
22  134.12830593261486
23  131.96470906229072
24  129.70509639434385
25  127.32931484907868
26  124.82046290631799
27  122.22327363822649
28  119.50682710855452
29  116.65095397279663
30  113.64350572529112
31  110.5113166569575
32  107.21190652500532
33  103.72609686945391
34  100.05289335086684
35  96.14306317000236
36  91.963090599505
37  87.40989892644852
38  82.38161095035758
39  76.51678026155098
40  68.17296441205734
41  62.94659037821059
42  59.15183115194274
43  56.50975208687351
44  54.962584524003354
45  54.828693094946765
46  55.88852696363365
47  57.59781336122549
48  60.231287098545224
49  64.34996486813242
50  71.63050170006997
51  84.00525153978862
52  105.05268752029771
53  152.45287814755838
54  394.4803256845021
55  100000
